Discrete Fourier Transform of sunspots

  k         Re(c_k)          Im(c_k)     
    1     14423.342773    -15162.353516
    2     -1008.422302    -16833.980469
    3     -9699.522461     16566.134766
    4    -15003.277344       503.006409
    5     -6534.957520    -14091.724609
    6     -1459.197510     -9156.085938
    7     -6037.054688      4073.176758
    8     -2327.082764      3197.904785
    9      5542.413574      5553.756348
   10     -5065.773438     -1037.861816
   11      1088.059937     -4588.306641
   12     -4018.308105     -7471.763672
   13       969.654907      2435.729980
   14     -3059.854736      4009.655273
   15      3011.587646      1378.562744
   16     -6189.492676      2062.789307
   17     -7555.296875     -2798.688721
   18      1796.648315     -4742.481445
   19      4016.787598      4343.314941
   20      3168.867676      8895.147461
   21     -2069.270020      -694.006958
   22    -21165.226563     11862.951172
   23     -2678.553467    -13962.810547
   24      4729.572754     44629.160156
   25     31964.058594      5050.211914
   26     33693.832031    -11992.755859
   27       544.582214      2042.258057
   28     -1830.988525     12692.293945
   29      2522.724854      1618.100586
   30     -6670.036621      -302.822510
   31    -15159.144531     -7882.031738
   32     -7853.987305     -9757.677734
   33      -136.866394      6011.410156
   34      4712.126465      -202.838562
   35      7324.293945      3143.332031
   36      2382.865234      2892.910156
   37     -3811.167725      3158.879395
   38      -631.939880     -1501.420166
   39       884.976563      3789.424805
   40      -602.968994      -663.548340
   41     -2562.931152       411.263702
   42       479.964050      1720.652954
   43      -445.055115      3413.766113
   44     -3330.964600      -491.613922
   45      5437.749023      -261.515991
   46     -5913.390137      2658.540039
   47       930.362671     -1087.298218
   48     -2110.884521      9863.702148
   49       444.290985      3519.732422
   50      5686.568359     -2686.560547
   51       268.404602     -4596.211426
   52     -1745.859497     -1408.913696
   53      2250.820068       883.789307
   54      5445.602051       737.353271
   55     -1961.178833      2015.714355
   56     -2117.166016      2913.232910
   57     -2676.371094      3477.268311
   58     -1577.414551      1043.001831
   59      -119.848953     -1388.240845
   60      1538.272461     -2056.755371
   61      1447.029053       373.579712
   62      1750.320557      -654.881897
   63      1998.160889      1298.598145
   64      -410.330475      4244.202148
   65       518.867188      -401.098877
   66      -176.727615      3388.803955
   67      -629.426758      1507.825806
   68      -106.087166     -1509.720947
   69       823.200928      -628.944153
   70     -1667.430298      1643.941528
   71      1870.404053       490.474762
   72     -1052.997192      2678.353516
   73       574.952148      -589.556274
   74      1331.495972       629.675354
   75     -1697.826172      -444.193604
   76     -3112.662109       664.720520
   77      -256.373260      -359.121429
   78      -915.959656      -684.497620
   79     -1174.140869      -333.752808
   80     -1117.306274       926.436340
   81       496.037018      2251.791260
   82      1765.408936      2871.425049
   83      1267.289917       254.520493
   84      1235.564697      1046.832764
   85     -1406.936401       688.530396
   86      -552.836365      -934.447388
   87      -145.306244       258.946960
   88      -500.259796      -651.321228
   89       714.802368      -150.622025
   90      1211.245850      2843.228271
   91      -992.377502      1380.296265
   92      -889.449097      1136.555176
   93      -675.514648      2490.627930
   94     -2071.053711       123.339348
   95       461.867218      1294.714478
   96      -553.230896       -98.193871
   97       562.646057     -1070.265869
   98       349.328247       481.654602
   99       233.603729     -1168.555664
  100     -1122.110840      -655.554932
  101       -99.422173       360.173737
  102      -705.792297       114.432198
  103      -332.010254      -795.816406
  104     -1422.484009       239.682831
  105     -1529.385376       298.887390
  106      -418.647491      1834.207031
  107        71.095345        97.212257
  108       151.744217      -241.481857
  109       -91.244377       623.896484
  110       923.074280      -271.830109
  111     -1142.458862      -943.593140
  112     -1000.352234     -1599.178711
  113     -2142.138184     -1012.743469
  114      -259.018768      1098.476440
  115       250.675964      1269.825073
  116       340.328278       163.714294
  117      -840.130371      1492.331665
  118       150.417038       170.835892
  119      -796.973083      1529.895874
  120      -395.542938      -740.146851
  121      1255.203003      -596.621765
  122      -724.066467     -1082.445190
  123      1066.569702      1367.432373
  124      1445.920898     -2293.371094
  125       576.490784      -494.425232
  126       264.434052      -140.657028
  127       735.359558      1024.524658
  128      -604.748779      1032.473877
  129       558.354370       250.748276
  130     -1482.484985       -86.343910
  131     -1876.965210      -209.642578
  132      -171.572906       -39.023396
  133     -1306.270142     -1386.961670
  134     -1141.175903      1185.968628
  135       446.802612      -745.710632
  136      1357.669800       632.266113
  137       182.498642     -1211.660889
  138       603.651306      -368.143372
  139     -1618.585449      -514.359558
  140       -38.073837       324.140930
  141     -1412.300171       -72.347702
  142      -263.358490      1214.678711
  143       117.940331       605.516907
  144       974.194031        93.846680
  145       970.958374       249.182495
  146      1011.498291       332.566406
  147      -532.660461       -39.089062
  148       224.264740      1601.870239
  149      1284.426758       484.871307
  150       294.647003      -854.637085
  151       290.937561        57.294411
  152       242.093292      -910.374084
  153        90.602608      -252.410767
  154       727.980530       557.769165
  155        64.371155       269.566528
  156      -973.332764       410.687042
  157       -16.286766        24.802193
  158     -1853.091187      -565.311157
  159      -348.121185       295.031494
  160     -1266.738892      -521.613586
  161       406.029022      -440.444031
  162      -617.377869      1215.850464
  163       396.126190        -4.755195
  164      -167.269760      -564.782532
  165      -449.923920      -286.346619
  166      -237.543503       -30.925917
  167       722.925110       767.359680
  168       819.125488       325.485992
  169      -176.752365     -1191.528076
  170     -1159.609741       149.882538
  171      -318.155396       780.713562
  172       789.800659      -523.535522
  173       168.849136       805.701599
  174      -778.360291       522.899536
  175       469.913818       110.226799
  176      -420.099030      1619.685791
  177       977.143433       981.959167
  178      1364.342773       -91.309837
  179      -539.019531       -27.752766
  180     -1673.307129       -79.706924
  181      -175.893875       870.791931
  182       373.558044      -779.333740
  183     -1345.931519      -950.128174
  184      -794.473755      -317.377563
  185       416.780731      -826.751404
  186      -387.018219       255.120117
  187       158.250015       154.023178
  188      2372.364990       678.322449
  189      -175.907654       835.751099
  190       603.668274        51.984295
  191      -259.037231       485.063812
  192      -647.348022        26.680582
  193      -254.277084      1285.636230
  194      1003.670166       625.250061
  195      -674.374695     -1244.331665
  196      -370.981232       991.180054
  197      -596.182617      1932.965454
  198       240.638824      -927.982971
  199      -237.291534       293.025696
  200     -1287.443970       116.212868
  201     -1055.480957      -182.710938
  202       827.069458      1349.515015
  203       138.944183      -951.143066
  204      -804.568420     -1703.219604
  205      -572.193115       525.807251
  206      -390.553680       926.547241
  207      1508.053711      -749.240417
  208      -287.824982       -75.998909
  209        42.879951      -371.858978
  210       562.578552        63.602074
  211      -411.631104     -1096.520020
  212     -1027.490601      1487.238770
  213      -337.180725      -654.571777
  214      -685.275452     -1181.383057
  215       -22.673956      1326.479858
  216       183.239883      1090.711670
  217       320.732788     -1160.847046
  218      -167.578918      1123.130493
  219      -756.189819      -147.211960
  220        23.642017      -761.803345
  221     -1226.860840       655.194580
  222     -1248.924438     -1045.019897
  223      1059.298462       710.181702
  224      -455.993073      -230.190613
  225      1239.660645     -1299.303711
  226       149.631989      -369.879639
  227       741.907959       604.518738
  228      2081.838135     -2013.350952
  229       395.393127       350.121704
  230       208.565186       443.310394
  231       746.501343      2143.231201
  232     -1013.127991      1004.880127
  233      -223.371872       237.242859
  234      -169.380585       764.336365
  235      -300.586334       539.753784
  236      -106.677162      -789.448242
  237      -832.728943      -761.667480
  238       859.529358       329.532501
  239       798.533325     -1203.874756
  240     -1457.165161     -2020.878784
  241      -301.429535       -90.512512
  242      -928.809998      1458.785034
  243      -536.763611      1310.332153
  244       813.890991      1641.899536
  245     -2166.077637      1557.565063
  246       760.872742       571.604248
  247       -50.234108      -437.398224
  248      -321.088867     -1497.711426
  249       628.049988       370.580933
  250      1095.936401       944.878723
  251       386.235077       970.373352
  252      1534.424683      1464.079834
  253      -285.390015      -750.847778
  254      -818.465088       208.437317
  255      -622.480591       860.322021
  256      -195.290573       100.516777
  257      1125.036499      -699.757019
  258     -1796.068115        12.216009
  259      -354.548553       -52.830959
  260      -485.300415       274.230835
  261      1466.016968     -1494.594482
  262      -517.131226     -1458.246216
  263      -656.348083       137.860382
  264       305.479584      -464.182831
  265       996.513062      -313.847076
  266     -1019.928223      -397.491547
  267       -50.800869      -791.106812
  268      -856.335327      1939.875732
  269     -1515.434937       358.607056
  270      -548.577148      -606.388306
  271     -1676.877319       807.320251
  272       809.382874      -312.954041
  273     -1055.067261      -914.128723
  274      -646.715576       299.246857
  275       258.027618      1288.552490
  276       758.172241        77.086960
  277      1976.141479       268.759827
  278      -411.929230       290.185791
  279      -838.156555        26.533859
  280       517.603577       162.311707
  281       350.651794       693.599365
  282       -61.386303     -1101.854736
  283       -30.598364      -807.057312
  284     -1384.229004      -334.596344
  285      -645.161316      1114.637329
  286      1143.050659      -230.264587
  287       378.792664      -314.583862
  288      -341.728210     -1597.026855
  289       205.539108        61.110016
  290       958.503784      -729.053589
  291       873.223022       130.154480
  292     -1003.662781      1382.524292
  293      -393.198853       550.253418
  294      -191.697906      1762.736572
  295      -557.490906      -466.959534
  296       294.847992       137.690475
  297      1429.538086      -594.570496
  298       460.443115     -1436.157471
  299      -436.117950     -2833.670898
  300       750.242737       356.199677
  301       547.217285       612.209961
  302       565.389221     -1610.688477
  303        95.723152       934.448364
  304        95.953499       661.399353
  305       335.600189       961.871277
  306       252.925034      -170.459061
  307      -735.489807      -442.208130
  308      -723.764954      -771.955872
  309      -732.955811       331.661713
  310      -228.768097      -374.802277
  311        71.137680      -110.500107
  312       138.171158     -1018.470764
  313       401.563110       294.481873
  314      -273.963837      -262.961548
  315      1062.566650       622.391479
  316        -1.233728      -432.466705
  317      -238.877121       686.171082
  318       494.845734       833.956726
  319       127.318146       677.352600
  320      -412.636902       599.843506
  321       164.801849      1060.244873
  322       177.302292       -17.756474
  323       758.361877      -117.741753
  324      1137.729370       615.178284
  325       -62.635529      -628.023865
  326      1132.964355       337.433960
  327       129.472946      -329.044342
  328       192.669464      -687.537598
  329       274.620697      -381.004700
  330        32.249424       -79.032059
  331      -829.330627      -484.228485
  332        26.783014      1155.740479
  333     -1404.136841      1229.228027
  334      -147.494583       408.759399
  335       969.317505       272.633972
  336      1024.932739      -723.760559
  337       234.308578      -687.489319
  338       239.695358        -9.769615
  339      -103.503113       763.892395
  340       687.380615       737.327637
  341     -1170.616943      -774.633728
  342      -919.957336       560.677063
  343       507.753967      1724.669800
  344        59.799553        45.306980
  345      -154.215820      -259.009735
  346       523.391968      1774.824585
  347      -569.264221      -482.940521
  348       703.038452       -69.713799
  349      -129.575195      -519.795837
  350      -493.248474       -15.248361
  351       267.365417       845.473083
  352       407.748657       616.660828
  353       -60.448433       686.457397
  354      -595.046509      -333.201813
  355       112.412865       233.855988
  356      -429.329742      -514.361328
  357     -1207.435913      -598.840210
  358      -468.733795       281.210358
  359     -1590.951660       985.904114
  360       571.180420       646.363953
  361       917.743713      -599.785217
  362      -620.645203     -1300.049316
  363       660.255432       675.677856
  364       808.761658       104.145096
  365      -187.958725       -58.150288
  366       439.844055       143.541229
  367     -1960.459106      -125.784012
  368     -2163.447998       352.414795
  369       503.259399      -379.752197
  370      -954.243530      -526.649963
  371       864.506714       -84.992905
  372       -62.257984       104.624924
  373       -22.752495      -333.022766
  374       484.114380      -327.428680
  375      -797.500244       155.640121
  376       773.995239       999.593994
  377      -113.870758      -405.249664
  378       870.353027      1099.297852
  379      -641.695740      -931.892761
  380     -1656.613647      -382.867615
  381       216.723282      1246.572754
  382       384.777954      -171.124451
  383      -271.528320      -815.178467
  384       623.624084       221.601898
  385       -54.535141       539.234314
  386       639.763184         5.155979
  387       893.320313     -1241.446045
  388     -1260.005127      1135.559937
  389       737.361023      -551.722046
  390       493.821167       962.692993
  391      -707.180908       361.762299
  392       -28.648514      -402.612579
  393       973.716614       112.647575
  394       352.824585       -67.827934
  395       177.722260     -1536.633301
  396       570.279419       167.224228
  397      -194.433197      -164.430801
  398      -742.905945       565.981995
  399        69.606750       336.634064
  400     -1378.674805      1305.085571
  401       175.207169      1141.499512
  402       531.241394      -420.486969
  403      -680.618530       960.682007
  404       896.817932     -1125.808716
  405      -671.523438     -1640.984985
  406     -1392.778076       274.376892
  407       777.302002      -466.323547
  408       404.303864      -659.268127
  409      -571.433716       813.199341
  410      -108.316605      -619.594360
  411       607.289612      1520.639282
  412      -933.348450      -929.452881
  413        34.518375      -292.610077
  414      -802.149841       290.441315
  415      -359.907288      -783.051819
  416       621.002197        20.245590
  417      -584.528931       323.862122
  418      -538.984314       285.978912
  419      1067.279053       -44.356899
  420      -403.936096       484.668549
  421       881.618958      -698.603699
  422       248.946365       -72.305687
  423      -768.882813      1039.397949
  424        78.760132      -600.529968
  425      -576.686584      -220.022263
  426      -759.877808       104.154358
  427     -1021.338135      -104.199059
  428       -86.628242       529.038330
  429      -454.215668       437.424591
  430       -49.517830       -51.132660
  431       659.137573       396.140900
  432      1414.510742      -623.293396
  433      -312.814270       -83.574654
  434       413.731598        91.927078
  435       240.590912       149.812637
  436        72.310616       182.647537
  437      -257.338196       389.050720
  438      -946.524841       185.380798
  439      -724.482605      -110.984138
  440      -275.037598      -595.700073
  441        98.392929      -809.067139
  442      -549.748047     -1321.060181
  443      -351.784576       186.635635
  444       -76.084808       286.889343
  445        10.017394       539.497681
  446       230.926956       776.163025
  447      -655.313171      -484.187653
  448      -719.692749       609.641785
  449      -204.821548       -85.057701
  450       220.715759       511.034790
  451      -473.472809      -486.541077
  452      -605.271301       -30.541515
  453        89.157181       269.812561
  454       982.579163       328.399628
  455      -889.039490     -1099.549438
  456       304.899811       724.153748
  457      -415.775726       660.578613
  458       348.892395      -138.200638
  459      -418.089478       406.057068
  460      -167.918350      -198.407959
  461      -217.814453      -103.792862
  462      -666.681519       402.854156
  463      -858.616760      -561.727051
  464       -83.405357        -1.633144
  465       468.851410       -71.142479
  466      -312.965149      -678.161011
  467       509.011322     -1937.123413
  468       204.420975      -404.900787
  469       -87.532074        47.127567
  470      -677.619751      -532.949646
  471       254.401474       266.168182
  472      -701.088440       632.128479
  473      -326.069977      -338.004547
  474       -41.368500      1121.533081
  475      -392.123779      -544.063599
  476       151.874130      -368.902893
  477       587.839478       254.718323
  478      -902.593384       546.696838
  479      1397.218384      -463.225861
  480       172.633575       499.821472
  481     -1215.928223     -1117.396118
  482       183.788651      -950.466980
  483      -656.064209       223.121521
  484       256.136108       388.151672
  485       868.457214      -338.532593
  486     -1342.403076      -182.513779
  487      -219.312561      -811.234131
  488       361.385376       337.790253
  489       910.262024      -196.928162
  490      1094.124878      -587.122559
  491       314.459930      -654.898743
  492      -195.230072       669.208130
  493      -487.624146      -547.736511
  494       150.646347       129.416550
  495      -606.036987       178.996246
  496      -698.541687      -792.328674
  497       206.794067      -154.913223
  498     -1068.085815      -394.555084
  499       248.043365       678.653076
  500       935.112671      -336.367004
  501      -722.711975       320.559998
  502       627.905396      -199.704590
  503       869.854370       -47.357128
  504     -1044.480469       100.406853
  505       686.077026      -919.112610
  506      -175.032028      -224.178543
  507       563.910400      -245.046555
  508      -576.238892      -791.573242
  509      -712.982788       379.244507
  510     -1086.019043       697.560547
  511       -18.426859      -235.735733
  512        54.516304      -127.090866
  513        -6.254739       944.778320
  514      1004.296204       296.383911
  515      1163.041260       -25.098042
  516      -174.322052      -502.895844
  517      -628.799866       511.177460
  518       594.938599       604.544495
  519      -114.483093       685.865784
  520      -522.405579       362.984283
  521      -916.494507      -127.586403
  522      -287.015228      -828.361938
  523       204.989120      -574.685852
  524      -173.177811      -469.843567
  525      1280.481079       256.631226
  526      -227.238205       703.860168
  527       558.893372       814.491028
  528       433.624084       297.287628
  529      -174.108292         4.008548
  530      -174.405777      -155.419754
  531       902.513916      -264.950745
  532      -101.508224      -978.817261
  533       637.270325      -740.006714
  534      -104.791664     -1178.980835
  535       310.759949       -89.218224
  536      -246.871002        59.254841
  537       225.901245        90.802444
  538       465.834564       887.098267
  539        16.583313       713.236267
  540      -129.238892       329.563660
  541        43.716351      -296.887115
  542       579.675781      1014.225037
  543      -621.789917      -183.429703
  544      1292.569580       477.121063
  545      -658.023865       -25.072029
  546       359.731934      -674.588684
  547        56.958401       339.369537
  548       -64.034721      -291.795868
  549      -315.093384       358.393372
  550      -185.721329        41.765244
  551      -605.653320       319.139343
  552      -225.056503      -251.939041
  553       264.981750       280.378052
  554      -191.514450      -364.706696
  555      -614.304199      1239.033447
  556      -354.459991      -302.263336
  557      1199.515625      -385.383881
  558       -76.280151     -1007.103882
  559      -813.451599      -800.474060
  560       248.610840      -749.580444
  561       457.432373       -77.260452
  562      -817.414673       246.255371
  563       394.433990       235.435089
  564      -286.815186      1067.602905
  565      -270.021515       234.923401
  566      -949.878296      1222.752319
  567       740.017090      -972.871216
  568       381.219849      -150.282501
  569       352.850800      -195.901596
  570      -219.541687       219.960709
  571      -127.822464       835.859314
  572      -131.637482       845.785950
  573       453.586914       235.931381
  574        35.754662       -28.864079
  575      -615.238342        43.425209
  576       736.641296       -71.805382
  577      -196.977554       -97.946999
  578        75.438118      -280.316711
  579      -322.348755     -1153.560913
  580       -50.754604      -431.067566
  581      -299.008301      1123.424927
  582       559.073853       245.210083
  583       687.808655       -65.265381
  584      -709.222595       250.163971
  585      -341.662567       277.648376
  586      1019.415527     -1000.046936
  587       665.325684      -511.343018
  588      -752.941833      -665.643250
  589       625.365540       803.700317
  590     -1179.027466       354.910919
  591      -621.336609       -45.999088
  592       966.140625       976.445007
  593      -149.768616       -57.747749
  594       497.852234     -1255.347168
  595       694.628479       649.206543
  596      -445.453613       612.460938
  597       303.213501       196.579239
  598       501.701630      1572.022461
  599       331.897003       420.017944
  600       -55.100681      -273.550049
  601       -72.680603      -126.403893
  602       -58.456089      -812.405579
  603       -17.494169     -1107.821655
  604       -34.619797      -992.471436
  605       -33.517273      -209.822372
  606      -807.144409       334.665833
  607       490.177948      1782.326782
  608       -36.594170       399.145294
  609      -345.794830       345.544952
  610       380.260986       849.712097
  611      1035.933960       911.306885
  612       718.822754     -1303.080811
  613     -1018.340881      -766.682434
  614     -1270.524414       126.401306
  615       918.674438      -260.023468
  616      -417.738892       909.942139
  617     -1298.648315       136.298355
  618      1683.170532       249.079681
  619       144.342499       419.634888
  620       -32.697739       103.300545
  621       949.500366        34.974480
  622        67.157883      1023.669067
  623        -3.218304       -63.291050
  624      -332.922211      -229.872360
  625     -1112.468994      -245.452179
  626      -231.566849       690.832275
  627      -318.214844        43.075603
  628       860.257141      -417.143738
  629      -402.286926     -1023.663879
  630       405.914368      -280.148834
  631      -573.772522       906.811646
  632      -254.218704       366.665833
  633       648.862915      1351.874268
  634       663.830994      1352.412964
  635        -7.885333      1420.170044
  636       287.884369       627.034241
  637       701.281372       731.674622
  638       -93.607101     -1108.671875
  639        16.606731      -405.990082
  640      -332.573486       146.654465
  641       869.209290      -534.246582
  642      -233.936249      -804.186157
  643       316.568756       547.508484
  644       159.121719      -448.933960
  645      -319.292175       837.202393
  646       577.198120       373.694458
  647      -508.801544       746.555847
  648       -49.064682      -743.351929
  649      -265.778656     -1132.611816
  650     -1200.056641       226.487747
  651      -620.773926       556.270935
  652        94.900536      -893.445313
  653        89.746407        96.943314
  654      -634.844299       234.903534
  655      -683.621460       606.761414
  656       806.935059       797.006958
  657        18.467346      -470.382690
  658      -153.868988       835.622437
  659       256.371979       520.354797
  660       799.580627       629.175415
  661      -286.675110       517.983337
  662      -446.714691        55.668476
  663     -1422.133057       353.091156
  664      -266.629211      -660.752747
  665      -429.982086        81.321861
  666       979.570679       193.098587
  667       565.153870     -1127.981567
  668       956.604126       -98.320602
  669       126.350937       459.699799
  670      -153.509735      1330.482910
  671      -122.197121      -546.822876
  672     -1388.220825       440.130951
  673      -689.920654       641.945679
  674      -195.937988      -351.363098
  675      -767.340149      -673.824463
  676       856.938843       294.856262
  677       224.307755       422.140167
  678      -234.435928       403.343964
  679        49.562008       973.173950
  680      -758.287231      1146.874756
  681      -241.872055       822.806335
  682      -934.855591       775.962219
  683       337.811554       280.058746
  684       438.577362       732.067688
  685       122.287498      -229.370819
  686      -255.647873      -235.829071
  687       -42.468971       -66.644592
  688       -56.201511       261.117126
  689      -422.761200      -442.583466
  690     -1006.244141       452.260803
  691       820.251770      -625.973938
  692       244.938644      -266.908264
  693      -503.406586      -564.921265
  694      -547.091003      -161.988083
  695      1000.786316       667.421143
  696       317.075562       735.232361
  697      -705.390991      -881.326111
  698      -953.311340       516.027039
  699     -1184.251831       179.273453
  700      -308.686462      -546.456665
  701      -367.929993      -697.645813
  702       510.221313      -291.725342
  703      -551.607056      1334.026245
  704       205.138046       165.989365
  705      -189.821655       627.415039
  706      -358.208801      -258.552826
  707     -1249.125977       517.007996
  708       112.747856       168.709763
  709       112.626900      -492.816559
  710        81.255455      -331.752289
  711       332.003052      -462.743286
  712       403.454315       873.413147
  713      1504.410522      -530.689331
  714      -669.199707      -102.361237
  715       -96.974213      -534.520203
  716       -11.824839       174.583008
  717      -707.051208      -533.364197
  718      -105.689171      -674.721252
  719      -445.356079         6.259229
  720      -824.842468      -223.483398
  721        15.985797      -313.113098
  722      -616.217651      -344.183624
  723     -1229.534058        17.470318
  724      -605.131348       764.135193
  725      -235.970398      -439.811066
  726      -381.115570       297.395294
  727      -916.669312      -234.032913
  728       237.466614      -370.943146
  729      -100.900047       -87.510330
  730       145.432602      1068.765503
  731      -120.612099       596.113159
  732         7.886789      1526.579224
  733       587.462036       745.563110
  734      -168.537415      -965.430420
  735        -9.713004      -133.237610
  736       457.291351      -845.404236
  737       223.368164       450.320374
  738      -365.046356       482.012451
  739       246.357697      -374.236633
  740      -102.029228       721.898682
  741       753.268860       345.224854
  742       221.166275      -253.425232
  743      -790.994751      -212.019638
  744      -232.940079      -693.952454
  745      -481.472321      -310.514801
  746      -846.528870      -304.532806
  747      -194.645233      -305.804443
  748      -342.279541      -625.903137
  749      -696.652405       442.188324
  750      -164.512024       253.952957
  751       874.268982        83.466537
  752      -535.378296        12.305824
  753         9.681950      -789.464111
  754      -555.845276      -764.934143
  755      -864.808105      -239.628311
  756      1028.547607       -55.623837
  757       602.317200       -19.832924
  758       -56.865494       -84.167679
  759       651.445068      -103.778343
  760      -921.809265       368.539948
  761        77.885445       142.735397
  762      -838.532776       -86.202621
  763      -264.196716      -695.685059
  764        18.222088      -208.870148
  765      -337.752533       351.501343
  766       311.423523       106.842056
  767       709.717651      -410.047852
  768      -206.196518      -111.121941
  769      -623.204590      -720.490540
  770      -962.239319         7.705682
  771       341.200012       -91.898842
  772      -581.048889      -291.618866
  773      -418.659302      -142.459427
  774      -114.563553      -855.381226
  775      -106.838158        68.942375
  776      -229.647675      -492.500702
  777       425.179749       282.473022
  778       -22.505209       459.653229
  779      -660.297852     -1280.670532
  780      -168.352646       401.464325
  781     -1033.380005       848.592346
  782      1192.495850        79.703217
  783      1272.346313       -58.931641
  784       219.569214      -604.144653
  785      -192.652527       274.760193
  786      -217.693832        82.505501
  787        83.597603       754.678711
  788       236.425079      -107.441277
  789      -306.335999      -726.325684
  790       -83.191086      -844.365295
  791       473.473358        24.680182
  792        91.651840      -871.174133
  793       359.173981       251.069733
  794      -122.760597      -189.403854
  795      -554.839478       379.359070
  796      -116.358162       233.185104
  797        57.345024       401.924927
  798       231.409531      -885.845520
  799       185.333755      -188.503296
  800       556.457703        59.350983
  801      -238.476608      -338.279175
  802      -270.409180      -548.556091
  803       740.891235       -97.885208
  804      -783.130737       287.895630
  805       246.060974       129.095474
  806       415.267151       214.333725
  807       -45.735416       -27.345713
  808        78.586449       311.199097
  809       441.169708      -687.264221
  810      -588.154480      -335.952148
  811      -296.718628        83.426064
  812        96.203949      1213.788818
  813       545.597961      -335.440979
  814       584.472107       166.816605
  815       169.312805       -76.306046
  816       532.885803         1.301464
  817      -227.323792      -385.061859
  818       789.223816      -577.513977
  819      -625.654053        -4.047868
  820      -952.838379       566.090027
  821      -973.639343        51.712036
  822        59.007179       989.547363
  823        38.748840       559.229065
  824      -211.349777       188.213089
  825       568.104004      -124.282623
  826      -385.419617       150.797714
  827      -404.830719       329.928711
  828       277.935394       441.662659
  829       191.306763      -207.468063
  830      -399.365662      -463.455017
  831       748.409485       223.457489
  832      -206.888275       176.809555
  833       933.378540      -831.349609
  834       -97.430305      -345.647095
  835      -850.138062      -596.401855
  836     -1724.281860      -413.111359
  837      -189.146866       340.785217
  838       557.241394      -465.976868
  839      -485.073273       -58.112999
  840       813.846008      -248.927628
  841       256.839569      -143.679932
  842      -492.932556       738.696716
  843     -1020.601563      -771.097656
  844     -1069.589722       -61.050533
  845      -722.542114       497.750366
  846      -290.637848      -646.441711
  847     -1059.508423       -12.210027
  848        93.094666       437.171021
  849       181.628937       242.169525
  850       -31.659155        10.082028
  851       578.262207       125.258041
  852      -464.637909        74.777428
  853       190.362137       985.539124
  854      1332.361572       -60.583614
  855       386.679688       380.319305
  856      -322.067780      -694.336670
  857       319.567474      1166.199341
  858      -287.307922      -201.382523
  859       567.546448      -205.340744
  860       334.725281      -746.828064
  861       -22.792547      -630.451111
  862      -320.314972       226.426025
  863       485.061218      -418.835266
  864        22.308670      -177.191483
  865       499.997131       389.519470
  866       518.258606      -360.409058
  867      -207.694092      -524.524841
  868       351.079437       265.240356
  869      -521.408752     -1207.783569
  870      -996.372681       -61.031902
  871      -382.582214      -937.626831
  872      -543.647217      -999.479553
  873      -507.074615       346.163300
  874       442.874023      -643.950378
  875       258.844574         9.076584
  876       240.582962       328.209412
  877       500.665771       -35.922428
  878      -315.495697       277.991760
  879       224.244934       100.664841
  880       766.075928      -578.560852
  881       -43.158089       265.002136
  882       204.193893        56.217438
  883      -244.885956       222.582352
  884      -345.630920       -27.848055
  885      -586.893677       321.498505
  886       -80.294151       344.081421
  887       745.607422      -385.517303
  888       331.743286       897.956299
  889       320.026031        30.819906
  890      -107.577393       890.117432
  891       525.366516       536.842590
  892      -173.796616       346.339111
  893       321.112549      -182.216248
  894       449.999695      -769.304626
  895       145.287476      -791.592041
  896      -188.293518       -14.697887
  897        88.459427      -338.472687
  898      -156.295197       665.270935
  899        25.096918       668.937988
  900       450.928101      -383.236206
  901       268.340729       809.686951
  902       577.995178       468.922516
  903       360.770294      -111.834473
  904       235.634354       -40.573982
  905       -28.309853        45.650837
  906        -4.057088      -279.929626
  907       334.821075       131.883057
  908      -292.427155       236.832001
  909      -316.729034       218.662811
  910      -519.663635       439.458466
  911      -539.799438       882.920776
  912      -395.457031       383.956299
  913       990.044678       119.698334
  914       114.698753      -448.093964
  915      -271.483398       186.832947
  916       586.073547       409.696167
  917       367.550934       259.250366
  918       256.359528       307.065979
  919         6.781044       255.786530
  920       246.033493      -267.500336
  921       374.108124       195.054733
  922      -109.586143      -657.659302
  923      -549.360229      -109.174164
  924      -931.148560       345.903625
  925      -553.006775       -12.510990
  926      -729.505066      -498.794525
  927      -483.625793       830.430664
  928       148.518158      -759.650818
  929       618.978943       -67.785706
  930       228.932053       -30.977631
  931       199.507523      -174.955032
  932      -359.873566      -321.113617
  933       126.348145       287.228729
  934      -497.610535      -489.977142
  935      -622.257263       264.330750
  936      -656.366028      1113.280029
  937      -881.183105       371.143860
  938       -23.409689       184.524536
  939        34.611782      -626.353516
  940      -379.865112      -301.810974
  941       154.096725       575.894775
  942       928.735657       156.837006
  943      -133.104828       621.166016
  944      -119.925224       247.038315
  945      -271.716003       303.582642
  946       528.702271      -346.649506
  947       300.771271       909.033752
  948       -46.057404      -345.525513
  949     -1155.192627       527.939758
  950        75.589928       490.738403
  951      -757.066467      -685.394287
  952       113.329964      -535.206116
  953        38.127998      -378.244141
  954       411.460175      -513.223938
  955       154.461136       923.243713
  956       387.525757       193.679031
  957       227.402618       367.200287
  958      -783.789490       132.610245
  959       388.196381       291.974304
  960     -1131.868408        82.012154
  961       -96.742928        74.078651
  962      -341.701111      -168.735703
  963      -613.007813      -470.044647
  964      -906.242737        82.816719
  965        43.310078       -37.994301
  966       683.376099       496.408630
  967       356.830994      -360.328247
  968       748.034302       180.954636
  969        15.353021       169.644394
  970       508.524597       310.421875
  971       522.114929       307.095123
  972     -1209.492676      -191.229645
  973      -303.529144        50.053497
  974        12.038792       565.427368
  975       124.266533       -52.458782
  976       174.415771       185.206268
  977      -570.292664        28.518135
  978      -125.560806      -523.062988
  979        18.886738        12.269936
  980      -382.948120       112.780640
  981       611.647522       441.933258
  982      -263.295471      -610.865173
  983     -1467.719727       -20.619665
  984     -2141.927979       629.337524
  985      -640.932983       688.635132
  986       885.983459      -519.078796
  987       -11.016551      -830.907654
  988      -428.802185      -631.007874
  989       137.005188       411.385681
  990       116.647758      -127.148926
  991        64.480759      -426.961670
  992        72.160027       644.619873
  993      -503.924591       182.180740
  994       902.537231       131.082642
  995      -407.004089       730.979736
  996       376.894440      -891.352173
  997        51.930042      -376.919800
  998     -1103.787476       186.607178
  999      -369.246185       426.821167
 1000       228.251022       491.816437
 1001      -270.291779      -724.283691
 1002       479.335022       132.124847
 1003      -237.384796       150.459900
 1004      -224.591736       -56.402287
 1005       666.955383       -64.148705
 1006       -20.171936      -131.028595
 1007      -619.526123      -289.657867
 1008        31.521620      -712.640930
 1009       -98.496895       294.180267
 1010       494.633453       210.254044
 1011       430.654938      -310.967804
 1012      -280.328003      -742.478516
 1013     -1167.940186       -48.439358
 1014       184.410751       266.577911
 1015       105.298187      -642.227356
 1016      -117.097961      -490.581757
 1017      -166.469589       -10.588037
 1018      -102.752129       769.654236
 1019      -729.584290      -431.608429
 1020      -480.981293      -158.958282
 1021      -552.324463      -144.557327
 1022      -441.606018       136.374207
 1023       169.703918      -735.386963
 1024      -665.034607       396.841858
 1025       339.543610       103.228531
 1026       249.522446      -645.678467
 1027      -141.896118       684.065857
 1028       190.250092       101.882339
 1029       376.026581       692.398621
 1030       -48.803165       405.772736
 1031      -111.355362      -998.150818
 1032       422.128662        23.184586
 1033       272.318787       179.493210
 1034       560.594116        -5.036026
 1035       773.530945      -503.668915
 1036      -343.311523       236.740845
 1037      -176.989609      -671.705017
 1038      -661.389221       409.186676
 1039      -423.699371       422.219543
 1040       -19.316179       186.411713
 1041      -682.755859      -144.461136
 1042      -289.180023       386.630157
 1043       484.230927       137.546127
 1044       157.175034       234.063065
 1045      -430.272827       -64.919182
 1046      -582.712952      -464.296722
 1047      -617.148071      -206.342697
 1048        40.258938      -301.158966
 1049      -357.979706      -388.073090
 1050       395.480896      -494.817657
 1051       688.949036       560.370789
 1052        78.124435      -643.603333
 1053        46.390739       962.987366
 1054        13.985096       328.122742
 1055       589.661072       218.960541
 1056      -830.107422      -189.082764
 1057      -275.762054       154.602127
 1058      -312.593781      -306.501465
 1059       644.940125       -98.612648
 1060      -125.370407      -445.068939
 1061       518.599487      -848.910400
 1062      -550.716553        19.632484
 1063      -699.494568      -447.309967
 1064      -493.870850       440.043701
 1065        90.103210       -58.156914
 1066      -271.029205      -284.262512
 1067       531.392761       112.182350
 1068       359.246735       335.800293
 1069      -454.118134       641.438660
 1070      -789.112061      -594.658936
 1071        -9.754934        20.177176
 1072       104.870514      -155.919235
 1073      -579.305603      -679.052124
 1074      1100.025879       233.455750
 1075      -239.710754       527.600708
 1076      1507.927612      -320.948700
 1077      -693.371460      -669.377380
 1078       164.774643      -613.147156
 1079       547.298706       105.788445
 1080       219.647766       143.115234
 1081     -1100.152588        56.891102
 1082      -332.864990      -782.985352
 1083      -559.579163      1017.749939
 1084      -794.572815       -56.569344
 1085       525.020264       260.631134
 1086       363.889282        82.386459
 1087      1007.743774        53.659122
 1088       371.574982      -478.994385
 1089       501.352325       256.295898
 1090       381.074036       106.834885
 1091       249.895126      -647.173218
 1092      -212.990799       -39.988232
 1093      -583.680115      -728.729004
 1094       613.665161      -217.547165
 1095      -281.988586      -180.028137
 1096      -462.597046       881.222168
 1097      -293.072723      -206.999435
 1098       251.514404       -33.983433
 1099       564.960449      -126.273094
 1100       705.557068        -6.439703
 1101       514.979736      -487.591583
 1102       -76.005142      -100.616493
 1103     -1592.084839       841.159973
 1104      -119.055443        53.824242
 1105      -154.463913      -244.161621
 1106      -807.450134      -659.349487
 1107       -45.033951       459.225464
 1108      -154.792358       991.466309
 1109        44.827442       193.563889
 1110       375.971008       147.493347
 1111       -27.444681      -698.823181
 1112       741.254822       -79.807892
 1113       749.224915       349.891205
 1114       -96.235817       -15.673475
 1115       741.588562       292.218506
 1116      -908.753723       317.419250
 1117        29.290321     -1333.484741
 1118       181.194702        74.522141
 1119       426.506622      -306.740875
 1120       496.519409      -445.861511
 1121       228.290909       -84.198898
 1122       584.268738       716.225647
 1123       586.949463       561.768860
 1124       -21.943335       658.431335
 1125       217.717056        21.374413
 1126       -84.646347      -552.444153
 1127      -859.268066      -747.552795
 1128      -794.332520       257.970337
 1129      -674.671448       729.031311
 1130      -551.343933      -536.592224
 1131      -338.743835       597.724792
 1132      -851.908691       608.201050
 1133       297.120392       256.147125
 1134       618.210266       981.351013
 1135       501.658295       227.881149
 1136       -22.318176      -250.403122
 1137       -55.724545       470.460876
 1138         2.700907      -369.743164
 1139       496.352295      -168.421158
 1140      -435.673431      -558.638794
 1141       121.182732       176.950211
 1142      -641.638184      -190.342133
 1143      -216.483185      -462.020142
 1144       529.767090      -654.663696
 1145        76.155457       -82.941864
 1146       206.461075      -405.772461
 1147       608.117676       -36.153374
 1148      -620.674988       356.765259
 1149      -275.119385      -109.885513
 1150        35.433964       -52.550400
 1151        19.915220      -568.315125
 1152        -3.464133      -409.122681
 1153      -914.413025      -320.037354
 1154       -21.297403      -364.185699
 1155       361.755859        90.648064
 1156      -149.933014       307.552979
 1157       264.051483       571.767700
 1158        80.381760       444.858582
 1159       -27.829763       888.685791
 1160       152.009598       427.632385
 1161      -801.019653      -159.874908
 1162        86.779755       184.371475
 1163       531.001648       294.263031
 1164       700.576904       -21.957214
 1165      -142.904587      -551.153625
 1166       280.824799       744.981689
 1167       231.473267      -162.296661
 1168       280.333466       557.563843
 1169       382.932648      -351.981812
 1170       -48.758228        30.262442
 1171       -82.284630       224.144730
 1172       234.034103      -431.853363
 1173        41.164917      -742.537292
 1174       346.266266      -181.287399
 1175       423.744995       -90.827087
 1176       365.850128       226.405289
 1177      -156.871307      -111.078430
 1178      -146.785599        36.285576
 1179      -241.030304       199.531006
 1180      -768.362793       209.075058
 1181       358.612427       285.198303
 1182       532.542236       283.896545
 1183       -80.640106      -244.977661
 1184      -147.043808      -202.692841
 1185      -120.602478       204.789871
 1186      -340.910583       -82.313034
 1187       -22.335283       -65.176399
 1188       -83.009842      -198.830750
 1189       398.212921       293.704681
 1190       -95.225906       666.221680
 1191       -46.783432       695.966003
 1192       150.186234        91.911293
 1193      -273.337830        83.863167
 1194      -608.544617        81.628143
 1195      -557.968689       359.970490
 1196       -81.196304       454.754242
 1197       557.347473      -268.341156
 1198      -118.514091      -404.810944
 1199       118.733444      -532.562683
 1200       511.103210      -449.704193
 1201       227.980423       104.721672
 1202        67.803642       -97.240479
 1203      -404.740631       133.253113
 1204      -286.688477       403.447571
 1205      -121.927788      -212.427582
 1206      -125.020370        57.552811
 1207        48.614765      -480.401550
 1208         7.590636      -389.654907
 1209       391.233765        30.593868
 1210      -481.882202       162.726807
 1211       369.593781       832.638184
 1212      -458.211914      -100.931686
 1213       278.339600      -231.562958
 1214      -474.357086        53.050900
 1215      -389.427826      -136.938126
 1216        75.623459       246.800720
 1217       493.164886       426.323120
 1218       212.771469      -560.120239
 1219      -486.851593      -172.016113
 1220      -428.435394      -291.144165
 1221      -349.655762       188.141205
 1222       116.168350       113.443520
 1223      -243.129044      -589.014954
 1224      -340.776825       647.466797
 1225       679.733337       426.596954
 1226       106.598495      -279.760406
 1227       609.569946       309.885742
 1228      -181.148819      -364.199249
 1229       -45.940845       248.488510
 1230      -334.321289       430.195740
 1231      -317.177673      -114.875420
 1232       742.393982      -892.625732
 1233       200.298080      -129.409103
 1234       372.800507      -193.746552
 1235      -288.541199      -343.410461
 1236        -7.523382       620.130493
 1237      -104.087708       785.691833
 1238       301.862000      -127.772354
 1239       178.122925       276.370880
 1240        27.294264      -149.245499
 1241        82.633705       292.416321
 1242       433.299622         5.139910
 1243       179.283035      -110.176895
 1244      -810.184753       -18.516905
 1245      -438.357544       997.860596
 1246      -166.726135       598.028564
 1247       190.759689      -511.717133
 1248      -140.847473       604.748535
 1249      -522.368103       173.907089
 1250       107.856712       422.962067
 1251      -477.731995       806.083984
 1252       -23.692503       377.408203
 1253       169.534164       113.080940
 1254     -1001.439514      -623.826843
 1255      -361.486053      -522.439636
 1256       265.324402       342.266754
 1257        97.168785         6.783772
 1258       232.019775      -795.177124
 1259       725.018188       104.126587
 1260      -563.444824       273.972015
 1261       178.196945      -577.528809
 1262       430.121552       624.800049
 1263      -450.960907      -124.459198
 1264      -184.491837       172.643875
 1265      -737.243286      -605.314392
 1266      -349.454926       785.367126
 1267      -111.860191       771.930054
 1268       534.180603       383.836273
 1269      -145.595825       287.148804
 1270      -839.935791       300.868744
 1271       143.104233        19.391813
 1272       -54.773746      -399.103180
 1273      -731.062622      -752.169189
 1274         0.174345      -859.693359
 1275       135.831238      -378.285156
 1276       -45.439835       145.437531
 1277       493.828033       565.538574
 1278      -176.810074      -284.151978
 1279        36.735817      -123.967766
 1280      -777.050720       163.472824
 1281     -1100.502808        81.252617
 1282        -1.068834       329.219727
 1283       208.630264       397.790161
 1284      -162.051910      -115.071098
 1285       279.002411      -252.903885
 1286        88.021660      -135.772400
 1287        94.675323        52.836311
 1288        91.869675      -964.400085
 1289       -60.131355      -127.670555
 1290      -183.402588      -527.287720
 1291      -572.902771       475.592621
 1292      -204.584930      -174.279922
 1293        51.634441       769.023315
 1294       -36.597557      -237.083649
 1295       888.973755      -209.845703
 1296      -286.601990      -186.924835
 1297       -24.556856      -363.023193
 1298        80.411575      -100.493866
 1299      -289.508087       600.471863
 1300      -234.224930         8.257977
 1301      -391.608246       312.818481
 1302        47.155502       208.091278
 1303       479.889984       526.413513
 1304       455.814728        34.026577
 1305        53.933762       208.460114
 1306       110.216537      -455.760101
 1307      -533.054688       224.945160
 1308      -534.115112      -981.044861
 1309      -185.081055      -651.411438
 1310        35.769321       416.125427
 1311        35.037766      -201.085724
 1312       313.453949       324.506714
 1313       120.070053       321.336945
 1314       153.082657       -32.849205
 1315      -303.812378      -643.001404
 1316      -236.295349        61.975769
 1317      -636.361572       699.769592
 1318       106.905113       -19.547983
 1319       202.083862       260.027679
 1320       466.862579      -212.640060
 1321      -526.439697      -549.893494
 1322      -129.856079       -40.707836
 1323        83.466194       400.899597
 1324        51.736813      -396.986664
 1325      -304.654724       675.180847
 1326      -248.915009        65.615082
 1327      -644.991089       298.356293
 1328      -268.779114       417.070648
 1329      -136.430893       203.548340
 1330      -405.043579       645.140198
 1331       389.283966       133.945847
 1332       288.381012       -73.122650
 1333        48.527718     -1094.831909
 1334      -371.087891      -394.787079
 1335       242.459915      -291.521606
 1336       160.614151       368.799957
 1337       -74.087128      -221.557861
 1338       578.132568       230.911636
 1339     -1085.683594       194.918793
 1340       276.353821      -113.779915
 1341     -1061.040649      -436.496613
 1342      -789.792542       253.215225
 1343       349.715820      -334.874359
 1344       576.150513       394.864044
 1345       166.678482      -260.163940
 1346      -309.592163      -480.668671
 1347        -7.130651        62.833088
 1348       -98.780609      -190.962967
 1349      -161.642685      -671.595398
 1350       548.466919      -164.512024
 1351      -196.215485      -145.227921
 1352      -876.652527      -200.300491
 1353       338.006927       223.274673
 1354       128.359222       115.869370
 1355        93.059105       426.011566
 1356       279.585785       -91.227325
 1357      -377.412842       896.420471
 1358      -311.186951      -750.635010
 1359       403.795349      -827.195129
 1360      -685.404968       320.938354
 1361       150.075867      -991.897461
 1362      -348.550354       484.648315
 1363        19.386581       292.382599
 1364      -633.569763       180.244110
 1365       -68.904823       282.701630
 1366      -780.656982      -228.675400
 1367       124.537468       -68.591331
 1368       209.032532       129.135071
 1369       468.298492      -589.684448
 1370       443.882629      -414.102112
 1371      -167.326172      -149.853271
 1372       195.780579       200.631927
 1373       749.614868       193.583588
 1374      -125.122940      -406.000610
 1375       307.888977       269.028442
 1376       497.242126      -956.492798
 1377      -364.376099     -1061.239380
 1378       -63.980808       409.407440
 1379        54.373451       -32.878284
 1380       580.884644       -87.406929
 1381       106.936295       536.558716
 1382        98.693489        70.102242
 1383       881.361267       733.252014
 1384      -157.069229      -367.754517
 1385      -256.671906        30.417595
 1386        59.843533       -87.479317
 1387        68.490616      -691.154419
 1388      -363.215881      -474.096588
 1389       -34.101116       485.684845
 1390      -580.218628      -181.881058
 1391       768.020142       150.991913
 1392      -447.421204      -250.149155
 1393         0.152768      -177.367294
 1394       608.745056      -251.146973
 1395       535.542480       -49.184395
 1396       394.460266      -206.560760
 1397       -31.692316       589.132019
 1398       507.076355       -85.748787
 1399        11.565225      -248.147278
 1400        80.005386      -393.693420
 1401       420.364746        18.730555
 1402       445.903839      -112.694550
 1403      -647.933105       236.368195
 1404       646.415649       775.894287
 1405      -400.347870       112.386604
 1406      -323.014618       167.580429
 1407       -65.988358       335.494019
 1408      -345.831299       816.954651
 1409        47.563141        69.253059
 1410       -54.625450      -198.646759
 1411      -684.302917        -0.151439
 1412       367.508698      -211.989502
 1413      -346.556061      -668.162476
 1414       441.740356      -338.825470
 1415       513.566895       532.989929
 1416       691.326416       300.650482
 1417        35.141888        -6.359702
 1418      -273.054138       515.744934
 1419      -527.387939       232.690475
 1420       712.077881       362.585480
 1421        -2.944318       405.938141
 1422       167.166138      -527.885620
 1423      -381.627625      -474.334778
 1424       -61.179283      -188.773453
 1425      -161.762436      -448.667694
 1426        90.718544       606.973999
 1427       241.712097       222.972336
 1428      -718.048584       674.770142
 1429         5.070120       752.415039
 1430       126.333176      -241.488464
 1431        36.844738      -146.644150
 1432       146.561798       -67.664093
 1433       196.336456      -121.827225
 1434       120.590561        51.049992
 1435       222.181976       139.617416
 1436      -442.002655      -141.633423
 1437      -194.300751       -27.892130
 1438       139.265411       540.391541
 1439       576.600159      -157.234650
 1440       -66.075439       260.087799
 1441       759.977173       575.083130
 1442      -263.565338       358.621979
 1443       -54.542957         2.228118
 1444      -113.507553       608.042542
 1445       -77.627945        92.385437
 1446       331.007385      -336.594696
 1447       505.360229        11.904045
 1448      -412.245850     -1050.251953
 1449      -155.298019      -592.717896
 1450       228.267426      -193.078278
 1451       -42.228283       277.359161
 1452      -101.510994      -684.468079
 1453       -30.714859       180.402512
 1454      -472.869843       741.814148
 1455      -213.154846      -149.964722
 1456       347.924011        50.037086
 1457        43.745514      -821.864563
 1458       411.353760      -199.892487
 1459       753.968750       182.181519
 1460      -132.073227       417.240662
 1461        27.632631       -69.793129
 1462      -426.680298       542.342285
 1463      -948.164001       739.113281
 1464       237.583420       -15.111463
 1465      -415.494080       929.075317
 1466      -450.622772      -255.483688
 1467      -412.835266        16.918106
 1468         2.422290       377.955139
 1469       588.770386      -295.706848
 1470       789.381958       250.697769
 1471       802.807068       -38.382969
 1472        59.304081       749.667969
 1473       536.507324      -317.082672
 1474       499.723694       -31.764208
 1475     -1074.130493      -226.164291
 1476        41.689007       -37.209644
 1477       338.370972       235.933914
 1478      -672.695068       374.992096
 1479       483.422394      1033.642700
 1480      -342.093262       442.911987
 1481       374.530212       166.147812
 1482       263.249207      -114.883644
 1483     -1145.303101       468.488251
 1484      -465.598572      -642.727844
 1485       -64.521523      -182.316833
 1486       133.212601       197.831085
 1487      -519.947449      -153.691055
 1488       144.232559       684.462830
 1489      -215.047073       241.015427
 1490      -349.370636      -307.912201
 1491      -234.290436       421.170563
 1492      -226.216934      -174.204803
 1493       442.823151       315.245758
 1494       415.987915       273.434875
 1495       596.518555       401.047668
 1496        23.818972       233.664047
 1497       262.508972       253.565582
 1498       -96.437233       959.968567
 1499      -184.678635       -27.349525
 1500     -1025.884277     -1070.520874
 1501      -471.467804       938.343384
 1502      -238.650635      -416.399689
 1503      -600.838806      -652.229797
 1504        86.363091       382.589935
 1505       396.040771        92.949692
 1506       715.921021       555.002258
 1507      -387.432404      -226.978119
 1508      -953.477112      -345.726471
 1509      -193.750641       409.623535
 1510      -847.137207       296.782623
 1511       -65.511200      -640.543030
 1512       375.779022        35.771671
 1513       222.306656       155.525894
 1514       506.266022        79.610809
 1515       -65.555534      -441.146271
 1516      -352.655487       244.937866
 1517      -955.565796       -62.163406
 1518      -303.220642       599.526672
 1519      -166.976212       -19.172239
 1520       180.019196       293.686188
 1521       476.129822       433.882324
 1522      -659.806519      -117.202499
 1523       289.523682       272.963776
 1524       377.196167      -372.620667
 1525      -698.187622      -208.192581
 1526      -397.486603       103.915222
 1527       309.226807       235.750854
 1528      -133.576813       -31.056597
 1529      -523.955200      -191.652573
 1530       214.167770        41.120419
 1531        60.124508      -501.898712
 1532       796.176453      -307.140381
 1533      -351.075470       356.516571
 1534      -380.453796       401.021545
 1535        -4.686705        26.629726
 1536       364.226013       744.238464
 1537      -478.654907       315.168121
 1538      -307.372162        41.180489
 1539       323.516632       270.539185
 1540      -533.411438       173.899857
 1541       515.822754      -303.005005
 1542      -448.010956        -3.702463
 1543      -470.476532       -47.978104
 1544      -217.594604      -292.632538
 1545      -772.205200       403.003967
 1546       132.691833       123.354179
 1547      -638.409790       326.321625
 1548       523.555176       506.209473
 1549      -344.640839        15.043824
 1550      -147.304016       160.743698
 1551       234.798584       197.638275
 1552       510.813690       182.419876
 1553      -227.773819      -319.515259
 1554      -274.766357       -33.591541
 1555      -729.522034      -495.888916
 1556      -247.910416      -101.177567
 1557      -259.195465      -250.657516
 1558      -488.321777      -648.372864
 1559       163.557770       321.670502
 1560      -242.016998       400.906158
 1561        36.583584       614.168579
 1562      -385.190155       166.721100
 1563      -463.509857       519.235718
 1564       -62.961067       245.898300
 1565        60.925243       480.302673
 1566       814.483643      -121.077362
 1567       -72.111420      -751.818604
 1568       100.145622      -102.100334
 1569      -108.213509       426.709595
 1570      -840.817993      -274.053864
 1571      -615.959167      -890.620850
