Spin lattice of Ising model with T = 3.0 at step n = 1000000

1 -1 1 -1 -1 -1 1 1 1 -1 -1 -1 -1 1 1 1 1 -1 -1 1 
1 1 -1 -1 -1 -1 -1 -1 1 -1 -1 -1 -1 1 1 1 1 -1 -1 -1 
1 1 -1 -1 -1 1 1 -1 -1 -1 -1 -1 -1 1 1 1 1 -1 -1 1 
1 1 1 1 1 1 1 1 -1 -1 1 -1 1 1 1 1 1 1 1 1 
1 1 1 1 1 1 1 -1 -1 -1 -1 -1 -1 -1 1 1 1 1 1 1 
1 1 1 1 1 1 1 -1 -1 -1 -1 -1 -1 -1 1 1 1 1 1 1 
-1 -1 -1 1 1 1 1 -1 1 -1 -1 -1 1 1 1 1 1 1 1 -1 
-1 -1 -1 -1 1 1 -1 -1 -1 -1 -1 -1 -1 1 -1 1 -1 1 -1 -1 
-1 -1 -1 -1 1 1 1 1 1 1 1 -1 -1 -1 -1 -1 -1 -1 -1 -1 
-1 -1 1 1 1 -1 -1 1 1 -1 -1 -1 -1 -1 -1 1 1 1 -1 -1 
-1 1 -1 -1 -1 -1 -1 1 1 1 -1 -1 -1 1 -1 1 1 -1 -1 -1 
-1 -1 1 -1 -1 -1 -1 1 -1 -1 -1 1 -1 -1 -1 -1 -1 -1 -1 -1 
-1 -1 -1 -1 -1 -1 -1 1 -1 -1 -1 -1 -1 1 -1 -1 -1 -1 -1 -1 
-1 -1 -1 1 -1 1 -1 1 -1 -1 -1 -1 -1 1 1 -1 -1 -1 1 -1 
-1 -1 -1 1 1 1 -1 1 1 1 -1 1 1 1 -1 -1 -1 -1 -1 -1 
-1 -1 -1 1 1 -1 1 1 1 1 -1 -1 -1 -1 -1 -1 -1 -1 -1 1 
-1 -1 -1 1 1 1 1 1 -1 -1 -1 -1 -1 -1 -1 -1 -1 -1 -1 -1 
-1 -1 1 1 -1 1 1 1 -1 -1 -1 -1 -1 -1 -1 -1 1 -1 -1 -1 
-1 -1 -1 1 -1 -1 1 -1 -1 -1 -1 -1 -1 -1 1 -1 -1 1 1 1 
1 -1 -1 1 -1 -1 -1 -1 1 1 1 -1 -1 -1 1 1 1 1 1 1 
