Spin lattice of Ising model with T = 1.0 at step n = 0

1 1 1 -1 1 1 1 -1 1 -1 -1 -1 -1 -1 1 1 -1 -1 -1 1 
1 1 1 -1 1 1 1 -1 -1 -1 -1 1 1 -1 -1 1 1 -1 -1 1 
1 1 -1 -1 -1 -1 -1 -1 1 1 1 1 -1 1 -1 1 1 -1 -1 1 
1 -1 1 1 1 1 -1 -1 1 -1 -1 1 1 1 1 -1 -1 1 1 1 
1 -1 1 1 1 -1 1 -1 -1 -1 1 1 -1 1 -1 -1 -1 1 1 -1 
-1 1 -1 -1 1 -1 1 1 1 1 1 -1 1 -1 -1 1 -1 -1 1 -1 
-1 -1 -1 -1 -1 1 1 -1 -1 -1 1 -1 -1 1 1 1 -1 -1 1 1 
1 1 1 1 -1 1 1 -1 -1 -1 1 -1 1 1 -1 -1 1 -1 -1 1 
1 -1 1 -1 -1 -1 1 1 1 -1 -1 -1 -1 -1 -1 1 -1 1 -1 -1 
1 -1 -1 1 1 1 1 1 1 -1 -1 -1 1 -1 1 -1 -1 -1 1 -1 
-1 -1 1 -1 1 -1 -1 1 -1 1 1 -1 1 1 -1 1 1 -1 1 -1 
-1 1 -1 1 1 1 1 -1 1 1 1 1 -1 1 -1 1 1 1 -1 -1 
1 1 -1 1 -1 1 -1 -1 1 -1 1 -1 1 -1 -1 -1 -1 -1 1 1 
-1 1 1 1 -1 1 1 1 -1 -1 1 -1 -1 1 -1 1 1 -1 -1 -1 
1 -1 1 -1 -1 -1 1 1 -1 1 1 -1 1 1 1 1 -1 -1 1 -1 
1 1 -1 1 1 -1 1 1 -1 1 1 -1 1 -1 1 -1 -1 1 1 1 
1 -1 -1 1 -1 -1 -1 -1 1 -1 1 1 -1 -1 -1 -1 1 1 -1 -1 
1 -1 -1 -1 -1 -1 1 -1 1 -1 1 1 1 1 1 -1 -1 -1 1 1 
1 1 1 1 1 1 1 -1 -1 1 -1 1 -1 1 1 1 -1 1 -1 -1 
-1 1 -1 -1 1 -1 -1 -1 -1 1 -1 -1 -1 1 1 -1 -1 1 1 -1 
