The Belousov–Zhabotinsky reaction with modified midpoint method
dx / dt = 1 - (b + 1) * x + a * x ^ 2 * y
dy / dt = b * x - a * x ^ 2 * y
a = 1, b = 3, x_0 = 0, y_0 = 0, accuracy delta = 1e-10, H = 20

       t            x             y
0.000000e+000 0.000000e+000 0.000000e+000
1.000000e-002 1.010589e-002 1.549598e-004
2.000000e-002 1.980326e-002 6.163055e-004
3.000000e-002 2.910863e-002 1.371648e-003
4.000000e-002 3.803787e-002 2.409091e-003
5.000000e-002 4.660619e-002 3.717214e-003
6.000000e-002 5.482820e-002 5.285046e-003
7.000000e-002 6.271796e-002 7.102050e-003
8.000000e-002 7.028893e-002 9.158106e-003
9.000000e-002 7.755405e-002 1.144349e-002
1.000000e-001 8.452578e-002 1.394886e-002
1.100000e-001 9.121603e-002 1.666524e-002
1.200000e-001 9.763627e-002 1.958401e-002
1.300000e-001 1.037975e-001 2.269690e-002
1.400000e-001 1.097104e-001 2.599594e-002
1.500000e-001 1.153849e-001 2.947349e-002
1.600000e-001 1.208309e-001 3.312222e-002
1.700000e-001 1.260578e-001 3.693507e-002
1.800000e-001 1.310745e-001 4.090527e-002
1.900000e-001 1.358896e-001 4.502633e-002
2.000000e-001 1.405115e-001 4.929200e-002
2.100000e-001 1.449480e-001 5.369628e-002
2.200000e-001 1.492068e-001 5.823343e-002
2.300000e-001 1.532952e-001 6.289792e-002
2.400000e-001 1.572203e-001 6.768445e-002
2.500000e-001 1.609887e-001 7.258793e-002
2.600000e-001 1.646070e-001 7.760348e-002
2.700000e-001 1.680813e-001 8.272641e-002
2.800000e-001 1.714176e-001 8.795223e-002
2.900000e-001 1.746215e-001 9.327662e-002
3.000000e-001 1.776987e-001 9.869545e-002
3.100000e-001 1.806543e-001 1.042047e-001
3.200000e-001 1.834933e-001 1.098007e-001
3.300000e-001 1.862207e-001 1.154797e-001
3.400000e-001 1.888409e-001 1.212381e-001
3.500000e-001 1.913585e-001 1.270727e-001
3.600000e-001 1.937777e-001 1.329803e-001
3.700000e-001 1.961026e-001 1.389576e-001
3.800000e-001 1.983372e-001 1.450019e-001
3.900000e-001 2.004850e-001 1.511102e-001
4.000000e-001 2.025499e-001 1.572798e-001
4.100000e-001 2.045351e-001 1.635081e-001
4.200000e-001 2.064441e-001 1.697926e-001
4.300000e-001 2.082799e-001 1.761310e-001
4.400000e-001 2.100457e-001 1.825208e-001
4.500000e-001 2.117442e-001 1.889600e-001
4.600000e-001 2.133784e-001 1.954463e-001
4.700000e-001 2.149509e-001 2.019778e-001
4.800000e-001 2.164642e-001 2.085526e-001
4.900000e-001 2.179208e-001 2.151688e-001
5.000000e-001 2.193231e-001 2.218245e-001
5.100000e-001 2.206733e-001 2.285182e-001
5.200000e-001 2.219736e-001 2.352481e-001
5.300000e-001 2.232260e-001 2.420126e-001
5.400000e-001 2.244325e-001 2.488104e-001
5.500000e-001 2.255951e-001 2.556400e-001
5.600000e-001 2.267155e-001 2.624999e-001
5.700000e-001 2.277955e-001 2.693888e-001
5.800000e-001 2.288368e-001 2.763055e-001
5.900000e-001 2.298410e-001 2.832489e-001
6.000000e-001 2.308096e-001 2.902176e-001
6.100000e-001 2.317441e-001 2.972106e-001
6.200000e-001 2.326459e-001 3.042268e-001
6.300000e-001 2.335164e-001 3.112653e-001
6.400000e-001 2.343568e-001 3.183249e-001
6.500000e-001 2.351684e-001 3.254049e-001
6.600000e-001 2.359524e-001 3.325042e-001
6.700000e-001 2.367099e-001 3.396220e-001
6.800000e-001 2.374421e-001 3.467576e-001
6.900000e-001 2.381499e-001 3.539100e-001
7.000000e-001 2.388344e-001 3.610786e-001
7.100000e-001 2.394965e-001 3.682626e-001
7.200000e-001 2.401372e-001 3.754613e-001
7.300000e-001 2.407574e-001 3.826741e-001
7.400000e-001 2.413578e-001 3.899003e-001
7.500000e-001 2.419394e-001 3.971393e-001
7.600000e-001 2.425028e-001 4.043905e-001
7.700000e-001 2.430489e-001 4.116533e-001
7.800000e-001 2.435783e-001 4.189272e-001
7.900000e-001 2.440918e-001 4.262117e-001
8.000000e-001 2.445899e-001 4.335063e-001
8.100000e-001 2.450734e-001 4.408105e-001
8.200000e-001 2.455429e-001 4.481239e-001
8.300000e-001 2.459988e-001 4.554460e-001
8.400000e-001 2.464418e-001 4.627763e-001
8.500000e-001 2.468724e-001 4.701146e-001
8.600000e-001 2.472911e-001 4.774604e-001
8.700000e-001 2.476984e-001 4.848133e-001
8.800000e-001 2.480948e-001 4.921730e-001
8.900000e-001 2.484807e-001 4.995391e-001
9.000000e-001 2.488566e-001 5.069114e-001
9.100000e-001 2.492228e-001 5.142895e-001
9.200000e-001 2.495798e-001 5.216731e-001
9.300000e-001 2.499280e-001 5.290618e-001
9.400000e-001 2.502676e-001 5.364556e-001
9.500000e-001 2.505991e-001 5.438540e-001
9.600000e-001 2.509228e-001 5.512568e-001
9.700000e-001 2.512391e-001 5.586638e-001
9.800000e-001 2.515481e-001 5.660748e-001
9.900000e-001 2.518503e-001 5.734895e-001
1.000000e+000 2.521459e-001 5.809077e-001
1.010000e+000 2.524352e-001 5.883291e-001
1.020000e+000 2.527184e-001 5.957537e-001
1.030000e+000 2.529959e-001 6.031812e-001
1.040000e+000 2.532677e-001 6.106115e-001
1.050000e+000 2.535343e-001 6.180443e-001
1.060000e+000 2.537957e-001 6.254794e-001
1.070000e+000 2.540522e-001 6.329168e-001
1.080000e+000 2.543041e-001 6.403563e-001
1.090000e+000 2.545514e-001 6.477977e-001
1.100000e+000 2.547944e-001 6.552409e-001
1.110000e+000 2.550333e-001 6.626857e-001
1.120000e+000 2.552683e-001 6.701320e-001
1.130000e+000 2.554995e-001 6.775797e-001
1.140000e+000 2.557270e-001 6.850287e-001
1.150000e+000 2.559510e-001 6.924788e-001
1.160000e+000 2.561718e-001 6.999299e-001
1.170000e+000 2.563893e-001 7.073820e-001
1.180000e+000 2.566038e-001 7.148349e-001
1.190000e+000 2.568154e-001 7.222885e-001
1.200000e+000 2.570242e-001 7.297428e-001
1.210000e+000 2.572303e-001 7.371976e-001
1.220000e+000 2.574338e-001 7.446528e-001
1.230000e+000 2.576349e-001 7.521084e-001
1.240000e+000 2.578336e-001 7.595643e-001
1.250000e+000 2.580301e-001 7.670204e-001
1.260000e+000 2.582245e-001 7.744766e-001
1.270000e+000 2.584168e-001 7.819329e-001
1.280000e+000 2.586071e-001 7.893892e-001
1.290000e+000 2.587956e-001 7.968453e-001
1.300000e+000 2.589823e-001 8.043014e-001
1.310000e+000 2.591673e-001 8.117572e-001
1.320000e+000 2.593506e-001 8.192128e-001
1.330000e+000 2.595324e-001 8.266680e-001
1.340000e+000 2.597127e-001 8.341229e-001
1.350000e+000 2.598915e-001 8.415773e-001
1.360000e+000 2.600690e-001 8.490313e-001
1.370000e+000 2.602453e-001 8.564847e-001
1.380000e+000 2.604202e-001 8.639376e-001
1.390000e+000 2.605941e-001 8.713898e-001
1.400000e+000 2.607668e-001 8.788413e-001
1.410000e+000 2.609384e-001 8.862921e-001
1.420000e+000 2.611090e-001 8.937422e-001
1.430000e+000 2.612787e-001 9.011915e-001
1.440000e+000 2.614474e-001 9.086400e-001
1.450000e+000 2.616153e-001 9.160876e-001
1.460000e+000 2.617824e-001 9.235342e-001
1.470000e+000 2.619487e-001 9.309800e-001
1.480000e+000 2.621142e-001 9.384248e-001
1.490000e+000 2.622790e-001 9.458686e-001
1.500000e+000 2.624432e-001 9.533113e-001
1.510000e+000 2.626067e-001 9.607530e-001
1.520000e+000 2.627697e-001 9.681936e-001
1.530000e+000 2.629321e-001 9.756330e-001
1.540000e+000 2.630939e-001 9.830714e-001
1.550000e+000 2.632553e-001 9.905085e-001
1.560000e+000 2.634162e-001 9.979445e-001
1.570000e+000 2.635767e-001 1.005379e+000
1.580000e+000 2.637367e-001 1.012813e+000
1.590000e+000 2.638964e-001 1.020245e+000
1.600000e+000 2.640557e-001 1.027676e+000
1.610000e+000 2.642147e-001 1.035106e+000
1.620000e+000 2.643734e-001 1.042534e+000
1.630000e+000 2.645318e-001 1.049961e+000
1.640000e+000 2.646899e-001 1.057386e+000
1.650000e+000 2.648478e-001 1.064811e+000
1.660000e+000 2.650055e-001 1.072233e+000
1.670000e+000 2.651629e-001 1.079655e+000
1.680000e+000 2.653202e-001 1.087075e+000
1.690000e+000 2.654773e-001 1.094493e+000
1.700000e+000 2.656343e-001 1.101910e+000
1.710000e+000 2.657912e-001 1.109326e+000
1.720000e+000 2.659479e-001 1.116740e+000
1.730000e+000 2.661045e-001 1.124152e+000
1.740000e+000 2.662611e-001 1.131563e+000
1.750000e+000 2.664176e-001 1.138972e+000
1.760000e+000 2.665740e-001 1.146380e+000
1.770000e+000 2.667304e-001 1.153787e+000
1.780000e+000 2.668868e-001 1.161191e+000
1.790000e+000 2.670432e-001 1.168594e+000
1.800000e+000 2.671995e-001 1.175996e+000
1.810000e+000 2.673559e-001 1.183396e+000
1.820000e+000 2.675123e-001 1.190794e+000
1.830000e+000 2.676687e-001 1.198190e+000
1.840000e+000 2.678252e-001 1.205585e+000
1.850000e+000 2.679817e-001 1.212978e+000
1.860000e+000 2.681383e-001 1.220370e+000
1.870000e+000 2.682950e-001 1.227760e+000
1.880000e+000 2.684518e-001 1.235148e+000
1.890000e+000 2.686086e-001 1.242534e+000
1.900000e+000 2.687656e-001 1.249919e+000
1.910000e+000 2.689227e-001 1.257302e+000
1.920000e+000 2.690798e-001 1.264683e+000
1.930000e+000 2.692372e-001 1.272063e+000
1.940000e+000 2.693946e-001 1.279441e+000
1.950000e+000 2.695522e-001 1.286817e+000
1.960000e+000 2.697100e-001 1.294191e+000
1.970000e+000 2.698679e-001 1.301563e+000
1.980000e+000 2.700259e-001 1.308934e+000
1.990000e+000 2.701842e-001 1.316303e+000
2.000000e+000 2.703426e-001 1.323670e+000
2.010000e+000 2.705012e-001 1.331035e+000
2.020000e+000 2.706600e-001 1.338398e+000
2.030000e+000 2.708189e-001 1.345760e+000
2.040000e+000 2.709781e-001 1.353119e+000
2.050000e+000 2.711375e-001 1.360477e+000
2.060000e+000 2.712971e-001 1.367833e+000
2.070000e+000 2.714569e-001 1.375187e+000
2.080000e+000 2.716170e-001 1.382540e+000
2.090000e+000 2.717772e-001 1.389890e+000
2.100000e+000 2.719377e-001 1.397238e+000
2.110000e+000 2.720985e-001 1.404585e+000
2.120000e+000 2.722594e-001 1.411930e+000
2.130000e+000 2.724207e-001 1.419273e+000
2.140000e+000 2.725821e-001 1.426613e+000
2.150000e+000 2.727439e-001 1.433952e+000
2.160000e+000 2.729058e-001 1.441289e+000
2.170000e+000 2.730681e-001 1.448624e+000
2.180000e+000 2.732306e-001 1.455958e+000
2.190000e+000 2.733934e-001 1.463289e+000
2.200000e+000 2.735564e-001 1.470618e+000
2.210000e+000 2.737198e-001 1.477945e+000
2.220000e+000 2.738834e-001 1.485271e+000
2.230000e+000 2.740473e-001 1.492594e+000
2.240000e+000 2.742115e-001 1.499915e+000
2.250000e+000 2.743760e-001 1.507235e+000
2.260000e+000 2.745407e-001 1.514552e+000
2.270000e+000 2.747058e-001 1.521868e+000
2.280000e+000 2.748712e-001 1.529181e+000
2.290000e+000 2.750369e-001 1.536492e+000
2.300000e+000 2.752028e-001 1.543802e+000
2.310000e+000 2.753691e-001 1.551109e+000
2.320000e+000 2.755358e-001 1.558414e+000
2.330000e+000 2.757027e-001 1.565718e+000
2.340000e+000 2.758699e-001 1.573019e+000
2.350000e+000 2.760375e-001 1.580318e+000
2.360000e+000 2.762054e-001 1.587615e+000
2.370000e+000 2.763736e-001 1.594910e+000
2.380000e+000 2.765422e-001 1.602203e+000
2.390000e+000 2.767110e-001 1.609494e+000
2.400000e+000 2.768803e-001 1.616783e+000
2.410000e+000 2.770498e-001 1.624070e+000
2.420000e+000 2.772197e-001 1.631354e+000
2.430000e+000 2.773900e-001 1.638637e+000
2.440000e+000 2.775606e-001 1.645917e+000
2.450000e+000 2.777315e-001 1.653196e+000
2.460000e+000 2.779028e-001 1.660472e+000
2.470000e+000 2.780744e-001 1.667746e+000
2.480000e+000 2.782464e-001 1.675018e+000
2.490000e+000 2.784188e-001 1.682288e+000
2.500000e+000 2.785915e-001 1.689556e+000
2.510000e+000 2.787646e-001 1.696821e+000
2.520000e+000 2.789380e-001 1.704085e+000
2.530000e+000 2.791118e-001 1.711346e+000
2.540000e+000 2.792860e-001 1.718605e+000
2.550000e+000 2.794605e-001 1.725862e+000
2.560000e+000 2.796355e-001 1.733117e+000
2.570000e+000 2.798108e-001 1.740369e+000
2.580000e+000 2.799865e-001 1.747620e+000
2.590000e+000 2.801625e-001 1.754868e+000
2.600000e+000 2.803390e-001 1.762114e+000
2.610000e+000 2.805158e-001 1.769357e+000
2.620000e+000 2.806930e-001 1.776599e+000
2.630000e+000 2.808706e-001 1.783838e+000
2.640000e+000 2.810486e-001 1.791076e+000
2.650000e+000 2.812270e-001 1.798310e+000
2.660000e+000 2.814058e-001 1.805543e+000
2.670000e+000 2.815850e-001 1.812773e+000
2.680000e+000 2.817645e-001 1.820002e+000
2.690000e+000 2.819445e-001 1.827228e+000
2.700000e+000 2.821249e-001 1.834451e+000
2.710000e+000 2.823057e-001 1.841673e+000
2.720000e+000 2.824869e-001 1.848892e+000
2.730000e+000 2.826685e-001 1.856108e+000
2.740000e+000 2.828506e-001 1.863323e+000
2.750000e+000 2.830330e-001 1.870535e+000
2.760000e+000 2.832159e-001 1.877745e+000
2.770000e+000 2.833992e-001 1.884953e+000
2.780000e+000 2.835829e-001 1.892158e+000
2.790000e+000 2.837670e-001 1.899361e+000
2.800000e+000 2.839515e-001 1.906562e+000
2.810000e+000 2.841365e-001 1.913760e+000
2.820000e+000 2.843219e-001 1.920956e+000
2.830000e+000 2.845078e-001 1.928150e+000
2.840000e+000 2.846941e-001 1.935341e+000
2.850000e+000 2.848808e-001 1.942530e+000
2.860000e+000 2.850679e-001 1.949717e+000
2.870000e+000 2.852555e-001 1.956901e+000
2.880000e+000 2.854435e-001 1.964083e+000
2.890000e+000 2.856320e-001 1.971262e+000
2.900000e+000 2.858209e-001 1.978439e+000
2.910000e+000 2.860103e-001 1.985614e+000
2.920000e+000 2.862001e-001 1.992786e+000
2.930000e+000 2.863904e-001 1.999956e+000
2.940000e+000 2.865812e-001 2.007123e+000
2.950000e+000 2.867723e-001 2.014288e+000
2.960000e+000 2.869640e-001 2.021451e+000
2.970000e+000 2.871561e-001 2.028611e+000
2.980000e+000 2.873487e-001 2.035768e+000
2.990000e+000 2.875417e-001 2.042924e+000
3.000000e+000 2.877352e-001 2.050076e+000
3.010000e+000 2.879292e-001 2.057226e+000
3.020000e+000 2.881237e-001 2.064374e+000
3.030000e+000 2.883186e-001 2.071520e+000
3.040000e+000 2.885140e-001 2.078662e+000
3.050000e+000 2.887099e-001 2.085803e+000
3.060000e+000 2.889063e-001 2.092941e+000
3.070000e+000 2.891032e-001 2.100076e+000
3.080000e+000 2.893005e-001 2.107209e+000
3.090000e+000 2.894983e-001 2.114339e+000
3.100000e+000 2.896967e-001 2.121467e+000
3.110000e+000 2.898955e-001 2.128592e+000
3.120000e+000 2.900948e-001 2.135714e+000
3.130000e+000 2.902946e-001 2.142834e+000
3.140000e+000 2.904949e-001 2.149952e+000
3.150000e+000 2.906957e-001 2.157067e+000
3.160000e+000 2.908970e-001 2.164179e+000
3.170000e+000 2.910989e-001 2.171289e+000
3.180000e+000 2.913012e-001 2.178396e+000
3.190000e+000 2.915041e-001 2.185501e+000
3.200000e+000 2.917074e-001 2.192603e+000
3.210000e+000 2.919113e-001 2.199702e+000
3.220000e+000 2.921157e-001 2.206799e+000
3.230000e+000 2.923206e-001 2.213893e+000
3.240000e+000 2.925261e-001 2.220984e+000
3.250000e+000 2.927321e-001 2.228073e+000
3.260000e+000 2.929386e-001 2.235159e+000
3.270000e+000 2.931456e-001 2.242243e+000
3.280000e+000 2.933532e-001 2.249324e+000
3.290000e+000 2.935613e-001 2.256402e+000
3.300000e+000 2.937700e-001 2.263477e+000
3.310000e+000 2.939792e-001 2.270550e+000
3.320000e+000 2.941889e-001 2.277620e+000
3.330000e+000 2.943992e-001 2.284687e+000
3.340000e+000 2.946101e-001 2.291752e+000
3.350000e+000 2.948215e-001 2.298814e+000
3.360000e+000 2.950334e-001 2.305873e+000
3.370000e+000 2.952459e-001 2.312929e+000
3.380000e+000 2.954590e-001 2.319983e+000
3.390000e+000 2.956726e-001 2.327034e+000
3.400000e+000 2.958868e-001 2.334082e+000
3.410000e+000 2.961016e-001 2.341127e+000
3.420000e+000 2.963170e-001 2.348170e+000
3.430000e+000 2.965329e-001 2.355209e+000
3.440000e+000 2.967494e-001 2.362246e+000
3.450000e+000 2.969664e-001 2.369280e+000
3.460000e+000 2.971841e-001 2.376312e+000
3.470000e+000 2.974024e-001 2.383340e+000
3.480000e+000 2.976212e-001 2.390366e+000
3.490000e+000 2.978406e-001 2.397388e+000
3.500000e+000 2.980607e-001 2.404408e+000
3.510000e+000 2.982813e-001 2.411425e+000
3.520000e+000 2.985025e-001 2.418439e+000
3.530000e+000 2.987243e-001 2.425451e+000
3.540000e+000 2.989468e-001 2.432459e+000
3.550000e+000 2.991698e-001 2.439464e+000
3.560000e+000 2.993935e-001 2.446467e+000
3.570000e+000 2.996178e-001 2.453466e+000
3.580000e+000 2.998427e-001 2.460463e+000
3.590000e+000 3.000682e-001 2.467457e+000
3.600000e+000 3.002943e-001 2.474448e+000
3.610000e+000 3.005211e-001 2.481435e+000
3.620000e+000 3.007485e-001 2.488420e+000
3.630000e+000 3.009766e-001 2.495402e+000
3.640000e+000 3.012052e-001 2.502381e+000
3.650000e+000 3.014346e-001 2.509357e+000
3.660000e+000 3.016645e-001 2.516329e+000
3.670000e+000 3.018951e-001 2.523299e+000
3.680000e+000 3.021264e-001 2.530266e+000
3.690000e+000 3.023583e-001 2.537230e+000
3.700000e+000 3.025909e-001 2.544190e+000
3.710000e+000 3.028241e-001 2.551148e+000
3.720000e+000 3.030580e-001 2.558103e+000
3.730000e+000 3.032926e-001 2.565054e+000
3.740000e+000 3.035279e-001 2.572002e+000
3.750000e+000 3.037638e-001 2.578948e+000
3.760000e+000 3.040004e-001 2.585890e+000
3.770000e+000 3.042377e-001 2.592829e+000
3.780000e+000 3.044756e-001 2.599765e+000
3.790000e+000 3.047143e-001 2.606697e+000
3.800000e+000 3.049537e-001 2.613627e+000
3.810000e+000 3.051937e-001 2.620553e+000
3.820000e+000 3.054345e-001 2.627477e+000
3.830000e+000 3.056759e-001 2.634397e+000
3.840000e+000 3.059181e-001 2.641313e+000
3.850000e+000 3.061609e-001 2.648227e+000
3.860000e+000 3.064045e-001 2.655137e+000
3.870000e+000 3.066488e-001 2.662045e+000
3.880000e+000 3.068939e-001 2.668948e+000
3.890000e+000 3.071396e-001 2.675849e+000
3.900000e+000 3.073861e-001 2.682747e+000
3.910000e+000 3.076333e-001 2.689641e+000
3.920000e+000 3.078813e-001 2.696531e+000
3.930000e+000 3.081300e-001 2.703419e+000
3.940000e+000 3.083795e-001 2.710303e+000
3.950000e+000 3.086297e-001 2.717184e+000
3.960000e+000 3.088806e-001 2.724062e+000
3.970000e+000 3.091323e-001 2.730936e+000
3.980000e+000 3.093848e-001 2.737806e+000
3.990000e+000 3.096381e-001 2.744674e+000
4.000000e+000 3.098921e-001 2.751538e+000
4.010000e+000 3.101469e-001 2.758399e+000
4.020000e+000 3.104025e-001 2.765256e+000
4.030000e+000 3.106588e-001 2.772110e+000
4.040000e+000 3.109160e-001 2.778960e+000
4.050000e+000 3.111739e-001 2.785807e+000
4.060000e+000 3.114327e-001 2.792650e+000
4.070000e+000 3.116922e-001 2.799490e+000
4.080000e+000 3.119526e-001 2.806327e+000
4.090000e+000 3.122137e-001 2.813160e+000
4.100000e+000 3.124757e-001 2.819989e+000
4.110000e+000 3.127385e-001 2.826815e+000
4.120000e+000 3.130021e-001 2.833638e+000
4.130000e+000 3.132666e-001 2.840457e+000
4.140000e+000 3.135318e-001 2.847272e+000
4.150000e+000 3.137980e-001 2.854084e+000
4.160000e+000 3.140649e-001 2.860892e+000
4.170000e+000 3.143327e-001 2.867696e+000
4.180000e+000 3.146014e-001 2.874497e+000
4.190000e+000 3.148709e-001 2.881295e+000
4.200000e+000 3.151413e-001 2.888088e+000
4.210000e+000 3.154126e-001 2.894878e+000
4.220000e+000 3.156847e-001 2.901664e+000
4.230000e+000 3.159577e-001 2.908447e+000
4.240000e+000 3.162316e-001 2.915226e+000
4.250000e+000 3.165064e-001 2.922001e+000
4.260000e+000 3.167821e-001 2.928773e+000
4.270000e+000 3.170587e-001 2.935540e+000
4.280000e+000 3.173362e-001 2.942304e+000
4.290000e+000 3.176145e-001 2.949064e+000
4.300000e+000 3.178939e-001 2.955821e+000
4.310000e+000 3.181741e-001 2.962573e+000
4.320000e+000 3.184552e-001 2.969322e+000
4.330000e+000 3.187373e-001 2.976067e+000
4.340000e+000 3.190203e-001 2.982808e+000
4.350000e+000 3.193043e-001 2.989545e+000
4.360000e+000 3.195892e-001 2.996279e+000
4.370000e+000 3.198751e-001 3.003008e+000
4.380000e+000 3.201619e-001 3.009734e+000
4.390000e+000 3.204497e-001 3.016455e+000
4.400000e+000 3.207385e-001 3.023173e+000
4.410000e+000 3.210282e-001 3.029886e+000
4.420000e+000 3.213189e-001 3.036596e+000
4.430000e+000 3.216107e-001 3.043302e+000
4.440000e+000 3.219034e-001 3.050004e+000
4.450000e+000 3.221971e-001 3.056701e+000
4.460000e+000 3.224918e-001 3.063395e+000
4.470000e+000 3.227875e-001 3.070084e+000
4.480000e+000 3.230843e-001 3.076770e+000
4.490000e+000 3.233821e-001 3.083451e+000
4.500000e+000 3.236809e-001 3.090129e+000
4.510000e+000 3.239807e-001 3.096802e+000
4.520000e+000 3.242816e-001 3.103471e+000
4.530000e+000 3.245836e-001 3.110136e+000
4.540000e+000 3.248866e-001 3.116796e+000
4.550000e+000 3.251907e-001 3.123453e+000
4.560000e+000 3.254958e-001 3.130105e+000
4.570000e+000 3.258021e-001 3.136753e+000
4.580000e+000 3.261094e-001 3.143397e+000
4.590000e+000 3.264178e-001 3.150036e+000
4.600000e+000 3.267273e-001 3.156672e+000
4.610000e+000 3.270379e-001 3.163303e+000
4.620000e+000 3.273497e-001 3.169929e+000
4.630000e+000 3.276625e-001 3.176551e+000
4.640000e+000 3.279765e-001 3.183169e+000
4.650000e+000 3.282916e-001 3.189783e+000
4.660000e+000 3.286079e-001 3.196392e+000
4.670000e+000 3.289253e-001 3.202997e+000
4.680000e+000 3.292439e-001 3.209597e+000
4.690000e+000 3.295636e-001 3.216193e+000
4.700000e+000 3.298846e-001 3.222784e+000
4.710000e+000 3.302067e-001 3.229371e+000
4.720000e+000 3.305300e-001 3.235953e+000
4.730000e+000 3.308544e-001 3.242531e+000
4.740000e+000 3.311801e-001 3.249104e+000
4.750000e+000 3.315070e-001 3.255673e+000
4.760000e+000 3.318352e-001 3.262237e+000
4.770000e+000 3.321645e-001 3.268796e+000
4.780000e+000 3.324951e-001 3.275351e+000
4.790000e+000 3.328270e-001 3.281901e+000
4.800000e+000 3.331601e-001 3.288447e+000
4.810000e+000 3.334945e-001 3.294987e+000
4.820000e+000 3.338301e-001 3.301523e+000
4.830000e+000 3.341670e-001 3.308055e+000
4.840000e+000 3.345052e-001 3.314581e+000
4.850000e+000 3.348447e-001 3.321103e+000
4.860000e+000 3.351856e-001 3.327620e+000
4.870000e+000 3.355277e-001 3.334132e+000
4.880000e+000 3.358711e-001 3.340639e+000
4.890000e+000 3.362159e-001 3.347141e+000
4.900000e+000 3.365621e-001 3.353638e+000
4.910000e+000 3.369096e-001 3.360131e+000
4.920000e+000 3.372584e-001 3.366618e+000
4.930000e+000 3.376087e-001 3.373101e+000
4.940000e+000 3.379603e-001 3.379578e+000
4.950000e+000 3.383133e-001 3.386051e+000
4.960000e+000 3.386677e-001 3.392518e+000
4.970000e+000 3.390235e-001 3.398981e+000
4.980000e+000 3.393808e-001 3.405438e+000
4.990000e+000 3.397395e-001 3.411890e+000
5.000000e+000 3.400996e-001 3.418337e+000
5.010000e+000 3.404612e-001 3.424779e+000
5.020000e+000 3.408242e-001 3.431216e+000
5.030000e+000 3.411888e-001 3.437647e+000
5.040000e+000 3.415548e-001 3.444073e+000
5.050000e+000 3.419223e-001 3.450494e+000
5.060000e+000 3.422913e-001 3.456909e+000
5.070000e+000 3.426618e-001 3.463320e+000
5.080000e+000 3.430339e-001 3.469724e+000
5.090000e+000 3.434075e-001 3.476124e+000
5.100000e+000 3.437827e-001 3.482518e+000
5.110000e+000 3.441594e-001 3.488907e+000
5.120000e+000 3.445377e-001 3.495290e+000
5.130000e+000 3.449176e-001 3.501667e+000
5.140000e+000 3.452991e-001 3.508039e+000
5.150000e+000 3.456822e-001 3.514406e+000
5.160000e+000 3.460669e-001 3.520767e+000
5.170000e+000 3.464533e-001 3.527122e+000
5.180000e+000 3.468413e-001 3.533472e+000
5.190000e+000 3.472310e-001 3.539816e+000
5.200000e+000 3.476223e-001 3.546154e+000
5.210000e+000 3.480154e-001 3.552487e+000
5.220000e+000 3.484101e-001 3.558814e+000
5.230000e+000 3.488066e-001 3.565135e+000
5.240000e+000 3.492048e-001 3.571450e+000
5.250000e+000 3.496047e-001 3.577760e+000
5.260000e+000 3.500064e-001 3.584063e+000
5.270000e+000 3.504098e-001 3.590361e+000
5.280000e+000 3.508151e-001 3.596652e+000
5.290000e+000 3.512221e-001 3.602938e+000
5.300000e+000 3.516310e-001 3.609217e+000
5.310000e+000 3.520416e-001 3.615491e+000
5.320000e+000 3.524541e-001 3.621758e+000
5.330000e+000 3.528685e-001 3.628020e+000
5.340000e+000 3.532847e-001 3.634275e+000
5.350000e+000 3.537029e-001 3.640524e+000
5.360000e+000 3.541229e-001 3.646767e+000
5.370000e+000 3.545448e-001 3.653003e+000
5.380000e+000 3.549687e-001 3.659233e+000
5.390000e+000 3.553945e-001 3.665457e+000
5.400000e+000 3.558223e-001 3.671675e+000
5.410000e+000 3.562521e-001 3.677886e+000
5.420000e+000 3.566839e-001 3.684091e+000
5.430000e+000 3.571176e-001 3.690289e+000
5.440000e+000 3.575535e-001 3.696481e+000
5.450000e+000 3.579913e-001 3.702666e+000
5.460000e+000 3.584312e-001 3.708844e+000
5.470000e+000 3.588732e-001 3.715016e+000
5.480000e+000 3.593173e-001 3.721182e+000
5.490000e+000 3.597636e-001 3.727340e+000
5.500000e+000 3.602119e-001 3.733492e+000
5.510000e+000 3.606624e-001 3.739637e+000
5.520000e+000 3.611151e-001 3.745775e+000
5.530000e+000 3.615700e-001 3.751906e+000
5.540000e+000 3.620271e-001 3.758031e+000
5.550000e+000 3.624864e-001 3.764148e+000
5.560000e+000 3.629479e-001 3.770259e+000
5.570000e+000 3.634118e-001 3.776362e+000
5.580000e+000 3.638779e-001 3.782459e+000
5.590000e+000 3.643463e-001 3.788548e+000
5.600000e+000 3.648171e-001 3.794630e+000
5.610000e+000 3.652902e-001 3.800705e+000
5.620000e+000 3.657657e-001 3.806772e+000
5.630000e+000 3.662435e-001 3.812832e+000
5.640000e+000 3.667238e-001 3.818885e+000
5.650000e+000 3.672065e-001 3.824931e+000
5.660000e+000 3.676917e-001 3.830969e+000
5.670000e+000 3.681794e-001 3.836999e+000
5.680000e+000 3.686695e-001 3.843022e+000
5.690000e+000 3.691622e-001 3.849038e+000
5.700000e+000 3.696575e-001 3.855046e+000
5.710000e+000 3.701553e-001 3.861046e+000
5.720000e+000 3.706557e-001 3.867038e+000
5.730000e+000 3.711587e-001 3.873022e+000
5.740000e+000 3.716644e-001 3.878999e+000
5.750000e+000 3.721727e-001 3.884968e+000
5.760000e+000 3.726838e-001 3.890929e+000
5.770000e+000 3.731975e-001 3.896882e+000
5.780000e+000 3.737140e-001 3.902826e+000
5.790000e+000 3.742333e-001 3.908763e+000
5.800000e+000 3.747554e-001 3.914692e+000
5.810000e+000 3.752803e-001 3.920612e+000
5.820000e+000 3.758080e-001 3.926524e+000
5.830000e+000 3.763386e-001 3.932428e+000
5.840000e+000 3.768722e-001 3.938323e+000
5.850000e+000 3.774087e-001 3.944210e+000
5.860000e+000 3.779481e-001 3.950088e+000
5.870000e+000 3.784906e-001 3.955958e+000
5.880000e+000 3.790360e-001 3.961819e+000
5.890000e+000 3.795846e-001 3.967671e+000
5.900000e+000 3.801362e-001 3.973515e+000
5.910000e+000 3.806909e-001 3.979349e+000
5.920000e+000 3.812488e-001 3.985175e+000
5.930000e+000 3.818098e-001 3.990992e+000
5.940000e+000 3.823741e-001 3.996800e+000
5.950000e+000 3.829416e-001 4.002599e+000
5.960000e+000 3.835124e-001 4.008389e+000
5.970000e+000 3.840865e-001 4.014169e+000
5.980000e+000 3.846639e-001 4.019941e+000
5.990000e+000 3.852447e-001 4.025703e+000
6.000000e+000 3.858290e-001 4.031455e+000
6.010000e+000 3.864166e-001 4.037198e+000
6.020000e+000 3.870078e-001 4.042931e+000
6.030000e+000 3.876025e-001 4.048655e+000
6.040000e+000 3.882008e-001 4.054369e+000
6.050000e+000 3.888026e-001 4.060074e+000
6.060000e+000 3.894081e-001 4.065768e+000
6.070000e+000 3.900173e-001 4.071452e+000
6.080000e+000 3.906302e-001 4.077127e+000
6.090000e+000 3.912468e-001 4.082791e+000
6.100000e+000 3.918673e-001 4.088445e+000
6.110000e+000 3.924916e-001 4.094089e+000
6.120000e+000 3.931197e-001 4.099723e+000
6.130000e+000 3.937518e-001 4.105346e+000
6.140000e+000 3.943879e-001 4.110959e+000
6.150000e+000 3.950279e-001 4.116561e+000
6.160000e+000 3.956720e-001 4.122152e+000
6.170000e+000 3.963203e-001 4.127733e+000
6.180000e+000 3.969726e-001 4.133303e+000
6.190000e+000 3.976292e-001 4.138861e+000
6.200000e+000 3.982900e-001 4.144409e+000
6.210000e+000 3.989551e-001 4.149946e+000
6.220000e+000 3.996245e-001 4.155471e+000
6.230000e+000 4.002983e-001 4.160985e+000
6.240000e+000 4.009766e-001 4.166488e+000
6.250000e+000 4.016593e-001 4.171979e+000
6.260000e+000 4.023466e-001 4.177459e+000
6.270000e+000 4.030385e-001 4.182927e+000
6.280000e+000 4.037351e-001 4.188383e+000
6.290000e+000 4.044363e-001 4.193827e+000
6.300000e+000 4.051423e-001 4.199259e+000
6.310000e+000 4.058532e-001 4.204679e+000
6.320000e+000 4.065689e-001 4.210087e+000
6.330000e+000 4.072895e-001 4.215483e+000
6.340000e+000 4.080152e-001 4.220866e+000
6.350000e+000 4.087459e-001 4.226236e+000
6.360000e+000 4.094817e-001 4.231594e+000
6.370000e+000 4.102227e-001 4.236939e+000
6.380000e+000 4.109690e-001 4.242271e+000
6.390000e+000 4.117205e-001 4.247590e+000
6.400000e+000 4.124775e-001 4.252896e+000
6.410000e+000 4.132399e-001 4.258188e+000
6.420000e+000 4.140078e-001 4.263467e+000
6.430000e+000 4.147813e-001 4.268733e+000
6.440000e+000 4.155604e-001 4.273985e+000
6.450000e+000 4.163453e-001 4.279223e+000
6.460000e+000 4.171360e-001 4.284447e+000
6.470000e+000 4.179325e-001 4.289658e+000
6.480000e+000 4.187351e-001 4.294854e+000
6.490000e+000 4.195436e-001 4.300035e+000
6.500000e+000 4.203583e-001 4.305202e+000
6.510000e+000 4.211791e-001 4.310355e+000
6.520000e+000 4.220062e-001 4.315493e+000
6.530000e+000 4.228397e-001 4.320616e+000
6.540000e+000 4.236797e-001 4.325723e+000
6.550000e+000 4.245261e-001 4.330816e+000
6.560000e+000 4.253792e-001 4.335893e+000
6.570000e+000 4.262390e-001 4.340955e+000
6.580000e+000 4.271056e-001 4.346001e+000
6.590000e+000 4.279791e-001 4.351031e+000
6.600000e+000 4.288596e-001 4.356045e+000
6.610000e+000 4.297471e-001 4.361043e+000
6.620000e+000 4.306419e-001 4.366024e+000
6.630000e+000 4.315440e-001 4.370989e+000
6.640000e+000 4.324534e-001 4.375937e+000
6.650000e+000 4.333704e-001 4.380868e+000
6.660000e+000 4.342949e-001 4.385782e+000
6.670000e+000 4.352272e-001 4.390679e+000
6.680000e+000 4.361673e-001 4.395559e+000
6.690000e+000 4.371153e-001 4.400420e+000
6.700000e+000 4.380714e-001 4.405264e+000
6.710000e+000 4.390357e-001 4.410090e+000
6.720000e+000 4.400083e-001 4.414897e+000
6.730000e+000 4.409893e-001 4.419686e+000
6.740000e+000 4.419788e-001 4.424456e+000
6.750000e+000 4.429771e-001 4.429208e+000
6.760000e+000 4.439841e-001 4.433940e+000
6.770000e+000 4.450001e-001 4.438653e+000
6.780000e+000 4.460251e-001 4.443346e+000
6.790000e+000 4.470594e-001 4.448019e+000
6.800000e+000 4.481031e-001 4.452672e+000
6.810000e+000 4.491562e-001 4.457305e+000
6.820000e+000 4.502190e-001 4.461918e+000
6.830000e+000 4.512917e-001 4.466509e+000
6.840000e+000 4.523743e-001 4.471080e+000
6.850000e+000 4.534670e-001 4.475629e+000
6.860000e+000 4.545700e-001 4.480156e+000
6.870000e+000 4.556835e-001 4.484662e+000
6.880000e+000 4.568076e-001 4.489145e+000
6.890000e+000 4.579425e-001 4.493606e+000
6.900000e+000 4.590884e-001 4.498045e+000
6.910000e+000 4.602455e-001 4.502460e+000
6.920000e+000 4.614139e-001 4.506852e+000
6.930000e+000 4.625939e-001 4.511220e+000
6.940000e+000 4.637856e-001 4.515564e+000
6.950000e+000 4.649892e-001 4.519884e+000
6.960000e+000 4.662050e-001 4.524180e+000
6.970000e+000 4.674331e-001 4.528450e+000
6.980000e+000 4.686738e-001 4.532695e+000
6.990000e+000 4.699272e-001 4.536915e+000
7.000000e+000 4.711937e-001 4.541108e+000
7.010000e+000 4.724734e-001 4.545275e+000
7.020000e+000 4.737666e-001 4.549416e+000
7.030000e+000 4.750735e-001 4.553529e+000
7.040000e+000 4.763944e-001 4.557615e+000
7.050000e+000 4.777295e-001 4.561672e+000
7.060000e+000 4.790791e-001 4.565702e+000
7.070000e+000 4.804434e-001 4.569703e+000
7.080000e+000 4.818227e-001 4.573674e+000
7.090000e+000 4.832173e-001 4.577616e+000
7.100000e+000 4.846275e-001 4.581528e+000
7.110000e+000 4.860536e-001 4.585410e+000
7.120000e+000 4.874959e-001 4.589260e+000
7.130000e+000 4.889547e-001 4.593079e+000
7.140000e+000 4.904303e-001 4.596866e+000
7.150000e+000 4.919230e-001 4.600621e+000
7.160000e+000 4.934332e-001 4.604343e+000
7.170000e+000 4.949612e-001 4.608031e+000
7.180000e+000 4.965074e-001 4.611685e+000
7.190000e+000 4.980722e-001 4.615305e+000
7.200000e+000 4.996558e-001 4.618889e+000
7.210000e+000 5.012588e-001 4.622438e+000
7.220000e+000 5.028814e-001 4.625950e+000
7.230000e+000 5.045241e-001 4.629426e+000
7.240000e+000 5.061874e-001 4.632864e+000
7.250000e+000 5.078716e-001 4.636263e+000
7.260000e+000 5.095772e-001 4.639624e+000
7.270000e+000 5.113046e-001 4.642946e+000
7.280000e+000 5.130543e-001 4.646227e+000
7.290000e+000 5.148268e-001 4.649467e+000
7.300000e+000 5.166226e-001 4.652665e+000
7.310000e+000 5.184422e-001 4.655821e+000
7.320000e+000 5.202861e-001 4.658934e+000
7.330000e+000 5.221549e-001 4.662003e+000
7.340000e+000 5.240491e-001 4.665027e+000
7.350000e+000 5.259692e-001 4.668005e+000
7.360000e+000 5.279160e-001 4.670937e+000
7.370000e+000 5.298899e-001 4.673822e+000
7.380000e+000 5.318917e-001 4.676658e+000
7.390000e+000 5.339219e-001 4.679445e+000
7.400000e+000 5.359813e-001 4.682181e+000
7.410000e+000 5.380704e-001 4.684867e+000
7.420000e+000 5.401902e-001 4.687500e+000
7.430000e+000 5.423412e-001 4.690080e+000
7.440000e+000 5.445242e-001 4.692605e+000
7.450000e+000 5.467401e-001 4.695075e+000
7.460000e+000 5.489896e-001 4.697489e+000
7.470000e+000 5.512735e-001 4.699844e+000
7.480000e+000 5.535928e-001 4.702141e+000
7.490000e+000 5.559483e-001 4.704377e+000
7.500000e+000 5.583410e-001 4.706551e+000
7.510000e+000 5.607718e-001 4.708663e+000
7.520000e+000 5.632417e-001 4.710710e+000
7.530000e+000 5.657518e-001 4.712691e+000
7.540000e+000 5.683030e-001 4.714605e+000
7.550000e+000 5.708965e-001 4.716450e+000
7.560000e+000 5.735335e-001 4.718225e+000
7.570000e+000 5.762150e-001 4.719928e+000
7.580000e+000 5.789424e-001 4.721557e+000
7.590000e+000 5.817170e-001 4.723111e+000
7.600000e+000 5.845399e-001 4.724587e+000
7.610000e+000 5.874127e-001 4.725984e+000
7.620000e+000 5.903366e-001 4.727300e+000
7.630000e+000 5.933133e-001 4.728533e+000
7.640000e+000 5.963441e-001 4.729681e+000
7.650000e+000 5.994308e-001 4.730741e+000
7.660000e+000 6.025749e-001 4.731712e+000
7.670000e+000 6.057782e-001 4.732591e+000
7.680000e+000 6.090424e-001 4.733376e+000
7.690000e+000 6.123695e-001 4.734064e+000
7.700000e+000 6.157613e-001 4.734652e+000
7.710000e+000 6.192198e-001 4.735139e+000
7.720000e+000 6.227472e-001 4.735520e+000
7.730000e+000 6.263457e-001 4.735794e+000
7.740000e+000 6.300174e-001 4.735957e+000
7.750000e+000 6.337648e-001 4.736006e+000
7.760000e+000 6.375904e-001 4.735938e+000
7.770000e+000 6.414968e-001 4.735749e+000
7.780000e+000 6.454865e-001 4.735436e+000
7.790000e+000 6.495626e-001 4.734995e+000
7.800000e+000 6.537278e-001 4.734423e+000
7.810000e+000 6.579853e-001 4.733715e+000
7.820000e+000 6.623382e-001 4.732867e+000
7.830000e+000 6.667901e-001 4.731875e+000
7.840000e+000 6.713443e-001 4.730734e+000
7.850000e+000 6.760045e-001 4.729439e+000
7.860000e+000 6.807747e-001 4.727986e+000
7.870000e+000 6.856588e-001 4.726369e+000
7.880000e+000 6.906612e-001 4.724583e+000
7.890000e+000 6.957862e-001 4.722623e+000
7.900000e+000 7.010385e-001 4.720481e+000
7.910000e+000 7.064232e-001 4.718152e+000
7.920000e+000 7.119452e-001 4.715630e+000
7.930000e+000 7.176100e-001 4.712907e+000
7.940000e+000 7.234234e-001 4.709976e+000
7.950000e+000 7.293914e-001 4.706830e+000
7.960000e+000 7.355202e-001 4.703461e+000
7.970000e+000 7.418165e-001 4.699860e+000
7.980000e+000 7.482873e-001 4.696019e+000
7.990000e+000 7.549401e-001 4.691929e+000
8.000000e+000 7.617827e-001 4.687579e+000
8.010000e+000 7.688232e-001 4.682959e+000
8.020000e+000 7.760705e-001 4.678059e+000
8.030000e+000 7.835337e-001 4.672868e+000
8.040000e+000 7.912226e-001 4.667372e+000
8.050000e+000 7.991475e-001 4.661560e+000
8.060000e+000 8.073194e-001 4.655419e+000
8.070000e+000 8.157498e-001 4.648933e+000
8.080000e+000 8.244510e-001 4.642088e+000
8.090000e+000 8.334361e-001 4.634868e+000
8.100000e+000 8.427189e-001 4.627256e+000
8.110000e+000 8.523141e-001 4.619234e+000
8.120000e+000 8.622374e-001 4.610784e+000
8.130000e+000 8.725054e-001 4.601884e+000
8.140000e+000 8.831359e-001 4.592515e+000
8.150000e+000 8.941477e-001 4.582653e+000
8.160000e+000 9.055609e-001 4.572274e+000
8.170000e+000 9.173972e-001 4.561352e+000
8.180000e+000 9.296793e-001 4.549859e+000
8.190000e+000 9.424318e-001 4.537768e+000
8.200000e+000 9.556809e-001 4.525046e+000
8.210000e+000 9.694545e-001 4.511659e+000
8.220000e+000 9.837827e-001 4.497574e+000
8.230000e+000 9.986976e-001 4.482751e+000
8.240000e+000 1.014234e+000 4.467150e+000
8.250000e+000 1.030427e+000 4.450728e+000
8.260000e+000 1.047319e+000 4.433438e+000
8.270000e+000 1.064950e+000 4.415230e+000
8.280000e+000 1.083366e+000 4.396051e+000
8.290000e+000 1.102617e+000 4.375843e+000
8.300000e+000 1.122755e+000 4.354546e+000
8.310000e+000 1.143835e+000 4.332093e+000
8.320000e+000 1.165920e+000 4.308415e+000
8.330000e+000 1.189073e+000 4.283434e+000
8.340000e+000 1.213364e+000 4.257070e+000
8.350000e+000 1.238869e+000 4.229237e+000
8.360000e+000 1.265668e+000 4.199840e+000
8.370000e+000 1.293846e+000 4.168781e+000
8.380000e+000 1.323495e+000 4.135952e+000
8.390000e+000 1.354713e+000 4.101240e+000
8.400000e+000 1.387606e+000 4.064524e+000
8.410000e+000 1.422283e+000 4.025675e+000
8.420000e+000 1.458863e+000 3.984557e+000
8.430000e+000 1.497468e+000 3.941025e+000
8.440000e+000 1.538229e+000 3.894930e+000
8.450000e+000 1.581279e+000 3.846113e+000
8.460000e+000 1.626757e+000 3.794411e+000
8.470000e+000 1.674805e+000 3.739658e+000
8.480000e+000 1.725564e+000 3.681685e+000
8.490000e+000 1.779174e+000 3.620324e+000
8.500000e+000 1.835766e+000 3.555411e+000
8.510000e+000 1.895463e+000 3.486795e+000
8.520000e+000 1.958372e+000 3.414336e+000
8.530000e+000 2.024572e+000 3.337919e+000
8.540000e+000 2.094112e+000 3.257462e+000
8.550000e+000 2.167000e+000 3.172925e+000
8.560000e+000 2.243187e+000 3.084319e+000
8.570000e+000 2.322559e+000 2.991727e+000
8.580000e+000 2.404923e+000 2.895308e+000
8.590000e+000 2.489996e+000 2.795317e+000
8.600000e+000 2.577393e+000 2.692113e+000
8.610000e+000 2.666619e+000 2.586169e+000
8.620000e+000 2.757068e+000 2.478074e+000
8.630000e+000 2.848028e+000 2.368533e+000
8.640000e+000 2.938688e+000 2.258354e+000
8.650000e+000 3.028165e+000 2.148429e+000
8.660000e+000 3.115526e+000 2.039706e+000
8.670000e+000 3.199830e+000 1.933155e+000
8.680000e+000 3.280164e+000 1.829724e+000
8.690000e+000 3.355687e+000 1.730299e+000
8.700000e+000 3.425665e+000 1.635668e+000
8.710000e+000 3.489506e+000 1.546483e+000
8.720000e+000 3.546776e+000 1.463243e+000
8.730000e+000 3.597210e+000 1.386284e+000
8.740000e+000 3.640709e+000 1.315774e+000
8.750000e+000 3.677328e+000 1.251731e+000
8.760000e+000 3.707254e+000 1.194037e+000
8.770000e+000 3.730783e+000 1.142465e+000
8.780000e+000 3.748291e+000 1.096702e+000
8.790000e+000 3.760208e+000 1.056378e+000
8.800000e+000 3.766997e+000 1.021086e+000
8.810000e+000 3.769132e+000 9.904020e-001
8.820000e+000 3.767082e+000 9.639022e-001
8.830000e+000 3.761300e+000 9.411748e-001
8.840000e+000 3.752214e+000 9.218281e-001
8.850000e+000 3.740222e+000 9.054966e-001
8.860000e+000 3.725688e+000 8.918436e-001
8.870000e+000 3.708944e+000 8.805629e-001
8.880000e+000 3.690285e+000 8.713786e-001
8.890000e+000 3.669978e+000 8.640438e-001
8.900000e+000 3.648258e+000 8.583390e-001
8.910000e+000 3.625332e+000 8.540701e-001
8.920000e+000 3.601383e+000 8.510660e-001
8.930000e+000 3.576571e+000 8.491765e-001
8.940000e+000 3.551036e+000 8.482698e-001
8.950000e+000 3.524900e+000 8.482308e-001
8.960000e+000 3.498269e+000 8.489587e-001
8.970000e+000 3.471235e+000 8.503656e-001
8.980000e+000 3.443880e+000 8.523749e-001
8.990000e+000 3.416273e+000 8.549195e-001
9.000000e+000 3.388474e+000 8.579411e-001
9.010000e+000 3.360537e+000 8.613887e-001
9.020000e+000 3.332507e+000 8.652178e-001
9.030000e+000 3.304424e+000 8.693894e-001
9.040000e+000 3.276322e+000 8.738694e-001
9.050000e+000 3.248232e+000 8.786281e-001
9.060000e+000 3.220178e+000 8.836394e-001
9.070000e+000 3.192184e+000 8.888803e-001
9.080000e+000 3.164268e+000 8.943307e-001
9.090000e+000 3.136448e+000 8.999730e-001
9.100000e+000 3.108738e+000 9.057914e-001
9.110000e+000 3.081151e+000 9.117723e-001
9.120000e+000 3.053698e+000 9.179035e-001
9.130000e+000 3.026387e+000 9.241744e-001
9.140000e+000 2.999227e+000 9.305753e-001
9.150000e+000 2.972224e+000 9.370980e-001
9.160000e+000 2.945385e+000 9.437350e-001
9.170000e+000 2.918714e+000 9.504795e-001
9.180000e+000 2.892216e+000 9.573257e-001
9.190000e+000 2.865894e+000 9.642684e-001
9.200000e+000 2.839750e+000 9.713027e-001
9.210000e+000 2.813788e+000 9.784246e-001
9.220000e+000 2.788008e+000 9.856302e-001
9.230000e+000 2.762414e+000 9.929162e-001
9.240000e+000 2.737005e+000 1.000279e+000
9.250000e+000 2.711782e+000 1.007717e+000
9.260000e+000 2.686747e+000 1.015227e+000
9.270000e+000 2.661898e+000 1.022807e+000
9.280000e+000 2.637238e+000 1.030455e+000
9.290000e+000 2.612764e+000 1.038169e+000
9.300000e+000 2.588478e+000 1.045947e+000
9.310000e+000 2.564378e+000 1.053788e+000
9.320000e+000 2.540465e+000 1.061690e+000
9.330000e+000 2.516736e+000 1.069653e+000
9.340000e+000 2.493193e+000 1.077675e+000
9.350000e+000 2.469833e+000 1.085755e+000
9.360000e+000 2.446657e+000 1.093891e+000
9.370000e+000 2.423662e+000 1.102084e+000
9.380000e+000 2.400848e+000 1.110332e+000
9.390000e+000 2.378215e+000 1.118635e+000
9.400000e+000 2.355760e+000 1.126991e+000
9.410000e+000 2.333482e+000 1.135401e+000
9.420000e+000 2.311381e+000 1.143862e+000
9.430000e+000 2.289456e+000 1.152376e+000
9.440000e+000 2.267704e+000 1.160940e+000
9.450000e+000 2.246126e+000 1.169555e+000
9.460000e+000 2.224719e+000 1.178220e+000
9.470000e+000 2.203482e+000 1.186935e+000
9.480000e+000 2.182414e+000 1.195699e+000
9.490000e+000 2.161515e+000 1.204511e+000
9.500000e+000 2.140782e+000 1.213371e+000
9.510000e+000 2.120214e+000 1.222279e+000
9.520000e+000 2.099811e+000 1.231234e+000
9.530000e+000 2.079570e+000 1.240236e+000
9.540000e+000 2.059491e+000 1.249284e+000
9.550000e+000 2.039573e+000 1.258378e+000
9.560000e+000 2.019813e+000 1.267517e+000
9.570000e+000 2.000212e+000 1.276700e+000
9.580000e+000 1.980768e+000 1.285929e+000
9.590000e+000 1.961480e+000 1.295201e+000
9.600000e+000 1.942346e+000 1.304517e+000
9.610000e+000 1.923366e+000 1.313876e+000
9.620000e+000 1.904538e+000 1.323277e+000
9.630000e+000 1.885861e+000 1.332721e+000
9.640000e+000 1.867334e+000 1.342206e+000
9.650000e+000 1.848957e+000 1.351732e+000
9.660000e+000 1.830728e+000 1.361299e+000
9.670000e+000 1.812645e+000 1.370907e+000
9.680000e+000 1.794709e+000 1.380554e+000
9.690000e+000 1.776918e+000 1.390240e+000
9.700000e+000 1.759271e+000 1.399964e+000
9.710000e+000 1.741768e+000 1.409727e+000
9.720000e+000 1.724406e+000 1.419527e+000
9.730000e+000 1.707186e+000 1.429364e+000
9.740000e+000 1.690107e+000 1.439238e+000
9.750000e+000 1.673167e+000 1.449147e+000
9.760000e+000 1.656366e+000 1.459091e+000
9.770000e+000 1.639703e+000 1.469070e+000
9.780000e+000 1.623177e+000 1.479083e+000
9.790000e+000 1.606788e+000 1.489129e+000
9.800000e+000 1.590534e+000 1.499208e+000
9.810000e+000 1.574416e+000 1.509318e+000
9.820000e+000 1.558432e+000 1.519460e+000
9.830000e+000 1.542581e+000 1.529633e+000
9.840000e+000 1.526863e+000 1.539835e+000
9.850000e+000 1.511278e+000 1.550066e+000
9.860000e+000 1.495824e+000 1.560326e+000
9.870000e+000 1.480501e+000 1.570613e+000
9.880000e+000 1.465309e+000 1.580928e+000
9.890000e+000 1.450247e+000 1.591268e+000
9.900000e+000 1.435314e+000 1.601634e+000
9.910000e+000 1.420510e+000 1.612024e+000
9.920000e+000 1.405834e+000 1.622438e+000
9.930000e+000 1.391286e+000 1.632874e+000
9.940000e+000 1.376866e+000 1.643333e+000
9.950000e+000 1.362572e+000 1.653813e+000
9.960000e+000 1.348405e+000 1.664313e+000
9.970000e+000 1.334364e+000 1.674833e+000
9.980000e+000 1.320448e+000 1.685371e+000
9.990000e+000 1.306658e+000 1.695927e+000
1.000000e+001 1.292992e+000 1.706499e+000
1.001000e+001 1.279451e+000 1.717087e+000
1.002000e+001 1.266035e+000 1.727690e+000
1.003000e+001 1.252742e+000 1.738308e+000
1.004000e+001 1.239572e+000 1.748938e+000
1.005000e+001 1.226526e+000 1.759580e+000
1.006000e+001 1.213602e+000 1.770233e+000
1.007000e+001 1.200801e+000 1.780896e+000
1.008000e+001 1.188122e+000 1.791569e+000
1.009000e+001 1.175566e+000 1.802250e+000
1.010000e+001 1.163130e+000 1.812937e+000
1.011000e+001 1.150817e+000 1.823631e+000
1.012000e+001 1.138624e+000 1.834331e+000
1.013000e+001 1.126552e+000 1.845034e+000
1.014000e+001 1.114601e+000 1.855741e+000
1.015000e+001 1.102771e+000 1.866450e+000
1.016000e+001 1.091060e+000 1.877160e+000
1.017000e+001 1.079470e+000 1.887870e+000
1.018000e+001 1.067999e+000 1.898580e+000
1.019000e+001 1.056648e+000 1.909288e+000
1.020000e+001 1.045416e+000 1.919993e+000
1.021000e+001 1.034302e+000 1.930694e+000
1.022000e+001 1.023308e+000 1.941391e+000
1.023000e+001 1.012432e+000 1.952082e+000
1.024000e+001 1.001674e+000 1.962766e+000
1.025000e+001 9.910348e-001 1.973442e+000
1.026000e+001 9.805129e-001 1.984110e+000
1.027000e+001 9.701085e-001 1.994768e+000
1.028000e+001 9.598213e-001 2.005416e+000
1.029000e+001 9.496510e-001 2.016052e+000
1.030000e+001 9.395975e-001 2.026676e+000
1.031000e+001 9.296604e-001 2.037287e+000
1.032000e+001 9.198393e-001 2.047883e+000
1.033000e+001 9.101341e-001 2.058464e+000
1.034000e+001 9.005444e-001 2.069030e+000
1.035000e+001 8.910699e-001 2.079578e+000
1.036000e+001 8.817102e-001 2.090109e+000
1.037000e+001 8.724650e-001 2.100621e+000
1.038000e+001 8.633339e-001 2.111114e+000
1.039000e+001 8.543166e-001 2.121586e+000
1.040000e+001 8.454128e-001 2.132038e+000
1.041000e+001 8.366219e-001 2.142467e+000
1.042000e+001 8.279436e-001 2.152875e+000
1.043000e+001 8.193775e-001 2.163259e+000
1.044000e+001 8.109232e-001 2.173619e+000
1.045000e+001 8.025801e-001 2.183954e+000
1.046000e+001 7.943479e-001 2.194264e+000
1.047000e+001 7.862260e-001 2.204548e+000
1.048000e+001 7.782139e-001 2.214805e+000
1.049000e+001 7.703112e-001 2.225035e+000
1.050000e+001 7.625174e-001 2.235238e+000
1.051000e+001 7.548318e-001 2.245411e+000
1.052000e+001 7.472539e-001 2.255556e+000
1.053000e+001 7.397832e-001 2.265671e+000
1.054000e+001 7.324190e-001 2.275756e+000
1.055000e+001 7.251608e-001 2.285811e+000
1.056000e+001 7.180079e-001 2.295835e+000
1.057000e+001 7.109597e-001 2.305827e+000
1.058000e+001 7.040155e-001 2.315787e+000
1.059000e+001 6.971748e-001 2.325715e+000
1.060000e+001 6.904367e-001 2.335610e+000
1.061000e+001 6.838006e-001 2.345472e+000
1.062000e+001 6.772658e-001 2.355301e+000
1.063000e+001 6.708316e-001 2.365096e+000
1.064000e+001 6.644972e-001 2.374857e+000
1.065000e+001 6.582619e-001 2.384584e+000
1.066000e+001 6.521248e-001 2.394277e+000
1.067000e+001 6.460853e-001 2.403935e+000
1.068000e+001 6.401425e-001 2.413557e+000
1.069000e+001 6.342956e-001 2.423145e+000
1.070000e+001 6.285438e-001 2.432697e+000
1.071000e+001 6.228862e-001 2.442214e+000
1.072000e+001 6.173221e-001 2.451696e+000
1.073000e+001 6.118505e-001 2.461142e+000
1.074000e+001 6.064707e-001 2.470552e+000
1.075000e+001 6.011816e-001 2.479926e+000
1.076000e+001 5.959825e-001 2.489264e+000
1.077000e+001 5.908725e-001 2.498567e+000
1.078000e+001 5.858506e-001 2.507833e+000
1.079000e+001 5.809159e-001 2.517064e+000
1.080000e+001 5.760676e-001 2.526259e+000
1.081000e+001 5.713047e-001 2.535418e+000
1.082000e+001 5.666262e-001 2.544541e+000
1.083000e+001 5.620313e-001 2.553629e+000
1.084000e+001 5.575189e-001 2.562680e+000
1.085000e+001 5.530882e-001 2.571697e+000
1.086000e+001 5.487382e-001 2.580678e+000
1.087000e+001 5.444680e-001 2.589623e+000
1.088000e+001 5.402765e-001 2.598534e+000
1.089000e+001 5.361629e-001 2.607409e+000
1.090000e+001 5.321261e-001 2.616250e+000
1.091000e+001 5.281652e-001 2.625056e+000
1.092000e+001 5.242793e-001 2.633828e+000
1.093000e+001 5.204673e-001 2.642565e+000
1.094000e+001 5.167284e-001 2.651268e+000
1.095000e+001 5.130614e-001 2.659937e+000
1.096000e+001 5.094656e-001 2.668573e+000
1.097000e+001 5.059399e-001 2.677175e+000
1.098000e+001 5.024833e-001 2.685745e+000
1.099000e+001 4.990949e-001 2.694281e+000
1.100000e+001 4.957737e-001 2.702784e+000
1.101000e+001 4.925188e-001 2.711256e+000
1.102000e+001 4.893293e-001 2.719695e+000
1.103000e+001 4.862041e-001 2.728102e+000
1.104000e+001 4.831424e-001 2.736478e+000
1.105000e+001 4.801431e-001 2.744823e+000
1.106000e+001 4.772055e-001 2.753136e+000
1.107000e+001 4.743284e-001 2.761419e+000
1.108000e+001 4.715111e-001 2.769672e+000
1.109000e+001 4.687526e-001 2.777895e+000
1.110000e+001 4.660520e-001 2.786088e+000
1.111000e+001 4.634084e-001 2.794251e+000
1.112000e+001 4.608208e-001 2.802385e+000
1.113000e+001 4.582885e-001 2.810491e+000
1.114000e+001 4.558105e-001 2.818568e+000
1.115000e+001 4.533859e-001 2.826617e+000
1.116000e+001 4.510139e-001 2.834638e+000
1.117000e+001 4.486936e-001 2.842631e+000
1.118000e+001 4.464242e-001 2.850598e+000
1.119000e+001 4.442048e-001 2.858537e+000
1.120000e+001 4.420346e-001 2.866450e+000
1.121000e+001 4.399127e-001 2.874337e+000
1.122000e+001 4.378384e-001 2.882197e+000
1.123000e+001 4.358109e-001 2.890033e+000
1.124000e+001 4.338293e-001 2.897843e+000
1.125000e+001 4.318928e-001 2.905628e+000
1.126000e+001 4.300007e-001 2.913388e+000
1.127000e+001 4.281522e-001 2.921124e+000
1.128000e+001 4.263466e-001 2.928836e+000
1.129000e+001 4.245830e-001 2.936524e+000
1.130000e+001 4.228608e-001 2.944189e+000
1.131000e+001 4.211793e-001 2.951831e+000
1.132000e+001 4.195376e-001 2.959450e+000
1.133000e+001 4.179351e-001 2.967047e+000
1.134000e+001 4.163711e-001 2.974621e+000
1.135000e+001 4.148449e-001 2.982174e+000
1.136000e+001 4.133558e-001 2.989705e+000
1.137000e+001 4.119031e-001 2.997215e+000
1.138000e+001 4.104862e-001 3.004704e+000
1.139000e+001 4.091044e-001 3.012172e+000
1.140000e+001 4.077571e-001 3.019620e+000
1.141000e+001 4.064437e-001 3.027047e+000
1.142000e+001 4.051635e-001 3.034455e+000
1.143000e+001 4.039159e-001 3.041843e+000
1.144000e+001 4.027003e-001 3.049212e+000
1.145000e+001 4.015162e-001 3.056562e+000
1.146000e+001 4.003628e-001 3.063893e+000
1.147000e+001 3.992398e-001 3.071206e+000
1.148000e+001 3.981464e-001 3.078500e+000
1.149000e+001 3.970822e-001 3.085776e+000
1.150000e+001 3.960465e-001 3.093035e+000
1.151000e+001 3.950390e-001 3.100276e+000
1.152000e+001 3.940589e-001 3.107500e+000
1.153000e+001 3.931059e-001 3.114706e+000
1.154000e+001 3.921794e-001 3.121896e+000
1.155000e+001 3.912789e-001 3.129069e+000
1.156000e+001 3.904039e-001 3.136226e+000
1.157000e+001 3.895539e-001 3.143367e+000
1.158000e+001 3.887285e-001 3.150492e+000
1.159000e+001 3.879272e-001 3.157601e+000
1.160000e+001 3.871496e-001 3.164695e+000
1.161000e+001 3.863951e-001 3.171773e+000
1.162000e+001 3.856635e-001 3.178836e+000
1.163000e+001 3.849541e-001 3.185884e+000
1.164000e+001 3.842666e-001 3.192918e+000
1.165000e+001 3.836007e-001 3.199937e+000
1.166000e+001 3.829558e-001 3.206942e+000
1.167000e+001 3.823316e-001 3.213933e+000
1.168000e+001 3.817277e-001 3.220909e+000
1.169000e+001 3.811437e-001 3.227872e+000
1.170000e+001 3.805793e-001 3.234821e+000
1.171000e+001 3.800340e-001 3.241757e+000
1.172000e+001 3.795076e-001 3.248680e+000
1.173000e+001 3.789996e-001 3.255589e+000
1.174000e+001 3.785097e-001 3.262486e+000
1.175000e+001 3.780376e-001 3.269369e+000
1.176000e+001 3.775829e-001 3.276240e+000
1.177000e+001 3.771453e-001 3.283099e+000
1.178000e+001 3.767246e-001 3.289945e+000
1.179000e+001 3.763203e-001 3.296779e+000
1.180000e+001 3.759322e-001 3.303601e+000
1.181000e+001 3.755599e-001 3.310410e+000
1.182000e+001 3.752033e-001 3.317208e+000
1.183000e+001 3.748620e-001 3.323995e+000
1.184000e+001 3.745357e-001 3.330769e+000
1.185000e+001 3.742241e-001 3.337533e+000
1.186000e+001 3.739270e-001 3.344285e+000
1.187000e+001 3.736441e-001 3.351025e+000
1.188000e+001 3.733752e-001 3.357755e+000
1.189000e+001 3.731199e-001 3.364474e+000
1.190000e+001 3.728782e-001 3.371181e+000
1.191000e+001 3.726496e-001 3.377878e+000
1.192000e+001 3.724340e-001 3.384564e+000
1.193000e+001 3.722312e-001 3.391240e+000
1.194000e+001 3.720409e-001 3.397905e+000
1.195000e+001 3.718629e-001 3.404560e+000
1.196000e+001 3.716970e-001 3.411204e+000
1.197000e+001 3.715429e-001 3.417839e+000
1.198000e+001 3.714006e-001 3.424463e+000
1.199000e+001 3.712697e-001 3.431077e+000
1.200000e+001 3.711501e-001 3.437681e+000
1.201000e+001 3.710415e-001 3.444275e+000
1.202000e+001 3.709438e-001 3.450859e+000
1.203000e+001 3.708569e-001 3.457434e+000
1.204000e+001 3.707805e-001 3.463998e+000
1.205000e+001 3.707144e-001 3.470554e+000
1.206000e+001 3.706585e-001 3.477099e+000
1.207000e+001 3.706127e-001 3.483636e+000
1.208000e+001 3.705766e-001 3.490162e+000
1.209000e+001 3.705503e-001 3.496680e+000
1.210000e+001 3.705335e-001 3.503188e+000
1.211000e+001 3.705261e-001 3.509687e+000
1.212000e+001 3.705280e-001 3.516176e+000
1.213000e+001 3.705389e-001 3.522657e+000
1.214000e+001 3.705587e-001 3.529128e+000
1.215000e+001 3.705874e-001 3.535590e+000
1.216000e+001 3.706248e-001 3.542044e+000
1.217000e+001 3.706707e-001 3.548488e+000
1.218000e+001 3.707250e-001 3.554923e+000
1.219000e+001 3.707876e-001 3.561350e+000
1.220000e+001 3.708584e-001 3.567767e+000
1.221000e+001 3.709373e-001 3.574176e+000
1.222000e+001 3.710240e-001 3.580576e+000
1.223000e+001 3.711186e-001 3.586967e+000
1.224000e+001 3.712210e-001 3.593350e+000
1.225000e+001 3.713309e-001 3.599724e+000
1.226000e+001 3.714483e-001 3.606089e+000
1.227000e+001 3.715731e-001 3.612445e+000
1.228000e+001 3.717053e-001 3.618793e+000
1.229000e+001 3.718446e-001 3.625132e+000
1.230000e+001 3.719910e-001 3.631463e+000
1.231000e+001 3.721445e-001 3.637785e+000
1.232000e+001 3.723049e-001 3.644099e+000
1.233000e+001 3.724721e-001 3.650404e+000
1.234000e+001 3.726462e-001 3.656700e+000
1.235000e+001 3.728268e-001 3.662988e+000
1.236000e+001 3.730141e-001 3.669268e+000
1.237000e+001 3.732079e-001 3.675539e+000
1.238000e+001 3.734082e-001 3.681801e+000
1.239000e+001 3.736148e-001 3.688055e+000
1.240000e+001 3.738278e-001 3.694301e+000
1.241000e+001 3.740470e-001 3.700538e+000
1.242000e+001 3.742723e-001 3.706767e+000
1.243000e+001 3.745038e-001 3.712987e+000
1.244000e+001 3.747413e-001 3.719199e+000
1.245000e+001 3.749847e-001 3.725402e+000
1.246000e+001 3.752342e-001 3.731597e+000
1.247000e+001 3.754894e-001 3.737783e+000
1.248000e+001 3.757505e-001 3.743961e+000
1.249000e+001 3.760174e-001 3.750130e+000
1.250000e+001 3.762899e-001 3.756291e+000
1.251000e+001 3.765681e-001 3.762444e+000
1.252000e+001 3.768520e-001 3.768587e+000
1.253000e+001 3.771413e-001 3.774723e+000
1.254000e+001 3.774363e-001 3.780850e+000
1.255000e+001 3.777366e-001 3.786968e+000
1.256000e+001 3.780425e-001 3.793078e+000
1.257000e+001 3.783537e-001 3.799179e+000
1.258000e+001 3.786703e-001 3.805271e+000
1.259000e+001 3.789922e-001 3.811355e+000
1.260000e+001 3.793194e-001 3.817431e+000
1.261000e+001 3.796518e-001 3.823497e+000
1.262000e+001 3.799895e-001 3.829555e+000
1.263000e+001 3.803323e-001 3.835604e+000
1.264000e+001 3.806803e-001 3.841645e+000
1.265000e+001 3.810335e-001 3.847677e+000
1.266000e+001 3.813917e-001 3.853700e+000
1.267000e+001 3.817551e-001 3.859714e+000
1.268000e+001 3.821235e-001 3.865719e+000
1.269000e+001 3.824969e-001 3.871716e+000
1.270000e+001 3.828754e-001 3.877704e+000
1.271000e+001 3.832588e-001 3.883682e+000
1.272000e+001 3.836473e-001 3.889652e+000
1.273000e+001 3.840406e-001 3.895613e+000
1.274000e+001 3.844390e-001 3.901564e+000
1.275000e+001 3.848422e-001 3.907507e+000
1.276000e+001 3.852504e-001 3.913441e+000
1.277000e+001 3.856635e-001 3.919365e+000
1.278000e+001 3.860815e-001 3.925280e+000
1.279000e+001 3.865044e-001 3.931186e+000
1.280000e+001 3.869321e-001 3.937083e+000
1.281000e+001 3.873647e-001 3.942971e+000
1.282000e+001 3.878022e-001 3.948849e+000
1.283000e+001 3.882445e-001 3.954717e+000
1.284000e+001 3.886917e-001 3.960577e+000
1.285000e+001 3.891437e-001 3.966427e+000
1.286000e+001 3.896006e-001 3.972267e+000
1.287000e+001 3.900623e-001 3.978097e+000
1.288000e+001 3.905289e-001 3.983919e+000
1.289000e+001 3.910003e-001 3.989730e+000
1.290000e+001 3.914766e-001 3.995531e+000
1.291000e+001 3.919578e-001 4.001323e+000
1.292000e+001 3.924438e-001 4.007105e+000
1.293000e+001 3.929347e-001 4.012877e+000
1.294000e+001 3.934304e-001 4.018639e+000
1.295000e+001 3.939311e-001 4.024391e+000
1.296000e+001 3.944366e-001 4.030133e+000
1.297000e+001 3.949470e-001 4.035865e+000
1.298000e+001 3.954624e-001 4.041587e+000
1.299000e+001 3.959827e-001 4.047298e+000
1.300000e+001 3.965079e-001 4.052999e+000
1.301000e+001 3.970381e-001 4.058690e+000
1.302000e+001 3.975732e-001 4.064370e+000
1.303000e+001 3.981134e-001 4.070040e+000
1.304000e+001 3.986585e-001 4.075699e+000
1.305000e+001 3.992087e-001 4.081347e+000
1.306000e+001 3.997640e-001 4.086985e+000
1.307000e+001 4.003243e-001 4.092612e+000
1.308000e+001 4.008897e-001 4.098228e+000
1.309000e+001 4.014602e-001 4.103832e+000
1.310000e+001 4.020358e-001 4.109426e+000
1.311000e+001 4.026166e-001 4.115009e+000
1.312000e+001 4.032027e-001 4.120581e+000
1.313000e+001 4.037939e-001 4.126141e+000
1.314000e+001 4.043904e-001 4.131690e+000
1.315000e+001 4.049921e-001 4.137227e+000
1.316000e+001 4.055992e-001 4.142753e+000
1.317000e+001 4.062116e-001 4.148267e+000
1.318000e+001 4.068294e-001 4.153770e+000
1.319000e+001 4.074526e-001 4.159260e+000
1.320000e+001 4.080813e-001 4.164739e+000
1.321000e+001 4.087154e-001 4.170206e+000
1.322000e+001 4.093551e-001 4.175661e+000
1.323000e+001 4.100003e-001 4.181103e+000
1.324000e+001 4.106512e-001 4.186534e+000
1.325000e+001 4.113077e-001 4.191951e+000
1.326000e+001 4.119698e-001 4.197357e+000
1.327000e+001 4.126377e-001 4.202749e+000
1.328000e+001 4.133114e-001 4.208130e+000
1.329000e+001 4.139910e-001 4.213497e+000
1.330000e+001 4.146763e-001 4.218851e+000
1.331000e+001 4.153677e-001 4.224192e+000
1.332000e+001 4.160650e-001 4.229521e+000
1.333000e+001 4.167683e-001 4.234836e+000
1.334000e+001 4.174777e-001 4.240137e+000
1.335000e+001 4.181933e-001 4.245425e+000
1.336000e+001 4.189150e-001 4.250700e+000
1.337000e+001 4.196430e-001 4.255961e+000
1.338000e+001 4.203773e-001 4.261207e+000
1.339000e+001 4.211180e-001 4.266440e+000
1.340000e+001 4.218651e-001 4.271659e+000
1.341000e+001 4.226187e-001 4.276864e+000
1.342000e+001 4.233789e-001 4.282054e+000
1.343000e+001 4.241458e-001 4.287230e+000
1.344000e+001 4.249193e-001 4.292391e+000
1.345000e+001 4.256996e-001 4.297537e+000
1.346000e+001 4.264868e-001 4.302668e+000
1.347000e+001 4.272808e-001 4.307784e+000
1.348000e+001 4.280819e-001 4.312886e+000
1.349000e+001 4.288900e-001 4.317971e+000
1.350000e+001 4.297053e-001 4.323041e+000
1.351000e+001 4.305279e-001 4.328096e+000
1.352000e+001 4.313577e-001 4.333134e+000
1.353000e+001 4.321950e-001 4.338157e+000
1.354000e+001 4.330397e-001 4.343164e+000
1.355000e+001 4.338920e-001 4.348154e+000
1.356000e+001 4.347520e-001 4.353127e+000
1.357000e+001 4.356198e-001 4.358084e+000
1.358000e+001 4.364954e-001 4.363024e+000
1.359000e+001 4.373789e-001 4.367947e+000
1.360000e+001 4.382706e-001 4.372853e+000
1.361000e+001 4.391703e-001 4.377742e+000
1.362000e+001 4.400784e-001 4.382613e+000
1.363000e+001 4.409948e-001 4.387466e+000
1.364000e+001 4.419197e-001 4.392301e+000
1.365000e+001 4.428531e-001 4.397118e+000
1.366000e+001 4.437953e-001 4.401917e+000
1.367000e+001 4.447463e-001 4.406697e+000
1.368000e+001 4.457063e-001 4.411458e+000
1.369000e+001 4.466753e-001 4.416200e+000
1.370000e+001 4.476534e-001 4.420923e+000
1.371000e+001 4.486410e-001 4.425627e+000
1.372000e+001 4.496379e-001 4.430311e+000
1.373000e+001 4.506444e-001 4.434975e+000
1.374000e+001 4.516607e-001 4.439619e+000
1.375000e+001 4.526868e-001 4.444242e+000
1.376000e+001 4.537229e-001 4.448845e+000
1.377000e+001 4.547691e-001 4.453427e+000
1.378000e+001 4.558257e-001 4.457988e+000
1.379000e+001 4.568927e-001 4.462527e+000
1.380000e+001 4.579703e-001 4.467045e+000
1.381000e+001 4.590586e-001 4.471540e+000
1.382000e+001 4.601579e-001 4.476014e+000
1.383000e+001 4.612683e-001 4.480465e+000
1.384000e+001 4.623900e-001 4.484893e+000
1.385000e+001 4.635232e-001 4.489299e+000
1.386000e+001 4.646679e-001 4.493681e+000
1.387000e+001 4.658245e-001 4.498039e+000
1.388000e+001 4.669931e-001 4.502373e+000
1.389000e+001 4.681739e-001 4.506683e+000
1.390000e+001 4.693671e-001 4.510968e+000
1.391000e+001 4.705730e-001 4.515228e+000
1.392000e+001 4.717916e-001 4.519463e+000
1.393000e+001 4.730233e-001 4.523672e+000
1.394000e+001 4.742682e-001 4.527855e+000
1.395000e+001 4.755266e-001 4.532012e+000
1.396000e+001 4.767987e-001 4.536142e+000
1.397000e+001 4.780847e-001 4.540245e+000
1.398000e+001 4.793850e-001 4.544321e+000
1.399000e+001 4.806996e-001 4.548368e+000
1.400000e+001 4.820290e-001 4.552387e+000
1.401000e+001 4.833733e-001 4.556378e+000
1.402000e+001 4.847329e-001 4.560339e+000
1.403000e+001 4.861079e-001 4.564271e+000
1.404000e+001 4.874987e-001 4.568173e+000
1.405000e+001 4.889056e-001 4.572044e+000
1.406000e+001 4.903289e-001 4.575884e+000
1.407000e+001 4.917688e-001 4.579693e+000
1.408000e+001 4.932258e-001 4.583469e+000
1.409000e+001 4.947000e-001 4.587214e+000
1.410000e+001 4.961919e-001 4.590925e+000
1.411000e+001 4.977018e-001 4.594603e+000
1.412000e+001 4.992300e-001 4.598247e+000
1.413000e+001 5.007769e-001 4.601857e+000
1.414000e+001 5.023428e-001 4.605431e+000
1.415000e+001 5.039282e-001 4.608970e+000
1.416000e+001 5.055334e-001 4.612472e+000
1.417000e+001 5.071589e-001 4.615938e+000
1.418000e+001 5.088050e-001 4.619366e+000
1.419000e+001 5.104722e-001 4.622755e+000
1.420000e+001 5.121609e-001 4.626106e+000
1.421000e+001 5.138715e-001 4.629418e+000
1.422000e+001 5.156046e-001 4.632689e+000
1.423000e+001 5.173605e-001 4.635920e+000
1.424000e+001 5.191399e-001 4.639109e+000
1.425000e+001 5.209431e-001 4.642255e+000
1.426000e+001 5.227707e-001 4.645359e+000
1.427000e+001 5.246233e-001 4.648418e+000
1.428000e+001 5.265013e-001 4.651433e+000
1.429000e+001 5.284055e-001 4.654402e+000
1.430000e+001 5.303362e-001 4.657325e+000
1.431000e+001 5.322943e-001 4.660200e+000
1.432000e+001 5.342801e-001 4.663028e+000
1.433000e+001 5.362946e-001 4.665806e+000
1.434000e+001 5.383382e-001 4.668534e+000
1.435000e+001 5.404116e-001 4.671211e+000
1.436000e+001 5.425156e-001 4.673835e+000
1.437000e+001 5.446510e-001 4.676407e+000
1.438000e+001 5.468183e-001 4.678925e+000
1.439000e+001 5.490185e-001 4.681387e+000
1.440000e+001 5.512524e-001 4.683792e+000
1.441000e+001 5.535207e-001 4.686140e+000
1.442000e+001 5.558243e-001 4.688429e+000
1.443000e+001 5.581641e-001 4.690658e+000
1.444000e+001 5.605411e-001 4.692826e+000
1.445000e+001 5.629561e-001 4.694930e+000
1.446000e+001 5.654102e-001 4.696971e+000
1.447000e+001 5.679043e-001 4.698946e+000
1.448000e+001 5.704396e-001 4.700854e+000
1.449000e+001 5.730171e-001 4.702693e+000
1.450000e+001 5.756379e-001 4.704462e+000
1.451000e+001 5.783033e-001 4.706159e+000
1.452000e+001 5.810144e-001 4.707783e+000
1.453000e+001 5.837724e-001 4.709332e+000
1.454000e+001 5.865788e-001 4.710804e+000
1.455000e+001 5.894348e-001 4.712197e+000
1.456000e+001 5.923418e-001 4.713509e+000
1.457000e+001 5.953014e-001 4.714739e+000
1.458000e+001 5.983149e-001 4.715883e+000
1.459000e+001 6.013841e-001 4.716941e+000
1.460000e+001 6.045105e-001 4.717909e+000
1.461000e+001 6.076958e-001 4.718786e+000
1.462000e+001 6.109418e-001 4.719570e+000
1.463000e+001 6.142503e-001 4.720257e+000
1.464000e+001 6.176233e-001 4.720845e+000
1.465000e+001 6.210627e-001 4.721331e+000
1.466000e+001 6.245706e-001 4.721713e+000
1.467000e+001 6.281491e-001 4.721988e+000
1.468000e+001 6.318006e-001 4.722153e+000
1.469000e+001 6.355273e-001 4.722204e+000
1.470000e+001 6.393318e-001 4.722139e+000
1.471000e+001 6.432164e-001 4.721954e+000
1.472000e+001 6.471841e-001 4.721646e+000
1.473000e+001 6.512374e-001 4.721211e+000
1.474000e+001 6.553793e-001 4.720644e+000
1.475000e+001 6.596129e-001 4.719943e+000
1.476000e+001 6.639413e-001 4.719103e+000
1.477000e+001 6.683678e-001 4.718120e+000
1.478000e+001 6.728960e-001 4.716989e+000
1.479000e+001 6.775294e-001 4.715705e+000
1.480000e+001 6.822719e-001 4.714264e+000
1.481000e+001 6.871275e-001 4.712661e+000
1.482000e+001 6.921003e-001 4.710889e+000
1.483000e+001 6.971947e-001 4.708944e+000
1.484000e+001 7.024154e-001 4.706820e+000
1.485000e+001 7.077672e-001 4.704510e+000
1.486000e+001 7.132552e-001 4.702008e+000
1.487000e+001 7.188847e-001 4.699307e+000
1.488000e+001 7.246613e-001 4.696400e+000
1.489000e+001 7.305910e-001 4.693280e+000
1.490000e+001 7.366799e-001 4.689939e+000
1.491000e+001 7.429346e-001 4.686368e+000
1.492000e+001 7.493621e-001 4.682559e+000
1.493000e+001 7.559696e-001 4.678503e+000
1.494000e+001 7.627648e-001 4.674190e+000
1.495000e+001 7.697558e-001 4.669610e+000
1.496000e+001 7.769511e-001 4.664752e+000
1.497000e+001 7.843599e-001 4.659607e+000
1.498000e+001 7.919916e-001 4.654160e+000
1.499000e+001 7.998565e-001 4.648400e+000
1.500000e+001 8.079652e-001 4.642315e+000
1.501000e+001 8.163292e-001 4.635889e+000
1.502000e+001 8.249604e-001 4.629108e+000
1.503000e+001 8.338717e-001 4.621957e+000
1.504000e+001 8.430766e-001 4.614419e+000
1.505000e+001 8.525895e-001 4.606476e+000
1.506000e+001 8.624258e-001 4.598110e+000
1.507000e+001 8.726017e-001 4.589302e+000
1.508000e+001 8.831346e-001 4.580030e+000
1.509000e+001 8.940430e-001 4.570271e+000
1.510000e+001 9.053465e-001 4.560004e+000
1.511000e+001 9.170661e-001 4.549201e+000
1.512000e+001 9.292241e-001 4.537837e+000
1.513000e+001 9.418446e-001 4.525883e+000
1.514000e+001 9.549531e-001 4.513308e+000
1.515000e+001 9.685767e-001 4.500080e+000
1.516000e+001 9.827449e-001 4.486164e+000
1.517000e+001 9.974887e-001 4.471524e+000
1.518000e+001 1.012842e+000 4.456120e+000
1.519000e+001 1.028840e+000 4.439909e+000
1.520000e+001 1.045521e+000 4.422846e+000
1.521000e+001 1.062928e+000 4.404882e+000
1.522000e+001 1.081103e+000 4.385967e+000
1.523000e+001 1.100094e+000 4.366043e+000
1.524000e+001 1.119953e+000 4.345052e+000
1.525000e+001 1.140733e+000 4.322930e+000
1.526000e+001 1.162494e+000 4.299608e+000
1.527000e+001 1.185299e+000 4.275013e+000
1.528000e+001 1.209214e+000 4.249066e+000
1.529000e+001 1.234313e+000 4.221684e+000
1.530000e+001 1.260673e+000 4.192775e+000
1.531000e+001 1.288376e+000 4.162244e+000
1.532000e+001 1.317513e+000 4.129987e+000
1.533000e+001 1.348176e+000 4.095895e+000
1.534000e+001 1.380468e+000 4.059850e+000
1.535000e+001 1.414494e+000 4.021729e+000
1.536000e+001 1.450369e+000 3.981399e+000
1.537000e+001 1.488211e+000 3.938722e+000
1.538000e+001 1.528146e+000 3.893552e+000
1.539000e+001 1.570303e+000 3.845736e+000
1.540000e+001 1.614817e+000 3.795117e+000
1.541000e+001 1.661824e+000 3.741534e+000
1.542000e+001 1.711461e+000 3.684822e+000
1.543000e+001 1.763864e+000 3.624818e+000
1.544000e+001 1.819164e+000 3.561363e+000
1.545000e+001 1.877482e+000 3.494304e+000
1.546000e+001 1.938922e+000 3.423506e+000
1.547000e+001 2.003570e+000 3.348850e+000
1.548000e+001 2.071480e+000 3.270248e+000
1.549000e+001 2.142669e+000 3.187652e+000
1.550000e+001 2.217101e+000 3.101061e+000
1.551000e+001 2.294683e+000 3.010536e+000
1.552000e+001 2.375248e+000 2.916213e+000
1.553000e+001 2.458542e+000 2.818316e+000
1.554000e+001 2.544219e+000 2.717165e+000
1.555000e+001 2.631826e+000 2.613190e+000
1.556000e+001 2.720806e+000 2.506931e+000
1.557000e+001 2.810494e+000 2.399042e+000
1.558000e+001 2.900130e+000 2.290280e+000
1.559000e+001 2.988874e+000 2.181490e+000
1.560000e+001 3.075831e+000 2.073579e+000
1.561000e+001 3.160085e+000 1.967487e+000
1.562000e+001 3.240737e+000 1.864148e+000
1.563000e+001 3.316939e+000 1.764446e+000
1.564000e+001 3.387942e+000 1.669185e+000
1.565000e+001 3.453116e+000 1.579049e+000
1.566000e+001 3.511984e+000 1.494579e+000
1.567000e+001 3.564228e+000 1.416160e+000
1.568000e+001 3.609691e+000 1.344016e+000
1.569000e+001 3.648372e+000 1.278221e+000
1.570000e+001 3.680404e+000 1.218709e+000
1.571000e+001 3.706035e+000 1.165301e+000
1.572000e+001 3.725603e+000 1.117723e+000
1.573000e+001 3.739506e+000 1.075637e+000
1.574000e+001 3.748183e+000 1.038660e+000
1.575000e+001 3.752094e+000 1.006385e+000
1.576000e+001 3.751697e+000 9.783994e-001
1.577000e+001 3.747441e+000 9.542963e-001
1.578000e+001 3.739756e+000 9.336854e-001
1.579000e+001 3.729040e+000 9.161988e-001
1.580000e+001 3.715666e+000 9.014959e-001
1.581000e+001 3.699970e+000 8.892647e-001
1.582000e+001 3.682257e+000 8.792225e-001
1.583000e+001 3.662801e+000 8.711152e-001
1.584000e+001 3.641845e+000 8.647163e-001
1.585000e+001 3.619604e+000 8.598244e-001
1.586000e+001 3.596270e+000 8.562618e-001
1.587000e+001 3.572008e+000 8.538716e-001
1.588000e+001 3.546966e+000 8.525162e-001
1.589000e+001 3.521272e+000 8.520751e-001
1.590000e+001 3.495037e+000 8.524425e-001
1.591000e+001 3.468358e+000 8.535260e-001
1.592000e+001 3.441321e+000 8.552449e-001
1.593000e+001 3.414000e+000 8.575287e-001
1.594000e+001 3.386458e+000 8.603156e-001
1.595000e+001 3.358752e+000 8.635519e-001
1.596000e+001 3.330930e+000 8.671905e-001
1.597000e+001 3.303034e+000 8.711901e-001
1.598000e+001 3.275101e+000 8.755147e-001
1.599000e+001 3.247163e+000 8.801327e-001
1.600000e+001 3.219247e+000 8.850165e-001
1.601000e+001 3.191378e+000 8.901416e-001
1.602000e+001 3.163575e+000 8.954868e-001
1.603000e+001 3.135857e+000 9.010331e-001
1.604000e+001 3.108241e+000 9.067641e-001
1.605000e+001 3.080738e+000 9.126652e-001
1.606000e+001 3.053361e+000 9.187234e-001
1.607000e+001 3.026120e+000 9.249274e-001
1.608000e+001 2.999024e+000 9.312670e-001
1.609000e+001 2.972080e+000 9.377333e-001
1.610000e+001 2.945294e+000 9.443183e-001
1.611000e+001 2.918672e+000 9.510150e-001
1.612000e+001 2.892218e+000 9.578171e-001
1.613000e+001 2.865936e+000 9.647189e-001
1.614000e+001 2.839830e+000 9.717154e-001
1.615000e+001 2.813901e+000 9.788022e-001
1.616000e+001 2.788153e+000 9.859752e-001
1.617000e+001 2.762587e+000 9.932309e-001
1.618000e+001 2.737204e+000 1.000566e+000
1.619000e+001 2.712006e+000 1.007977e+000
1.620000e+001 2.686993e+000 1.015463e+000
1.621000e+001 2.662165e+000 1.023020e+000
1.622000e+001 2.637523e+000 1.030646e+000
1.623000e+001 2.613067e+000 1.038339e+000
1.624000e+001 2.588796e+000 1.046099e+000
1.625000e+001 2.564711e+000 1.053922e+000
1.626000e+001 2.540811e+000 1.061807e+000
1.627000e+001 2.517095e+000 1.069754e+000
1.628000e+001 2.493563e+000 1.077761e+000
1.629000e+001 2.470213e+000 1.085827e+000
1.630000e+001 2.447046e+000 1.093950e+000
1.631000e+001 2.424060e+000 1.102130e+000
1.632000e+001 2.401254e+000 1.110366e+000
1.633000e+001 2.378628e+000 1.118657e+000
1.634000e+001 2.356179e+000 1.127003e+000
1.635000e+001 2.333908e+000 1.135402e+000
1.636000e+001 2.311813e+000 1.143853e+000
1.637000e+001 2.289892e+000 1.152357e+000
1.638000e+001 2.268145e+000 1.160913e+000
1.639000e+001 2.246571e+000 1.169519e+000
1.640000e+001 2.225167e+000 1.178176e+000
1.641000e+001 2.203934e+000 1.186883e+000
1.642000e+001 2.182869e+000 1.195639e+000
1.643000e+001 2.161972e+000 1.204444e+000
1.644000e+001 2.141242e+000 1.213297e+000
1.645000e+001 2.120676e+000 1.222198e+000
1.646000e+001 2.100274e+000 1.231147e+000
1.647000e+001 2.080035e+000 1.240142e+000
1.648000e+001 2.059957e+000 1.249184e+000
1.649000e+001 2.040040e+000 1.258272e+000
1.650000e+001 2.020282e+000 1.267405e+000
1.651000e+001 2.000681e+000 1.276584e+000
1.652000e+001 1.981237e+000 1.285807e+000
1.653000e+001 1.961949e+000 1.295074e+000
1.654000e+001 1.942816e+000 1.304385e+000
1.655000e+001 1.923835e+000 1.313739e+000
1.656000e+001 1.905007e+000 1.323135e+000
1.657000e+001 1.886330e+000 1.332575e+000
1.658000e+001 1.867803e+000 1.342055e+000
1.659000e+001 1.849425e+000 1.351578e+000
1.660000e+001 1.831195e+000 1.361141e+000
1.661000e+001 1.813112e+000 1.370744e+000
1.662000e+001 1.795175e+000 1.380387e+000
1.663000e+001 1.777383e+000 1.390069e+000
1.664000e+001 1.759735e+000 1.399790e+000
1.665000e+001 1.742230e+000 1.409549e+000
1.666000e+001 1.724867e+000 1.419346e+000
1.667000e+001 1.707646e+000 1.429179e+000
1.668000e+001 1.690565e+000 1.439049e+000
1.669000e+001 1.673624e+000 1.448955e+000
1.670000e+001 1.656821e+000 1.458897e+000
1.671000e+001 1.640157e+000 1.468872e+000
1.672000e+001 1.623629e+000 1.478882e+000
1.673000e+001 1.607238e+000 1.488925e+000
1.674000e+001 1.590983e+000 1.499001e+000
1.675000e+001 1.574862e+000 1.509109e+000
1.676000e+001 1.558876e+000 1.519248e+000
1.677000e+001 1.543024e+000 1.529418e+000
1.678000e+001 1.527304e+000 1.539618e+000
1.679000e+001 1.511716e+000 1.549847e+000
1.680000e+001 1.496261e+000 1.560104e+000
1.681000e+001 1.480936e+000 1.570389e+000
1.682000e+001 1.465741e+000 1.580701e+000
1.683000e+001 1.450677e+000 1.591039e+000
1.684000e+001 1.435742e+000 1.601403e+000
1.685000e+001 1.420935e+000 1.611791e+000
1.686000e+001 1.406257e+000 1.622203e+000
1.687000e+001 1.391707e+000 1.632637e+000
1.688000e+001 1.377284e+000 1.643094e+000
1.689000e+001 1.362988e+000 1.653572e+000
1.690000e+001 1.348818e+000 1.664070e+000
1.691000e+001 1.334775e+000 1.674588e+000
1.692000e+001 1.320857e+000 1.685125e+000
1.693000e+001 1.307064e+000 1.695679e+000
1.694000e+001 1.293396e+000 1.706250e+000
1.695000e+001 1.279852e+000 1.716836e+000
1.696000e+001 1.266433e+000 1.727438e+000
1.697000e+001 1.253137e+000 1.738054e+000
1.698000e+001 1.239965e+000 1.748682e+000
1.699000e+001 1.226916e+000 1.759323e+000
1.700000e+001 1.213990e+000 1.769975e+000
1.701000e+001 1.201186e+000 1.780637e+000
1.702000e+001 1.188504e+000 1.791308e+000
1.703000e+001 1.175945e+000 1.801988e+000
1.704000e+001 1.163507e+000 1.812675e+000
1.705000e+001 1.151190e+000 1.823368e+000
1.706000e+001 1.138995e+000 1.834066e+000
1.707000e+001 1.126920e+000 1.844769e+000
1.708000e+001 1.114966e+000 1.855474e+000
1.709000e+001 1.103133e+000 1.866182e+000
1.710000e+001 1.091420e+000 1.876892e+000
1.711000e+001 1.079826e+000 1.887601e+000
1.712000e+001 1.068352e+000 1.898310e+000
1.713000e+001 1.056998e+000 1.909017e+000
1.714000e+001 1.045763e+000 1.919722e+000
1.715000e+001 1.034647e+000 1.930423e+000
1.716000e+001 1.023649e+000 1.941119e+000
1.717000e+001 1.012770e+000 1.951809e+000
1.718000e+001 1.002010e+000 1.962493e+000
1.719000e+001 9.913669e-001 1.973169e+000
1.720000e+001 9.808419e-001 1.983837e+000
1.721000e+001 9.704344e-001 1.994495e+000
1.722000e+001 9.601441e-001 2.005142e+000
1.723000e+001 9.499707e-001 2.015778e+000
1.724000e+001 9.399141e-001 2.026402e+000
1.725000e+001 9.299738e-001 2.037012e+000
1.726000e+001 9.201497e-001 2.047609e+000
1.727000e+001 9.104413e-001 2.058190e+000
1.728000e+001 9.008484e-001 2.068755e+000
1.729000e+001 8.913707e-001 2.079303e+000
1.730000e+001 8.820079e-001 2.089834e+000
1.731000e+001 8.727595e-001 2.100346e+000
1.732000e+001 8.636253e-001 2.110839e+000
1.733000e+001 8.546048e-001 2.121312e+000
1.734000e+001 8.456978e-001 2.131764e+000
1.735000e+001 8.369037e-001 2.142194e+000
1.736000e+001 8.282223e-001 2.152601e+000
1.737000e+001 8.196530e-001 2.162986e+000
1.738000e+001 8.111954e-001 2.173346e+000
1.739000e+001 8.028492e-001 2.183682e+000
1.740000e+001 7.946138e-001 2.193992e+000
1.741000e+001 7.864887e-001 2.204277e+000
1.742000e+001 7.784735e-001 2.214534e+000
1.743000e+001 7.705677e-001 2.224765e+000
1.744000e+001 7.627706e-001 2.234968e+000
1.745000e+001 7.550819e-001 2.245142e+000
1.746000e+001 7.475008e-001 2.255287e+000
1.747000e+001 7.400269e-001 2.265403e+000
1.748000e+001 7.326596e-001 2.275489e+000
1.749000e+001 7.253983e-001 2.285544e+000
1.750000e+001 7.182423e-001 2.295568e+000
1.751000e+001 7.111910e-001 2.305561e+000
1.752000e+001 7.042437e-001 2.315522e+000
1.753000e+001 6.973999e-001 2.325451e+000
1.754000e+001 6.906587e-001 2.335347e+000
1.755000e+001 6.840196e-001 2.345210e+000
1.756000e+001 6.774818e-001 2.355040e+000
1.757000e+001 6.710445e-001 2.364836e+000
1.758000e+001 6.647071e-001 2.374598e+000
1.759000e+001 6.584687e-001 2.384325e+000
1.760000e+001 6.523287e-001 2.394019e+000
1.761000e+001 6.462862e-001 2.403677e+000
1.762000e+001 6.403405e-001 2.413301e+000
1.763000e+001 6.344906e-001 2.422890e+000
1.764000e+001 6.287359e-001 2.432443e+000
1.765000e+001 6.230755e-001 2.441961e+000
1.766000e+001 6.175085e-001 2.451443e+000
1.767000e+001 6.120340e-001 2.460890e+000
1.768000e+001 6.066514e-001 2.470301e+000
1.769000e+001 6.013595e-001 2.479676e+000
1.770000e+001 5.961576e-001 2.489015e+000
1.771000e+001 5.910448e-001 2.498319e+000
1.772000e+001 5.860202e-001 2.507586e+000
1.773000e+001 5.810828e-001 2.516818e+000
1.774000e+001 5.762318e-001 2.526014e+000
1.775000e+001 5.714662e-001 2.535174e+000
1.776000e+001 5.667850e-001 2.544298e+000
1.777000e+001 5.621875e-001 2.553387e+000
1.778000e+001 5.576725e-001 2.562439e+000
1.779000e+001 5.532393e-001 2.571457e+000
1.780000e+001 5.488867e-001 2.580439e+000
1.781000e+001 5.446140e-001 2.589385e+000
1.782000e+001 5.404200e-001 2.598297e+000
1.783000e+001 5.363039e-001 2.607173e+000
1.784000e+001 5.322647e-001 2.616015e+000
1.785000e+001 5.283014e-001 2.624822e+000
1.786000e+001 5.244131e-001 2.633594e+000
1.787000e+001 5.205988e-001 2.642333e+000
1.788000e+001 5.168575e-001 2.651037e+000
1.789000e+001 5.131883e-001 2.659707e+000
1.790000e+001 5.095901e-001 2.668344e+000
1.791000e+001 5.060622e-001 2.676947e+000
1.792000e+001 5.026034e-001 2.685517e+000
1.793000e+001 4.992128e-001 2.694055e+000
1.794000e+001 4.958894e-001 2.702559e+000
1.795000e+001 4.926324e-001 2.711031e+000
1.796000e+001 4.894408e-001 2.719472e+000
1.797000e+001 4.863135e-001 2.727880e+000
1.798000e+001 4.832497e-001 2.736257e+000
1.799000e+001 4.802485e-001 2.744602e+000
1.800000e+001 4.773088e-001 2.752917e+000
1.801000e+001 4.744298e-001 2.761201e+000
1.802000e+001 4.716106e-001 2.769454e+000
1.803000e+001 4.688502e-001 2.777678e+000
1.804000e+001 4.661477e-001 2.785872e+000
1.805000e+001 4.635022e-001 2.794036e+000
1.806000e+001 4.609128e-001 2.802171e+000
1.807000e+001 4.583787e-001 2.810277e+000
1.808000e+001 4.558989e-001 2.818355e+000
1.809000e+001 4.534726e-001 2.826405e+000
1.810000e+001 4.510988e-001 2.834427e+000
1.811000e+001 4.487769e-001 2.842421e+000
1.812000e+001 4.465058e-001 2.850388e+000
1.813000e+001 4.442847e-001 2.858329e+000
1.814000e+001 4.421129e-001 2.866242e+000
1.815000e+001 4.399895e-001 2.874130e+000
1.816000e+001 4.379136e-001 2.881991e+000
1.817000e+001 4.358845e-001 2.889827e+000
1.818000e+001 4.339014e-001 2.897638e+000
1.819000e+001 4.319634e-001 2.905424e+000
1.820000e+001 4.300699e-001 2.913185e+000
1.821000e+001 4.282200e-001 2.920922e+000
1.822000e+001 4.264129e-001 2.928634e+000
1.823000e+001 4.246480e-001 2.936323e+000
1.824000e+001 4.229244e-001 2.943989e+000
1.825000e+001 4.212415e-001 2.951632e+000
1.826000e+001 4.195985e-001 2.959251e+000
1.827000e+001 4.179947e-001 2.966849e+000
1.828000e+001 4.164294e-001 2.974424e+000
1.829000e+001 4.149019e-001 2.981977e+000
1.830000e+001 4.134116e-001 2.989509e+000
1.831000e+001 4.119577e-001 2.997020e+000
1.832000e+001 4.105396e-001 3.004509e+000
1.833000e+001 4.091566e-001 3.011978e+000
1.834000e+001 4.078082e-001 3.019426e+000
1.835000e+001 4.064936e-001 3.026855e+000
1.836000e+001 4.052123e-001 3.034263e+000
1.837000e+001 4.039636e-001 3.041652e+000
1.838000e+001 4.027470e-001 3.049021e+000
1.839000e+001 4.015618e-001 3.056372e+000
1.840000e+001 4.004074e-001 3.063703e+000
1.841000e+001 3.992833e-001 3.071016e+000
1.842000e+001 3.981890e-001 3.078311e+000
1.843000e+001 3.971237e-001 3.085588e+000
1.844000e+001 3.960871e-001 3.092847e+000
1.845000e+001 3.950786e-001 3.100089e+000
1.846000e+001 3.940977e-001 3.107313e+000
1.847000e+001 3.931437e-001 3.114520e+000
1.848000e+001 3.922163e-001 3.121710e+000
1.849000e+001 3.913149e-001 3.128884e+000
1.850000e+001 3.904391e-001 3.136041e+000
1.851000e+001 3.895883e-001 3.143183e+000
1.852000e+001 3.887621e-001 3.150308e+000
1.853000e+001 3.879600e-001 3.157418e+000
1.854000e+001 3.871815e-001 3.164512e+000
1.855000e+001 3.864263e-001 3.171590e+000
1.856000e+001 3.856938e-001 3.178654e+000
1.857000e+001 3.849837e-001 3.185703e+000
1.858000e+001 3.842955e-001 3.192737e+000
1.859000e+001 3.836288e-001 3.199757e+000
1.860000e+001 3.829832e-001 3.206762e+000
1.861000e+001 3.823583e-001 3.213753e+000
1.862000e+001 3.817537e-001 3.220730e+000
1.863000e+001 3.811691e-001 3.227693e+000
1.864000e+001 3.806040e-001 3.234643e+000
1.865000e+001 3.800580e-001 3.241579e+000
1.866000e+001 3.795309e-001 3.248502e+000
1.867000e+001 3.790223e-001 3.255412e+000
1.868000e+001 3.785318e-001 3.262309e+000
1.869000e+001 3.780591e-001 3.269193e+000
1.870000e+001 3.776038e-001 3.276064e+000
1.871000e+001 3.771657e-001 3.282923e+000
1.872000e+001 3.767443e-001 3.289769e+000
1.873000e+001 3.763395e-001 3.296604e+000
1.874000e+001 3.759508e-001 3.303426e+000
1.875000e+001 3.755781e-001 3.310236e+000
1.876000e+001 3.752209e-001 3.317034e+000
1.877000e+001 3.748791e-001 3.323821e+000
1.878000e+001 3.745522e-001 3.330596e+000
1.879000e+001 3.742401e-001 3.337360e+000
1.880000e+001 3.739426e-001 3.344112e+000
1.881000e+001 3.736592e-001 3.350853e+000
1.882000e+001 3.733898e-001 3.357583e+000
1.883000e+001 3.731341e-001 3.364302e+000
1.884000e+001 3.728918e-001 3.371010e+000
1.885000e+001 3.726628e-001 3.377707e+000
1.886000e+001 3.724468e-001 3.384394e+000
1.887000e+001 3.722436e-001 3.391070e+000
1.888000e+001 3.720528e-001 3.397735e+000
1.889000e+001 3.718744e-001 3.404390e+000
1.890000e+001 3.717081e-001 3.411035e+000
1.891000e+001 3.715536e-001 3.417669e+000
1.892000e+001 3.714109e-001 3.424294e+000
1.893000e+001 3.712796e-001 3.430908e+000
1.894000e+001 3.711596e-001 3.437512e+000
1.895000e+001 3.710506e-001 3.444107e+000
1.896000e+001 3.709526e-001 3.450691e+000
1.897000e+001 3.708653e-001 3.457266e+000
1.898000e+001 3.707885e-001 3.463831e+000
1.899000e+001 3.707221e-001 3.470387e+000
1.900000e+001 3.706659e-001 3.476933e+000
1.901000e+001 3.706197e-001 3.483469e+000
1.902000e+001 3.705833e-001 3.489996e+000
1.903000e+001 3.705566e-001 3.496514e+000
1.904000e+001 3.705395e-001 3.503022e+000
1.905000e+001 3.705318e-001 3.509521e+000
1.906000e+001 3.705333e-001 3.516011e+000
1.907000e+001 3.705439e-001 3.522492e+000
1.908000e+001 3.705635e-001 3.528963e+000
1.909000e+001 3.705919e-001 3.535426e+000
1.910000e+001 3.706289e-001 3.541879e+000
1.911000e+001 3.706746e-001 3.548324e+000
1.912000e+001 3.707286e-001 3.554760e+000
1.913000e+001 3.707909e-001 3.561186e+000
1.914000e+001 3.708614e-001 3.567604e+000
1.915000e+001 3.709400e-001 3.574013e+000
1.916000e+001 3.710265e-001 3.580413e+000
1.917000e+001 3.711209e-001 3.586805e+000
1.918000e+001 3.712229e-001 3.593188e+000
1.919000e+001 3.713326e-001 3.599562e+000
1.920000e+001 3.714498e-001 3.605927e+000
1.921000e+001 3.715743e-001 3.612284e+000
1.922000e+001 3.717062e-001 3.618632e+000
1.923000e+001 3.718453e-001 3.624971e+000
1.924000e+001 3.719915e-001 3.631302e+000
1.925000e+001 3.721448e-001 3.637625e+000
1.926000e+001 3.723049e-001 3.643938e+000
1.927000e+001 3.724719e-001 3.650244e+000
1.928000e+001 3.726457e-001 3.656540e+000
1.929000e+001 3.728262e-001 3.662829e+000
1.930000e+001 3.730133e-001 3.669108e+000
1.931000e+001 3.732069e-001 3.675380e+000
1.932000e+001 3.734069e-001 3.681642e+000
1.933000e+001 3.736133e-001 3.687897e+000
1.934000e+001 3.738261e-001 3.694142e+000
1.935000e+001 3.740450e-001 3.700380e+000
1.936000e+001 3.742702e-001 3.706609e+000
1.937000e+001 3.745014e-001 3.712829e+000
1.938000e+001 3.747387e-001 3.719041e+000
1.939000e+001 3.749820e-001 3.725244e+000
1.940000e+001 3.752312e-001 3.731439e+000
1.941000e+001 3.754863e-001 3.737626e+000
1.942000e+001 3.757472e-001 3.743804e+000
1.943000e+001 3.760139e-001 3.749974e+000
1.944000e+001 3.762862e-001 3.756135e+000
1.945000e+001 3.765643e-001 3.762287e+000
1.946000e+001 3.768479e-001 3.768432e+000
1.947000e+001 3.771371e-001 3.774567e+000
1.948000e+001 3.774319e-001 3.780694e+000
1.949000e+001 3.777321e-001 3.786813e+000
1.950000e+001 3.780377e-001 3.792923e+000
1.951000e+001 3.783488e-001 3.799024e+000
1.952000e+001 3.786652e-001 3.805117e+000
1.953000e+001 3.789869e-001 3.811201e+000
1.954000e+001 3.793139e-001 3.817276e+000
1.955000e+001 3.796462e-001 3.823343e+000
1.956000e+001 3.799837e-001 3.829401e+000
1.957000e+001 3.803264e-001 3.835451e+000
1.958000e+001 3.806743e-001 3.841492e+000
1.959000e+001 3.810272e-001 3.847524e+000
1.960000e+001 3.813853e-001 3.853547e+000
1.961000e+001 3.817485e-001 3.859561e+000
1.962000e+001 3.821168e-001 3.865567e+000
1.963000e+001 3.824901e-001 3.871564e+000
1.964000e+001 3.828684e-001 3.877552e+000
1.965000e+001 3.832516e-001 3.883531e+000
1.966000e+001 3.836399e-001 3.889501e+000
1.967000e+001 3.840332e-001 3.895462e+000
1.968000e+001 3.844313e-001 3.901413e+000
1.969000e+001 3.848345e-001 3.907356e+000
1.970000e+001 3.852425e-001 3.913290e+000
1.971000e+001 3.856554e-001 3.919215e+000
1.972000e+001 3.860733e-001 3.925130e+000
1.973000e+001 3.864960e-001 3.931037e+000
1.974000e+001 3.869236e-001 3.936934e+000
1.975000e+001 3.873560e-001 3.942821e+000
1.976000e+001 3.877934e-001 3.948700e+000
1.977000e+001 3.882355e-001 3.954569e+000
1.978000e+001 3.886826e-001 3.960428e+000
1.979000e+001 3.891345e-001 3.966278e+000
1.980000e+001 3.895912e-001 3.972119e+000
1.981000e+001 3.900528e-001 3.977950e+000
1.982000e+001 3.905192e-001 3.983771e+000
1.983000e+001 3.909905e-001 3.989582e+000
1.984000e+001 3.914667e-001 3.995384e+000
1.985000e+001 3.919477e-001 4.001176e+000
1.986000e+001 3.924335e-001 4.006959e+000
1.987000e+001 3.929243e-001 4.012731e+000
1.988000e+001 3.934199e-001 4.018493e+000
1.989000e+001 3.939204e-001 4.024246e+000
1.990000e+001 3.944258e-001 4.029988e+000
1.991000e+001 3.949361e-001 4.035720e+000
1.992000e+001 3.954513e-001 4.041442e+000
1.993000e+001 3.959714e-001 4.047153e+000
1.994000e+001 3.964965e-001 4.052855e+000
1.995000e+001 3.970265e-001 4.058546e+000
1.996000e+001 3.975616e-001 4.064226e+000
1.997000e+001 3.981016e-001 4.069896e+000
1.998000e+001 3.986466e-001 4.075555e+000
1.999000e+001 3.991966e-001 4.081204e+000
2.000000e+001 3.997517e-001 4.086842e+000
