Solution of SBHB orbit

v_0 = 1.400000e+000, A = 1.000000, B = 1.000000, delta = 1.000000e-008

       t           rx             ry            vx             vy             2h
2.000000e-003 9.999995e-001 2.799252e-003 -4.998646e-004 1.399251e+000 2.000000e-003
6.829474e-002 9.994218e-001 9.471568e-002 -1.684499e-002 1.373369e+000 6.629474e-002
1.355098e-001 9.977513e-001 1.860869e-001 -3.271273e-002 1.345066e+000 6.721503e-002
2.055732e-001 9.949113e-001 2.792324e-001 -4.814054e-002 1.313489e+000 7.006345e-002
2.789014e-001 9.908344e-001 3.742736e-001 -6.278064e-002 1.278400e+000 7.332815e-002
3.555880e-001 9.854911e-001 4.708400e-001 -7.625083e-002 1.239763e+000 7.668659e-002
4.357985e-001 9.788794e-001 5.686003e-001 -8.825216e-002 1.197551e+000 8.021051e-002
5.202797e-001 9.709695e-001 6.678339e-001 -9.862811e-002 1.151436e+000 8.448128e-002
6.106048e-001 9.616510e-001 7.695515e-001 -1.073068e-001 1.100578e+000 9.032504e-002
7.093457e-001 9.506939e-001 8.754160e-001 -1.142021e-001 1.043474e+000 9.874091e-002
8.194166e-001 9.378299e-001 9.867000e-001 -1.190789e-001 9.783399e-001 1.100709e-001
9.272998e-001 9.248387e-001 1.088751e+000 -1.213839e-001 9.133849e-001 1.078832e-001
1.029723e+000 9.123779e-001 1.179117e+000 -1.216489e-001 8.511131e-001 1.024237e-001
1.130823e+000 9.001323e-001 1.262050e+000 -1.203687e-001 7.895427e-001 1.010991e-001
1.231926e+000 8.880815e-001 1.338779e+000 -1.178274e-001 7.284173e-001 1.011038e-001
1.335492e+000 8.760592e-001 1.411021e+000 -1.141862e-001 6.669161e-001 1.035659e-001
1.444956e+000 8.638106e-001 1.480553e+000 -1.094865e-001 6.038999e-001 1.094633e-001
1.559878e+000 8.515431e-001 1.546293e+000 -1.039223e-001 5.407653e-001 1.149222e-001
1.675069e+000 8.399117e-001 1.605121e+000 -9.799003e-002 4.813145e-001 1.151912e-001
1.791241e+000 8.288820e-001 1.657764e+000 -9.189667e-002 4.257538e-001 1.161717e-001
1.901918e+000 8.190296e-001 1.702157e+000 -8.616454e-002 3.771642e-001 1.106776e-001
2.004627e+000 8.104459e-001 1.738745e+000 -8.101495e-002 3.358927e-001 1.027091e-001
2.102466e+000 8.027510e-001 1.769822e+000 -7.632150e-002 2.999139e-001 9.783834e-002
2.197632e+000 7.956959e-001 1.796818e+000 -7.198762e-002 2.679017e-001 9.516633e-002
2.291564e+000 7.891254e-001 1.820605e+000 -6.795074e-002 2.390249e-001 9.393171e-002
2.385238e+000 7.829392e-001 1.841746e+000 -6.416985e-002 2.127391e-001 9.367418e-002
2.478914e+000 7.770956e-001 1.860535e+000 -6.063324e-002 1.887765e-001 9.367572e-002
2.573030e+000 7.715468e-001 1.877254e+000 -5.732098e-002 1.668560e-001 9.411597e-002
2.668108e+000 7.662465e-001 1.892146e+000 -5.421164e-002 1.467216e-001 9.507798e-002
2.764549e+000 7.611609e-001 1.905387e+000 -5.128989e-002 1.281825e-001 9.644141e-002
2.862679e+000 7.562644e-001 1.917113e+000 -4.854422e-002 1.110904e-001 9.812985e-002
2.962771e+000 7.515363e-001 1.927430e+000 -4.596562e-002 9.532517e-002 1.000927e-001
3.065068e+000 7.469598e-001 1.936425e+000 -4.354673e-002 8.078636e-002 1.022962e-001
3.169786e+000 7.425200e-001 1.944171e+000 -4.128127e-002 6.738742e-002 1.047185e-001
3.277132e+000 7.382041e-001 1.950730e+000 -3.916368e-002 5.505178e-002 1.073463e-001
3.387306e+000 7.339998e-001 1.956159e+000 -3.718884e-002 4.371021e-002 1.101733e-001
3.500504e+000 7.298958e-001 1.960507e+000 -3.535195e-002 3.329898e-002 1.131982e-001
3.616928e+000 7.258809e-001 1.963817e+000 -3.364836e-002 2.375859e-002 1.164246e-001
3.736789e+000 7.219439e-001 1.966132e+000 -3.207350e-002 1.503284e-002 1.198601e-001
3.860305e+000 7.180736e-001 1.967487e+000 -3.062289e-002 7.068294e-003 1.235162e-001
3.987713e+000 7.142585e-001 1.967915e+000 -2.929205e-002 -1.862265e-004 1.274080e-001
4.119267e+000 7.104866e-001 1.967448e+000 -2.807653e-002 -6.779883e-003 1.315545e-001
4.255245e+000 7.067456e-001 1.966110e+000 -2.697191e-002 -1.276003e-002 1.359783e-001
4.395952e+000 7.030223e-001 1.963925e+000 -2.597380e-002 -1.817236e-002 1.407063e-001
4.541722e+000 6.993030e-001 1.960912e+000 -2.507786e-002 -2.306096e-002 1.457699e-001
4.692928e+000 6.955730e-001 1.957084e+000 -2.427983e-002 -2.746845e-002 1.512061e-001
4.849986e+000 6.918165e-001 1.952451e+000 -2.357551e-002 -3.143600e-002 1.570583e-001
5.013363e+000 6.880166e-001 1.947016e+000 -2.296088e-002 -3.500339e-002 1.633772e-001
5.183586e+000 6.841546e-001 1.940778e+000 -2.243202e-002 -3.820908e-002 1.702228e-001
5.361252e+000 6.802104e-001 1.933727e+000 -2.198525e-002 -4.109029e-002 1.776661e-001
5.547045e+000 6.761613e-001 1.925846e+000 -2.161710e-002 -4.368312e-002 1.857931e-001
5.741753e+000 6.719822e-001 1.917107e+000 -2.132443e-002 -4.602263e-002 1.947081e-001
5.946295e+000 6.676444e-001 1.907472e+000 -2.110443e-002 -4.814310e-002 2.045412e-001
6.161751e+000 6.631148e-001 1.896886e+000 -2.095477e-002 -5.007821e-002 2.154565e-001
6.389418e+000 6.583547e-001 1.885277e+000 -2.087373e-002 -5.186142e-002 2.276669e-001
6.630875e+000 6.533176e-001 1.872550e+000 -2.086031e-002 -5.352646e-002 2.414568e-001
6.888095e+000 6.479463e-001 1.858574e+000 -2.091459e-002 -5.510809e-002 2.572202e-001
7.163624e+000 6.421682e-001 1.843176e+000 -2.103807e-002 -5.664331e-002 2.755288e-001
7.460885e+000 6.358867e-001 1.826108e+000 -2.123444e-002 -5.817339e-002 2.972610e-001
7.784747e+000 6.289665e-001 1.807011e+000 -2.151083e-002 -5.974759e-002 3.238628e-001
8.142642e+000 6.212036e-001 1.785326e+000 -2.188036e-002 -6.143046e-002 3.578952e-001
8.546597e+000 6.122689e-001 1.760130e+000 -2.236727e-002 -6.331611e-002 4.039547e-001
9.011428e+000 6.017260e-001 1.730187e+000 -2.300937e-002 -6.553107e-002 4.648308e-001
9.458547e+000 5.912854e-001 1.700393e+000 -2.370473e-002 -6.775935e-002 4.471193e-001
9.872932e+000 5.813172e-001 1.671866e+000 -2.441691e-002 -6.994753e-002 4.143852e-001
1.026544e+001 5.715907e-001 1.643982e+000 -2.515400e-002 -7.215753e-002 3.925115e-001
1.064121e+001 5.619965e-001 1.616446e+000 -2.592061e-002 -7.442218e-002 3.757696e-001
1.100287e+001 5.524794e-001 1.589113e+000 -2.671982e-002 -7.676135e-002 3.616592e-001
1.135188e+001 5.430102e-001 1.561904e+000 -2.755403e-002 -7.918865e-002 3.490121e-001
1.168913e+001 5.335728e-001 1.534778e+000 -2.842543e-002 -8.171454e-002 3.372420e-001
1.201517e+001 5.241585e-001 1.507712e+000 -2.933614e-002 -8.434781e-002 3.260394e-001
1.233040e+001 5.147626e-001 1.480695e+000 -3.028830e-002 -8.709644e-002 3.152350e-001
1.263513e+001 5.053830e-001 1.453722e+000 -3.128416e-002 -8.996806e-002 3.047338e-001
1.292962e+001 4.960190e-001 1.426791e+000 -3.232607e-002 -9.297024e-002 2.944815e-001
1.321406e+001 4.866710e-001 1.399906e+000 -3.341650e-002 -9.611066e-002 2.844467e-001
1.348867e+001 4.773398e-001 1.373067e+000 -3.455807e-002 -9.939720e-002 2.746110e-001
1.375364e+001 4.680270e-001 1.346281e+000 -3.575353e-002 -1.028381e-001 2.649634e-001
1.400914e+001 4.587343e-001 1.319552e+000 -3.700578e-002 -1.064418e-001 2.554975e-001
1.425534e+001 4.494639e-001 1.292887e+000 -3.831786e-002 -1.102172e-001 2.462094e-001
1.449244e+001 4.402181e-001 1.266293e+000 -3.969299e-002 -1.141737e-001 2.370968e-001
1.472060e+001 4.309997e-001 1.239777e+000 -4.113450e-002 -1.183210e-001 2.281586e-001
1.493999e+001 4.218117e-001 1.213348e+000 -4.264591e-002 -1.226692e-001 2.193944e-001
1.515080e+001 4.126571e-001 1.187015e+000 -4.423088e-002 -1.272288e-001 2.108041e-001
1.535319e+001 4.035396e-001 1.160788e+000 -4.589319e-002 -1.320109e-001 2.023881e-001
1.554733e+001 3.944628e-001 1.134679e+000 -4.763681e-002 -1.370267e-001 1.941471e-001
1.573342e+001 3.854309e-001 1.108699e+000 -4.946582e-002 -1.422881e-001 1.860821e-001
1.591161e+001 3.764480e-001 1.082860e+000 -5.138441e-002 -1.478072e-001 1.781943e-001
1.608209e+001 3.675188e-001 1.057175e+000 -5.339693e-002 -1.535964e-001 1.704852e-001
1.624505e+001 3.586481e-001 1.031658e+000 -5.550780e-002 -1.596685e-001 1.629567e-001
1.640066e+001 3.498410e-001 1.006325e+000 -5.772153e-002 -1.660365e-001 1.556106e-001
1.654911e+001 3.411027e-001 9.811889e-001 -6.004273e-002 -1.727135e-001 1.484491e-001
1.669059e+001 3.324388e-001 9.562670e-001 -6.247604e-002 -1.797131e-001 1.414747e-001
1.682528e+001 3.238550e-001 9.315754e-001 -6.502612e-002 -1.870485e-001 1.346898e-001
1.695337e+001 3.153570e-001 9.071308e-001 -6.769766e-002 -1.947333e-001 1.280971e-001
1.707507e+001 3.069507e-001 8.829502e-001 -7.049533e-002 -2.027809e-001 1.216993e-001
1.719057e+001 2.986423e-001 8.590507e-001 -7.342376e-002 -2.112046e-001 1.154990e-001
1.730007e+001 2.904375e-001 8.354495e-001 -7.648753e-002 -2.200177e-001 1.094988e-001
1.740377e+001 2.823423e-001 8.121635e-001 -7.969112e-002 -2.292329e-001 1.037011e-001
1.750188e+001 2.743624e-001 7.892094e-001 -8.303894e-002 -2.388630e-001 9.810797e-002
1.759460e+001 2.665036e-001 7.666033e-001 -8.653525e-002 -2.489202e-001 9.272125e-002
1.768214e+001 2.587710e-001 7.443605e-001 -9.018419e-002 -2.594165e-001 8.754222e-002
1.776471e+001 2.511699e-001 7.224957e-001 -9.398977e-002 -2.703634e-001 8.257170e-002
1.784252e+001 2.437049e-001 7.010223e-001 -9.795584e-002 -2.817719e-001 7.780989e-002
1.791578e+001 2.363802e-001 6.799529e-001 -1.020861e-001 -2.936526e-001 7.325633e-002
1.798469e+001 2.291999e-001 6.592985e-001 -1.063841e-001 -3.060159e-001 6.890991e-002
1.804946e+001 2.221672e-001 6.390689e-001 -1.108532e-001 -3.188714e-001 6.476876e-002
1.811029e+001 2.152851e-001 6.192725e-001 -1.154967e-001 -3.322287e-001 6.083030e-002
1.816738e+001 2.085560e-001 5.999159e-001 -1.203178e-001 -3.460966e-001 5.709126e-002
1.822093e+001 2.019816e-001 5.810045e-001 -1.253195e-001 -3.604841e-001 5.354766e-002
1.827112e+001 1.955632e-001 5.625420e-001 -1.305048e-001 -3.753997e-001 5.019490e-002
1.831815e+001 1.893017e-001 5.445305e-001 -1.358765e-001 -3.908516e-001 4.702778e-002
1.836219e+001 1.831972e-001 5.269708e-001 -1.414375e-001 -4.068481e-001 4.404059e-002
1.840342e+001 1.772495e-001 5.098621e-001 -1.471907e-001 -4.233973e-001 4.122715e-002
1.844200e+001 1.714579e-001 4.932025e-001 -1.531389e-001 -4.405073e-001 3.858094e-002
1.847809e+001 1.658213e-001 4.769886e-001 -1.592848e-001 -4.581862e-001 3.609509e-002
1.851186e+001 1.603380e-001 4.612159e-001 -1.656314e-001 -4.764422e-001 3.376255e-002
1.854343e+001 1.550063e-001 4.458791e-001 -1.721814e-001 -4.952835e-001 3.157608e-002
1.857296e+001 1.498239e-001 4.309720e-001 -1.789378e-001 -5.147184e-001 2.952838e-002
1.860057e+001 1.447885e-001 4.164874e-001 -1.859033e-001 -5.347550e-001 2.761211e-002
1.862639e+001 1.398973e-001 4.024177e-001 -1.930809e-001 -5.554014e-001 2.581999e-002
1.865054e+001 1.351476e-001 3.887551e-001 -2.004733e-001 -5.766658e-001 2.414483e-002
1.867312e+001 1.305364e-001 3.754910e-001 -2.080831e-001 -5.985556e-001 2.257958e-002
1.869424e+001 1.260609e-001 3.626171e-001 -2.159128e-001 -6.210780e-001 2.111738e-002
1.871399e+001 1.217180e-001 3.501246e-001 -2.239647e-001 -6.442395e-001 1.975163e-002
1.873246e+001 1.175048e-001 3.380052e-001 -2.322408e-001 -6.680457e-001 1.847596e-002
1.874975e+001 1.134183e-001 3.262504e-001 -2.407425e-001 -6.925011e-001 1.728434e-002
1.876592e+001 1.094558e-001 3.148521e-001 -2.494711e-001 -7.176090e-001 1.617104e-002
1.878105e+001 1.056144e-001 3.038022e-001 -2.584271e-001 -7.433712e-001 1.513068e-002
1.879521e+001 1.018915e-001 2.930933e-001 -2.676107e-001 -7.697880e-001 1.415822e-002
1.880846e+001 9.828454e-002 2.827177e-001 -2.770213e-001 -7.968579e-001 1.324899e-002
1.882086e+001 9.479099e-002 2.726685e-001 -2.866579e-001 -8.245779e-001 1.239867e-002
1.883246e+001 9.140847e-002 2.629386e-001 -2.965189e-001 -8.529432e-001 1.160326e-002
1.884332e+001 8.813459e-002 2.535212e-001 -3.066021e-001 -8.819476e-001 1.085911e-002
1.885348e+001 8.496706e-002 2.444097e-001 -3.169048e-001 -9.115836e-001 1.016283e-002
1.886299e+001 8.190357e-002 2.355975e-001 -3.274240e-001 -9.418424e-001 9.511323e-003
1.887189e+001 7.894185e-002 2.270781e-001 -3.381565e-001 -9.727146e-001 8.901725e-003
1.888022e+001 7.607960e-002 2.188447e-001 -3.490986e-001 -1.004190e+000 8.331383e-003
1.888802e+001 7.331454e-002 2.108910e-001 -3.602469e-001 -1.036258e+000 7.797833e-003
1.889532e+001 7.064433e-002 2.032101e-001 -3.715977e-001 -1.068909e+000 7.298774e-003
1.890215e+001 6.806665e-002 1.957953e-001 -3.831475e-001 -1.102132e+000 6.832052e-003
1.890855e+001 6.557913e-002 1.886399e-001 -3.948929e-001 -1.135918e+000 6.395644e-003
1.891454e+001 6.317940e-002 1.817370e-001 -4.068307e-001 -1.170258e+000 5.987644e-003
1.892014e+001 6.086507e-002 1.750798e-001 -4.189580e-001 -1.205142e+000 5.606255e-003
1.892539e+001 5.863374e-002 1.686613e-001 -4.312723e-001 -1.240564e+000 5.249784e-003
1.893031e+001 5.648302e-002 1.624747e-001 -4.437712e-001 -1.276518e+000 4.916632e-003
1.893491e+001 5.441051e-002 1.565131e-001 -4.564528e-001 -1.312997e+000 4.605294e-003
1.893923e+001 5.241383e-002 1.507696e-001 -4.693156e-001 -1.349997e+000 4.314350e-003
1.894327e+001 5.049062e-002 1.452375e-001 -4.823581e-001 -1.387514e+000 4.042468e-003
1.894706e+001 4.863854e-002 1.399099e-001 -4.955796e-001 -1.425546e+000 3.788392e-003
1.895061e+001 4.685528e-002 1.347803e-001 -5.089794e-001 -1.464091e+000 3.550948e-003
1.895394e+001 4.513857e-002 1.298422e-001 -5.225572e-001 -1.503148e+000 3.329031e-003
1.895706e+001 4.348615e-002 1.250889e-001 -5.363128e-001 -1.542716e+000 3.121608e-003
1.895999e+001 4.189585e-002 1.205144e-001 -5.502467e-001 -1.582797e+000 2.927714e-003
1.896274e+001 4.036549e-002 1.161123e-001 -5.643593e-001 -1.623392e+000 2.746444e-003
1.896531e+001 3.889298e-002 1.118766e-001 -5.786512e-001 -1.664503e+000 2.576953e-003
1.896773e+001 3.747626e-002 1.078014e-001 -5.931234e-001 -1.706133e+000 2.418454e-003
1.897000e+001 3.611333e-002 1.038808e-001 -6.077770e-001 -1.748284e+000 2.270210e-003
1.897213e+001 3.480221e-002 1.001094e-001 -6.226134e-001 -1.790962e+000 2.131535e-003
1.897413e+001 3.354103e-002 9.648157e-002 -6.376338e-001 -1.834168e+000 2.001789e-003
1.897601e+001 3.232792e-002 9.299203e-002 -6.528401e-001 -1.877909e+000 1.880374e-003
1.897778e+001 3.116109e-002 8.963564e-002 -6.682337e-001 -1.922190e+000 1.766734e-003
1.897944e+001 3.003882e-002 8.640738e-002 -6.838167e-001 -1.967014e+000 1.660350e-003
1.898100e+001 2.895940e-002 8.330240e-002 -6.995908e-001 -2.012389e+000 1.560740e-003
1.898247e+001 2.792121e-002 8.031603e-002 -7.155582e-001 -2.058320e+000 1.467453e-003
1.898385e+001 2.692267e-002 7.744372e-002 -7.317209e-001 -2.104812e+000 1.380069e-003
1.898515e+001 2.596227e-002 7.468109e-002 -7.480811e-001 -2.151872e+000 1.298197e-003
1.898637e+001 2.503851e-002 7.202389e-002 -7.646410e-001 -2.199507e+000 1.221473e-003
1.898752e+001 2.415000e-002 6.946806e-002 -7.814029e-001 -2.247723e+000 1.149557e-003
1.898860e+001 2.329535e-002 6.700963e-002 -7.983691e-001 -2.296527e+000 1.082134e-003
1.898962e+001 2.247324e-002 6.464481e-002 -8.155421e-001 -2.345926e+000 1.018909e-003
1.899058e+001 2.168240e-002 6.236995e-002 -8.329243e-001 -2.395926e+000 9.596062e-004
1.899148e+001 2.092160e-002 6.018150e-002 -8.505180e-001 -2.446535e+000 9.039705e-004
1.899234e+001 2.018967e-002 5.807608e-002 -8.683258e-001 -2.497759e+000 8.517631e-004
1.899314e+001 1.948546e-002 5.605041e-002 -8.863502e-001 -2.549607e+000 8.027614e-004
1.899390e+001 1.880789e-002 5.410135e-002 -9.045937e-001 -2.602085e+000 7.567582e-004
1.899461e+001 1.815590e-002 5.222588e-002 -9.230589e-001 -2.655200e+000 7.135599e-004
1.899528e+001 1.752847e-002 5.042109e-002 -9.417483e-001 -2.708961e+000 6.729861e-004
1.899592e+001 1.692465e-002 4.868418e-002 -9.606645e-001 -2.763374e+000 6.348686e-004
1.899652e+001 1.634350e-002 4.701248e-002 -9.798100e-001 -2.818446e+000 5.990503e-004
1.899708e+001 1.578412e-002 4.540340e-002 -9.991876e-001 -2.874186e+000 5.653848e-004
1.899762e+001 1.524564e-002 4.385447e-002 -1.018800e+000 -2.930601e+000 5.337353e-004
1.899812e+001 1.472725e-002 4.236330e-002 -1.038649e+000 -2.987699e+000 5.039742e-004
1.899859e+001 1.422814e-002 4.092761e-002 -1.058738e+000 -3.045486e+000 4.759824e-004
1.899904e+001 1.374756e-002 3.954521e-002 -1.079070e+000 -3.103971e+000 4.496485e-004
1.899947e+001 1.328478e-002 3.821400e-002 -1.099647e+000 -3.163160e+000 4.248686e-004
1.899987e+001 1.283909e-002 3.693196e-002 -1.120472e+000 -3.223063e+000 4.015457e-004
1.900025e+001 1.240982e-002 3.569715e-002 -1.141547e+000 -3.283686e+000 3.795890e-004
1.900061e+001 1.199631e-002 3.450770e-002 -1.162875e+000 -3.345037e+000 3.589137e-004
1.900095e+001 1.159797e-002 3.336184e-002 -1.184459e+000 -3.407123e+000 3.394406e-004
1.900127e+001 1.121417e-002 3.225785e-002 -1.206301e+000 -3.469953e+000 3.210957e-004
1.900157e+001 1.084437e-002 3.119410e-002 -1.228404e+000 -3.533534e+000 3.038095e-004
1.900186e+001 1.048800e-002 3.016900e-002 -1.250771e+000 -3.597873e+000 2.875173e-004
1.900213e+001 1.014455e-002 2.918105e-002 -1.273405e+000 -3.662979e+000 2.721585e-004
1.900239e+001 9.813502e-003 2.822879e-002 -1.296307e+000 -3.728858e+000 2.576764e-004
1.900264e+001 9.494384e-003 2.731084e-002 -1.319481e+000 -3.795520e+000 2.440178e-004
1.900287e+001 9.186728e-003 2.642586e-002 -1.342930e+000 -3.862971e+000 2.311330e-004
1.900309e+001 8.890090e-003 2.557257e-002 -1.366656e+000 -3.931219e+000 2.189754e-004
1.900329e+001 8.604044e-003 2.474975e-002 -1.390662e+000 -4.000272e+000 2.075016e-004
1.900349e+001 8.328179e-003 2.395622e-002 -1.414950e+000 -4.070137e+000 1.966706e-004
1.900368e+001 8.062104e-003 2.319085e-002 -1.439523e+000 -4.140823e+000 1.864442e-004
1.900385e+001 7.805441e-003 2.245256e-002 -1.464384e+000 -4.212337e+000 1.767865e-004
1.900402e+001 7.557831e-003 2.174030e-002 -1.489536e+000 -4.284687e+000 1.676640e-004
1.900418e+001 7.318926e-003 2.105308e-002 -1.514981e+000 -4.357881e+000 1.590450e-004
1.900433e+001 7.088394e-003 2.038995e-002 -1.540723e+000 -4.431926e+000 1.509001e-004
1.900447e+001 6.865915e-003 1.974998e-002 -1.566763e+000 -4.506830e+000 1.432015e-004
1.900461e+001 6.651184e-003 1.913231e-002 -1.593104e+000 -4.582602e+000 1.359233e-004
1.900474e+001 6.443908e-003 1.853607e-002 -1.619749e+000 -4.659248e+000 1.290409e-004
1.900486e+001 6.243803e-003 1.796047e-002 -1.646702e+000 -4.736777e+000 1.225316e-004
1.900498e+001 6.050601e-003 1.740471e-002 -1.673964e+000 -4.815197e+000 1.163738e-004
1.900509e+001 5.864041e-003 1.686807e-002 -1.701538e+000 -4.894515e+000 1.105472e-004
1.900519e+001 5.683873e-003 1.634981e-002 -1.729427e+000 -4.974740e+000 1.050330e-004
1.900529e+001 5.509860e-003 1.584926e-002 -1.757635e+000 -5.055879e+000 9.981333e-005
1.900539e+001 5.341772e-003 1.536575e-002 -1.786162e+000 -5.137940e+000 9.487143e-005
1.900548e+001 5.179387e-003 1.489865e-002 -1.815013e+000 -5.220931e+000 9.019156e-005
1.900556e+001 5.022495e-003 1.444734e-002 -1.844191e+000 -5.304860e+000 8.575894e-005
1.900565e+001 4.870893e-003 1.401126e-002 -1.873697e+000 -5.389735e+000 8.155967e-005
1.900572e+001 4.724385e-003 1.358982e-002 -1.903534e+000 -5.475563e+000 7.758065e-005
1.900580e+001 4.582783e-003 1.318250e-002 -1.933706e+000 -5.562354e+000 7.380960e-005
1.900587e+001 4.445909e-003 1.278878e-002 -1.964215e+000 -5.650114e+000 7.023492e-005
1.900593e+001 4.313589e-003 1.240816e-002 -1.995065e+000 -5.738853e+000 6.684574e-005
1.900600e+001 4.185657e-003 1.204016e-002 -2.026256e+000 -5.828577e+000 6.363180e-005
1.900606e+001 4.061954e-003 1.168432e-002 -2.057794e+000 -5.919295e+000 6.058344e-005
1.900612e+001 3.942326e-003 1.134021e-002 -2.089679e+000 -6.011015e+000 5.769157e-005
1.900617e+001 3.826626e-003 1.100740e-002 -2.121916e+000 -6.103745e+000 5.494765e-005
1.900622e+001 3.714713e-003 1.068547e-002 -2.154507e+000 -6.197493e+000 5.234359e-005
1.900627e+001 3.606450e-003 1.037405e-002 -2.187455e+000 -6.292268e+000 4.987181e-005
1.900632e+001 3.501707e-003 1.007276e-002 -2.220762e+000 -6.388077e+000 4.752513e-005
1.900637e+001 3.400359e-003 9.781227e-003 -2.254431e+000 -6.484928e+000 4.529683e-005
1.900641e+001 3.302283e-003 9.499111e-003 -2.288466e+000 -6.582830e+000 4.318053e-005
1.900645e+001 3.207366e-003 9.226077e-003 -2.322869e+000 -6.681791e+000 4.117022e-005
1.900649e+001 3.115493e-003 8.961804e-003 -2.357643e+000 -6.781819e+000 3.926026e-005
1.900653e+001 3.026559e-003 8.705982e-003 -2.392791e+000 -6.882923e+000 3.744529e-005
1.900656e+001 2.940459e-003 8.458314e-003 -2.428315e+000 -6.985110e+000 3.572029e-005
1.900660e+001 2.857095e-003 8.218515e-003 -2.464219e+000 -7.088389e+000 3.408050e-005
1.900663e+001 2.776371e-003 7.986310e-003 -2.500506e+000 -7.192768e+000 3.252142e-005
1.900666e+001 2.698194e-003 7.761433e-003 -2.537178e+000 -7.298256e+000 3.103883e-005
1.900669e+001 2.622477e-003 7.543631e-003 -2.574238e+000 -7.404860e+000 2.962872e-005
1.900672e+001 2.549134e-003 7.332658e-003 -2.611689e+000 -7.512590e+000 2.828732e-005
1.900674e+001 2.478083e-003 7.128279e-003 -2.649534e+000 -7.621453e+000 2.701104e-005
1.900677e+001 2.409246e-003 6.930266e-003 -2.687776e+000 -7.731458e+000 2.579653e-005
1.900680e+001 2.342546e-003 6.738402e-003 -2.726419e+000 -7.842613e+000 2.464058e-005
1.900682e+001 2.277910e-003 6.552476e-003 -2.765463e+000 -7.954927e+000 2.354020e-005
1.900684e+001 2.215268e-003 6.372285e-003 -2.804914e+000 -8.068408e+000 2.249253e-005
1.900686e+001 2.154553e-003 6.197635e-003 -2.844774e+000 -8.183065e+000 2.149487e-005
1.900688e+001 2.095698e-003 6.028337e-003 -2.885045e+000 -8.298906e+000 2.054469e-005
1.900690e+001 2.038641e-003 5.864212e-003 -2.925731e+000 -8.415940e+000 1.963956e-005
1.900692e+001 1.983322e-003 5.705084e-003 -2.966834e+000 -8.534176e+000 1.877721e-005
1.900694e+001 1.929681e-003 5.550786e-003 -3.008358e+000 -8.653621e+000 1.795549e-005
1.900696e+001 1.877664e-003 5.401156e-003 -3.050306e+000 -8.774284e+000 1.717234e-005
1.900697e+001 1.827215e-003 5.256039e-003 -3.092680e+000 -8.896175e+000 1.642584e-005
1.900699e+001 1.778283e-003 5.115285e-003 -3.135484e+000 -9.019302e+000 1.571417e-005
1.900700e+001 1.730817e-003 4.978748e-003 -3.178720e+000 -9.143673e+000 1.503557e-005
1.900702e+001 1.684769e-003 4.846289e-003 -3.222392e+000 -9.269297e+000 1.438842e-005
1.900703e+001 1.640092e-003 4.717774e-003 -3.266503e+000 -9.396183e+000 1.377116e-005
1.900705e+001 1.596741e-003 4.593074e-003 -3.311056e+000 -9.524339e+000 1.318231e-005
1.900706e+001 1.554672e-003 4.472063e-003 -3.356053e+000 -9.653775e+000 1.262048e-005
1.900707e+001 1.513844e-003 4.354620e-003 -3.401498e+000 -9.784499e+000 1.208435e-005
1.900708e+001 1.474217e-003 4.240630e-003 -3.447394e+000 -9.916520e+000 1.157266e-005
1.900709e+001 1.435751e-003 4.129981e-003 -3.493743e+000 -1.004985e+001 1.108422e-005
1.900710e+001 1.398408e-003 4.022564e-003 -3.540550e+000 -1.018449e+001 1.061790e-005
1.900711e+001 1.362153e-003 3.918276e-003 -3.587817e+000 -1.032045e+001 1.017264e-005
1.900712e+001 1.326950e-003 3.817015e-003 -3.635547e+000 -1.045775e+001 9.747419e-006
1.900713e+001 1.292767e-003 3.718684e-003 -3.683744e+000 -1.059639e+001 9.341275e-006
1.900714e+001 1.259569e-003 3.623190e-003 -3.732410e+000 -1.073638e+001 8.953295e-006
1.900715e+001 1.227326e-003 3.530443e-003 -3.781548e+000 -1.087773e+001 8.582609e-006
1.900716e+001 1.196008e-003 3.440354e-003 -3.831162e+000 -1.102044e+001 8.228398e-006
1.900717e+001 1.165584e-003 3.352841e-003 -3.881255e+000 -1.116454e+001 7.889877e-006
1.900717e+001 1.136028e-003 3.267821e-003 -3.931830e+000 -1.131002e+001 7.566305e-006
1.900718e+001 1.107311e-003 3.185216e-003 -3.982890e+000 -1.145689e+001 7.256977e-006
1.900719e+001 1.079407e-003 3.104950e-003 -4.034439e+000 -1.160517e+001 6.961225e-006
1.900719e+001 1.052291e-003 3.026951e-003 -4.086479e+000 -1.175487e+001 6.678410e-006
1.900720e+001 1.025939e-003 2.951146e-003 -4.139013e+000 -1.190599e+001 6.407930e-006
1.900721e+001 1.000325e-003 2.877469e-003 -4.192046e+000 -1.205854e+001 6.149209e-006
1.900721e+001 9.754284e-004 2.805852e-003 -4.245579e+000 -1.221253e+001 5.901703e-006
1.900722e+001 9.512259e-004 2.736233e-003 -4.299617e+000 -1.236797e+001 5.664892e-006
1.900722e+001 9.276963e-004 2.668549e-003 -4.354162e+000 -1.252487e+001 5.438282e-006
1.900723e+001 9.048189e-004 2.602742e-003 -4.409218e+000 -1.268324e+001 5.221403e-006
1.900723e+001 8.825738e-004 2.538753e-003 -4.464788e+000 -1.284309e+001 5.013810e-006
1.900724e+001 8.609416e-004 2.476527e-003 -4.520876e+000 -1.300443e+001 4.815079e-006
1.900724e+001 8.399036e-004 2.416011e-003 -4.577483e+000 -1.316726e+001 4.624805e-006
1.900725e+001 8.194418e-004 2.357152e-003 -4.634615e+000 -1.333160e+001 4.442603e-006
1.900725e+001 7.995387e-004 2.299900e-003 -4.692274e+000 -1.349746e+001 4.268109e-006
1.900726e+001 7.801775e-004 2.244207e-003 -4.750462e+000 -1.366484e+001 4.100973e-006
1.900726e+001 7.613418e-004 2.190026e-003 -4.809185e+000 -1.383376e+001 3.940864e-006
1.900726e+001 7.430159e-004 2.137311e-003 -4.868444e+000 -1.400422e+001 3.787467e-006
1.900727e+001 7.251844e-004 2.086018e-003 -4.928244e+000 -1.417623e+001 3.640482e-006
1.900727e+001 7.078327e-004 2.036105e-003 -4.988587e+000 -1.434981e+001 3.499621e-006
1.900728e+001 6.909464e-004 1.987532e-003 -5.049477e+000 -1.452497e+001 3.364613e-006
1.900728e+001 6.745118e-004 1.940257e-003 -5.110917e+000 -1.470170e+001 3.235197e-006
1.900728e+001 6.585154e-004 1.894243e-003 -5.172911e+000 -1.488003e+001 3.111127e-006
1.900728e+001 6.429443e-004 1.849452e-003 -5.235462e+000 -1.505996e+001 2.992166e-006
1.900729e+001 6.277861e-004 1.805849e-003 -5.298573e+000 -1.524150e+001 2.878090e-006
1.900729e+001 6.130286e-004 1.763399e-003 -5.362248e+000 -1.542466e+001 2.768684e-006
1.900729e+001 5.986600e-004 1.722067e-003 -5.426490e+000 -1.560946e+001 2.663744e-006
1.900730e+001 5.846691e-004 1.681822e-003 -5.491302e+000 -1.579589e+001 2.563075e-006
1.900730e+001 5.710449e-004 1.642631e-003 -5.556688e+000 -1.598398e+001 2.466493e-006
1.900730e+001 5.577766e-004 1.604465e-003 -5.622652e+000 -1.617372e+001 2.373818e-006
1.900730e+001 5.448541e-004 1.567293e-003 -5.689196e+000 -1.636514e+001 2.284883e-006
1.900730e+001 5.322673e-004 1.531087e-003 -5.756325e+000 -1.655824e+001 2.199527e-006
1.900731e+001 5.200066e-004 1.495818e-003 -5.824040e+000 -1.675302e+001 2.117594e-006
1.900731e+001 5.080626e-004 1.461461e-003 -5.892348e+000 -1.694951e+001 2.038940e-006
1.900731e+001 4.964264e-004 1.427989e-003 -5.961249e+000 -1.714771e+001 1.963423e-006
1.900731e+001 4.850890e-004 1.395377e-003 -6.030749e+000 -1.734763e+001 1.890910e-006
1.900731e+001 4.740420e-004 1.363600e-003 -6.100850e+000 -1.754928e+001 1.821273e-006
1.900732e+001 4.632772e-004 1.332634e-003 -6.171555e+000 -1.775266e+001 1.754391e-006
1.900732e+001 4.527865e-004 1.302458e-003 -6.242870e+000 -1.795780e+001 1.690146e-006
1.900732e+001 4.425623e-004 1.273047e-003 -6.314796e+000 -1.816470e+001 1.628429e-006
1.900732e+001 4.325971e-004 1.244382e-003 -6.387338e+000 -1.837337e+001 1.569131e-006
1.900732e+001 4.228836e-004 1.216441e-003 -6.460499e+000 -1.858382e+001 1.512153e-006
1.900732e+001 4.134147e-004 1.189203e-003 -6.534282e+000 -1.879606e+001 1.457398e-006
1.900733e+001 4.041837e-004 1.162650e-003 -6.608692e+000 -1.901010e+001 1.404772e-006
1.900733e+001 3.951838e-004 1.136762e-003 -6.683731e+000 -1.922596e+001 1.354186e-006
1.900733e+001 3.864088e-004 1.111520e-003 -6.759403e+000 -1.944363e+001 1.305558e-006
1.900733e+001 3.778524e-004 1.086907e-003 -6.835713e+000 -1.966314e+001 1.258805e-006
1.900733e+001 3.695085e-004 1.062906e-003 -6.912662e+000 -1.988449e+001 1.213851e-006
1.900733e+001 3.613713e-004 1.039499e-003 -6.990256e+000 -2.010769e+001 1.170621e-006
1.900733e+001 3.534351e-004 1.016670e-003 -7.068497e+000 -2.033275e+001 1.129045e-006
1.900733e+001 3.456945e-004 9.944042e-004 -7.147389e+000 -2.055969e+001 1.089054e-006
1.900734e+001 3.381441e-004 9.726852e-004 -7.226937e+000 -2.078851e+001 1.050586e-006
1.900734e+001 3.307787e-004 9.514983e-004 -7.307142e+000 -2.101922e+001 1.013577e-006
1.900734e+001 3.235933e-004 9.308293e-004 -7.388010e+000 -2.125184e+001 9.779686e-007
1.900734e+001 3.165830e-004 9.106640e-004 -7.469544e+000 -2.148638e+001 9.437038e-007
1.900734e+001 3.097431e-004 8.909888e-004 -7.551747e+000 -2.172284e+001 9.107290e-007
1.900734e+001 3.030690e-004 8.717906e-004 -7.634623e+000 -2.196124e+001 8.789916e-007
1.900734e+001 2.965563e-004 8.530565e-004 -7.718176e+000 -2.220158e+001 8.484423e-007
1.900734e+001 2.902006e-004 8.347742e-004 -7.802409e+000 -2.244388e+001 8.190336e-007
1.900734e+001 2.839977e-004 8.169315e-004 -7.887326e+000 -2.268815e+001 7.907201e-007
1.900734e+001 2.779437e-004 7.995167e-004 -7.972932e+000 -2.293440e+001 7.634578e-007
1.900734e+001 2.720344e-004 7.825185e-004 -8.059229e+000 -2.318263e+001 7.372055e-007
1.900734e+001 2.662661e-004 7.659258e-004 -8.146221e+000 -2.343287e+001 7.119228e-007
1.900735e+001 2.606351e-004 7.497280e-004 -8.233913e+000 -2.368512e+001 6.875718e-007
1.900735e+001 2.551376e-004 7.339145e-004 -8.322307e+000 -2.393939e+001 6.641156e-007
1.900735e+001 2.497703e-004 7.184753e-004 -8.411408e+000 -2.419569e+001 6.415189e-007
1.900735e+001 2.445298e-004 7.034005e-004 -8.501219e+000 -2.445404e+001 6.197482e-007
1.900735e+001 2.394126e-004 6.886808e-004 -8.591744e+000 -2.471444e+001 5.987714e-007
1.900735e+001 2.344155e-004 6.743066e-004 -8.682987e+000 -2.497690e+001 5.785573e-007
1.900735e+001 2.295356e-004 6.602692e-004 -8.774952e+000 -2.524144e+001 5.590763e-007
1.900735e+001 2.247696e-004 6.465597e-004 -8.867643e+000 -2.550807e+001 5.403001e-007
1.900735e+001 2.201147e-004 6.331697e-004 -8.961063e+000 -2.577680e+001 5.222012e-007
1.900735e+001 2.155679e-004 6.200909e-004 -9.055216e+000 -2.604763e+001 5.047539e-007
1.900735e+001 2.111266e-004 6.073153e-004 -9.150106e+000 -2.632059e+001 4.879329e-007
1.900735e+001 2.067880e-004 5.948350e-004 -9.245737e+000 -2.659568e+001 4.717140e-007
1.900735e+001 2.025494e-004 5.826427e-004 -9.342112e+000 -2.687290e+001 4.560744e-007
1.900735e+001 1.984083e-004 5.707307e-004 -9.439236e+000 -2.715229e+001 4.409919e-007
1.900735e+001 1.943623e-004 5.590922e-004 -9.537113e+000 -2.743383e+001 4.264453e-007
1.900735e+001 1.904089e-004 5.477200e-004 -9.635746e+000 -2.771756e+001 4.124143e-007
1.900735e+001 1.865457e-004 5.366074e-004 -9.735139e+000 -2.800346e+001 3.988792e-007
1.900735e+001 1.827705e-004 5.257478e-004 -9.835297e+000 -2.829157e+001 3.858216e-007
1.900735e+001 1.790810e-004 5.151349e-004 -9.936222e+000 -2.858189e+001 3.732230e-007
1.900735e+001 1.754751e-004 5.047625e-004 -1.003792e+001 -2.887443e+001 3.610667e-007
1.900735e+001 1.719507e-004 4.946245e-004 -1.014039e+001 -2.916920e+001 3.493357e-007
1.900736e+001 1.685058e-004 4.847151e-004 -1.024365e+001 -2.946621e+001 3.380142e-007
1.900736e+001 1.651383e-004 4.750284e-004 -1.034768e+001 -2.976548e+001 3.270869e-007
1.900736e+001 1.618464e-004 4.655591e-004 -1.045251e+001 -3.006701e+001 3.165392e-007
1.900736e+001 1.586281e-004 4.563016e-004 -1.055812e+001 -3.037082e+001 3.063570e-007
1.900736e+001 1.554817e-004 4.472508e-004 -1.066454e+001 -3.067692e+001 2.965267e-007
1.900736e+001 1.524053e-004 4.384015e-004 -1.077175e+001 -3.098532e+001 2.870353e-007
1.900736e+001 1.493973e-004 4.297487e-004 -1.087976e+001 -3.129603e+001 2.778704e-007
1.900736e+001 1.464559e-004 4.212876e-004 -1.098859e+001 -3.160907e+001 2.690200e-007
1.900736e+001 1.435794e-004 4.130135e-004 -1.109822e+001 -3.192444e+001 2.604725e-007
1.900736e+001 1.407665e-004 4.049218e-004 -1.120867e+001 -3.224216e+001 2.522168e-007
1.900736e+001 1.380153e-004 3.970081e-004 -1.131994e+001 -3.256223e+001 2.442422e-007
1.900736e+001 1.353245e-004 3.892680e-004 -1.143204e+001 -3.288468e+001 2.365385e-007
1.900736e+001 1.326927e-004 3.816973e-004 -1.154496e+001 -3.320951e+001 2.290960e-007
1.900736e+001 1.301182e-004 3.742918e-004 -1.165872e+001 -3.353673e+001 2.219051e-007
1.900736e+001 1.275999e-004 3.670477e-004 -1.177331e+001 -3.386635e+001 2.149568e-007
1.900736e+001 1.251362e-004 3.599609e-004 -1.188874e+001 -3.419840e+001 2.082422e-007
1.900736e+001 1.227260e-004 3.530278e-004 -1.200501e+001 -3.453287e+001 2.017531e-007
1.900736e+001 1.203679e-004 3.462445e-004 -1.212214e+001 -3.486978e+001 1.954811e-007
1.900736e+001 1.180606e-004 3.396076e-004 -1.224011e+001 -3.520915e+001 1.894189e-007
1.900736e+001 1.158030e-004 3.331135e-004 -1.235895e+001 -3.555098e+001 1.835586e-007
1.900736e+001 1.135938e-004 3.267588e-004 -1.247864e+001 -3.589528e+001 1.778930e-007
1.900736e+001 1.114320e-004 3.205402e-004 -1.259920e+001 -3.624207e+001 1.724154e-007
1.900736e+001 1.093164e-004 3.144545e-004 -1.272063e+001 -3.659137e+001 1.671191e-007
1.900736e+001 1.072458e-004 3.084984e-004 -1.284293e+001 -3.694317e+001 1.619976e-007
1.900736e+001 1.052193e-004 3.026691e-004 -1.296610e+001 -3.729750e+001 1.570448e-007
1.900736e+001 1.032357e-004 2.969633e-004 -1.309016e+001 -3.765437e+001 1.522547e-007
1.900736e+001 1.012942e-004 2.913784e-004 -1.321511e+001 -3.801378e+001 1.476217e-007
1.900736e+001 9.939363e-005 2.859113e-004 -1.334095e+001 -3.837575e+001 1.431400e-007
1.900736e+001 9.753311e-005 2.805595e-004 -1.346768e+001 -3.874030e+001 1.388047e-007
1.900736e+001 9.571168e-005 2.753201e-004 -1.359530e+001 -3.910743e+001 1.346105e-007
1.900736e+001 9.392844e-005 2.701905e-004 -1.372384e+001 -3.947716e+001 1.305524e-007
1.900736e+001 9.218251e-005 2.651683e-004 -1.385327e+001 -3.984949e+001 1.266258e-007
1.900736e+001 9.047301e-005 2.602508e-004 -1.398362e+001 -4.022445e+001 1.228262e-007
1.900736e+001 8.879910e-005 2.554357e-004 -1.411489e+001 -4.060204e+001 1.191490e-007
1.900736e+001 8.715996e-005 2.507207e-004 -1.424707e+001 -4.098228e+001 1.155903e-007
1.900736e+001 8.555480e-005 2.461034e-004 -1.438018e+001 -4.136517e+001 1.121457e-007
1.900736e+001 8.398282e-005 2.415815e-004 -1.451422e+001 -4.175074e+001 1.088114e-007
1.900736e+001 8.244328e-005 2.371530e-004 -1.464919e+001 -4.213899e+001 1.055837e-007
1.900736e+001 8.093542e-005 2.328156e-004 -1.478510e+001 -4.252993e+001 1.024588e-007
1.900736e+001 7.945852e-005 2.285672e-004 -1.492194e+001 -4.292358e+001 9.943342e-008
1.900736e+001 7.801189e-005 2.244059e-004 -1.505974e+001 -4.331996e+001 9.650397e-008
1.900736e+001 7.659483e-005 2.203297e-004 -1.519848e+001 -4.371906e+001 9.366733e-008
1.900736e+001 7.520666e-005 2.163366e-004 -1.533818e+001 -4.412091e+001 9.092031e-008
1.900736e+001 7.384675e-005 2.124247e-004 -1.547884e+001 -4.452552e+001 8.825979e-008
1.900736e+001 7.251445e-005 2.085923e-004 -1.562046e+001 -4.493290e+001 8.568305e-008
1.900736e+001 7.120913e-005 2.048375e-004 -1.576304e+001 -4.534306e+001 8.318706e-008
1.900736e+001 6.993020e-005 2.011586e-004 -1.590660e+001 -4.575601e+001 8.076928e-008
1.900736e+001 6.867706e-005 1.975539e-004 -1.605114e+001 -4.617178e+001 7.842703e-008
1.900736e+001 6.744913e-005 1.940217e-004 -1.619665e+001 -4.659036e+001 7.615776e-008
1.900736e+001 6.624586e-005 1.905604e-004 -1.634315e+001 -4.701178e+001 7.395906e-008
1.900736e+001 6.506669e-005 1.871685e-004 -1.649064e+001 -4.743605e+001 7.182860e-008
1.900736e+001 6.391108e-005 1.838443e-004 -1.663913e+001 -4.786317e+001 6.976408e-008
1.900736e+001 6.277853e-005 1.805865e-004 -1.678861e+001 -4.829317e+001 6.776334e-008
1.900736e+001 6.166850e-005 1.773935e-004 -1.693910e+001 -4.872605e+001 6.582425e-008
1.900736e+001 6.058052e-005 1.742638e-004 -1.709059e+001 -4.916183e+001 6.394484e-008
1.900736e+001 5.951409e-005 1.711962e-004 -1.724310e+001 -4.960052e+001 6.212309e-008
1.900736e+001 5.846874e-005 1.681892e-004 -1.739662e+001 -5.004214e+001 6.035712e-008
1.900736e+001 5.744401e-005 1.652415e-004 -1.755116e+001 -5.048669e+001 5.864514e-008
1.900736e+001 5.643945e-005 1.623518e-004 -1.770673e+001 -5.093419e+001 5.698532e-008
1.900736e+001 5.545461e-005 1.595189e-004 -1.786332e+001 -5.138465e+001 5.537600e-008
1.900736e+001 5.448907e-005 1.567415e-004 -1.802096e+001 -5.183809e+001 5.381552e-008
1.900736e+001 5.354240e-005 1.540184e-004 -1.817963e+001 -5.229452e+001 5.230234e-008
1.900736e+001 5.261421e-005 1.513484e-004 -1.833934e+001 -5.275395e+001 5.083483e-008
1.900736e+001 5.170408e-005 1.487304e-004 -1.850010e+001 -5.321639e+001 4.941159e-008
1.900736e+001 5.081164e-005 1.461632e-004 -1.866192e+001 -5.368186e+001 4.803127e-008
1.900736e+001 4.993649e-005 1.436458e-004 -1.882479e+001 -5.415037e+001 4.669230e-008
1.900736e+001 4.907827e-005 1.411771e-004 -1.898872e+001 -5.462194e+001 4.539346e-008
1.900736e+001 4.823661e-005 1.387560e-004 -1.915372e+001 -5.509658e+001 4.413349e-008
1.900736e+001 4.741116e-005 1.363816e-004 -1.931980e+001 -5.557429e+001 4.291107e-008
1.900736e+001 4.660157e-005 1.340527e-004 -1.948694e+001 -5.605510e+001 4.172510e-008
1.900736e+001 4.580751e-005 1.317686e-004 -1.965517e+001 -5.653902e+001 4.057431e-008
1.900736e+001 4.502864e-005 1.295281e-004 -1.982448e+001 -5.702606e+001 3.945768e-008
1.900736e+001 4.426464e-005 1.273305e-004 -1.999488e+001 -5.751623e+001 3.837405e-008
1.900736e+001 4.351520e-005 1.251747e-004 -2.016638e+001 -5.800955e+001 3.732247e-008
1.900736e+001 4.278001e-005 1.230599e-004 -2.033897e+001 -5.850603e+001 3.630180e-008
1.900736e+001 4.205877e-005 1.209852e-004 -2.051267e+001 -5.900569e+001 3.531114e-008
1.900736e+001 4.135118e-005 1.189498e-004 -2.068748e+001 -5.950853e+001 3.434955e-008
1.900736e+001 4.065697e-005 1.169528e-004 -2.086340e+001 -6.001458e+001 3.341610e-008
1.900737e+001 3.997584e-005 1.149935e-004 -2.104044e+001 -6.052384e+001 3.250995e-008
1.900737e+001 3.930752e-005 1.130711e-004 -2.121859e+001 -6.103633e+001 3.163015e-008
1.900737e+001 3.865176e-005 1.111847e-004 -2.139788e+001 -6.155206e+001 3.077599e-008
1.900737e+001 3.800828e-005 1.093337e-004 -2.157830e+001 -6.207105e+001 2.994660e-008
1.900737e+001 3.737683e-005 1.075173e-004 -2.175985e+001 -6.259330e+001 2.914128e-008
1.900737e+001 3.675716e-005 1.057348e-004 -2.194255e+001 -6.311884e+001 2.835922e-008
1.900737e+001 3.614903e-005 1.039855e-004 -2.212639e+001 -6.364768e+001 2.759972e-008
1.900737e+001 3.555220e-005 1.022687e-004 -2.231139e+001 -6.417983e+001 2.686206e-008
1.900737e+001 3.496643e-005 1.005837e-004 -2.249754e+001 -6.471530e+001 2.614561e-008
1.900737e+001 3.439151e-005 9.892990e-005 -2.268485e+001 -6.525411e+001 2.544970e-008
1.900737e+001 3.382720e-005 9.730663e-005 -2.287332e+001 -6.579628e+001 2.477371e-008
1.900737e+001 3.327329e-005 9.571328e-005 -2.306297e+001 -6.634180e+001 2.411703e-008
1.900737e+001 3.272956e-005 9.414923e-005 -2.325379e+001 -6.689071e+001 2.347904e-008
1.900737e+001 3.219582e-005 9.261389e-005 -2.344579e+001 -6.744302e+001 2.285920e-008
1.900737e+001 3.167185e-005 9.110666e-005 -2.363897e+001 -6.799873e+001 2.225695e-008
1.900737e+001 3.115745e-005 8.962698e-005 -2.383334e+001 -6.855786e+001 2.167178e-008
1.900737e+001 3.065244e-005 8.817429e-005 -2.402891e+001 -6.912043e+001 2.110311e-008
1.900737e+001 3.015663e-005 8.674805e-005 -2.422568e+001 -6.968644e+001 2.055049e-008
1.900737e+001 2.966982e-005 8.534772e-005 -2.442365e+001 -7.025593e+001 2.001346e-008
1.900737e+001 2.919183e-005 8.397277e-005 -2.462283e+001 -7.082888e+001 1.949148e-008
1.900737e+001 2.872250e-005 8.262270e-005 -2.482322e+001 -7.140534e+001 1.898414e-008
1.900737e+001 2.826164e-005 8.129701e-005 -2.502484e+001 -7.198529e+001 1.849101e-008
1.900737e+001 2.780908e-005 7.999521e-005 -2.522767e+001 -7.256877e+001 1.801164e-008
1.900737e+001 2.736467e-005 7.871682e-005 -2.543174e+001 -7.315578e+001 1.754564e-008
1.900737e+001 2.692823e-005 7.746138e-005 -2.563704e+001 -7.374634e+001 1.709259e-008
1.900737e+001 2.649960e-005 7.622843e-005 -2.584358e+001 -7.434047e+001 1.665212e-008
1.900737e+001 2.607865e-005 7.501752e-005 -2.605136e+001 -7.493817e+001 1.622386e-008
1.900737e+001 2.566520e-005 7.382821e-005 -2.626039e+001 -7.553946e+001 1.580743e-008
1.900737e+001 2.525911e-005 7.266008e-005 -2.647067e+001 -7.614436e+001 1.540250e-008
1.900737e+001 2.486024e-005 7.151271e-005 -2.668221e+001 -7.675288e+001 1.500873e-008
1.900737e+001 2.446844e-005 7.038568e-005 -2.689502e+001 -7.736504e+001 1.462577e-008
1.900737e+001 2.408358e-005 6.927861e-005 -2.710909e+001 -7.798084e+001 1.425330e-008
1.900737e+001 2.370552e-005 6.819110e-005 -2.732444e+001 -7.860031e+001 1.389103e-008
1.900737e+001 2.333413e-005 6.712276e-005 -2.754107e+001 -7.922345e+001 1.353867e-008
1.900737e+001 2.296927e-005 6.607322e-005 -2.775898e+001 -7.985029e+001 1.319594e-008
1.900737e+001 2.261081e-005 6.504211e-005 -2.797818e+001 -8.048084e+001 1.286253e-008
1.900737e+001 2.225864e-005 6.402907e-005 -2.819867e+001 -8.111510e+001 1.253815e-008
1.900737e+001 2.191264e-005 6.303376e-005 -2.842046e+001 -8.175310e+001 1.222255e-008
1.900737e+001 2.157267e-005 6.205582e-005 -2.864355e+001 -8.239486e+001 1.191554e-008
1.900737e+001 2.123863e-005 6.109493e-005 -2.886796e+001 -8.304038e+001 1.161679e-008
1.900737e+001 2.091039e-005 6.015075e-005 -2.909368e+001 -8.368968e+001 1.132610e-008
1.900737e+001 2.058786e-005 5.922295e-005 -2.932071e+001 -8.434277e+001 1.104323e-008
1.900737e+001 2.027091e-005 5.831123e-005 -2.954908e+001 -8.499968e+001 1.076797e-008
1.900737e+001 1.995944e-005 5.741528e-005 -2.977877e+001 -8.566040e+001 1.050007e-008
1.900737e+001 1.965335e-005 5.653479e-005 -3.000979e+001 -8.632497e+001 1.023934e-008
1.900737e+001 1.935253e-005 5.566947e-005 -3.024216e+001 -8.699339e+001 9.985570e-009
1.900737e+001 1.905689e-005 5.481902e-005 -3.047587e+001 -8.766569e+001 9.738555e-009
1.900737e+001 1.876631e-005 5.398317e-005 -3.071093e+001 -8.834186e+001 9.498117e-009
1.900737e+001 1.848071e-005 5.316163e-005 -3.094734e+001 -8.902193e+001 9.264063e-009
1.900737e+001 1.820000e-005 5.235413e-005 -3.118512e+001 -8.970592e+001 9.036202e-009
1.900737e+001 1.792407e-005 5.156042e-005 -3.142426e+001 -9.039384e+001 8.814375e-009
1.900737e+001 1.765285e-005 5.078021e-005 -3.166478e+001 -9.108570e+001 8.598401e-009
1.900737e+001 1.738623e-005 5.001327e-005 -3.190666e+001 -9.178151e+001 8.388108e-009
1.900737e+001 1.712414e-005 4.925934e-005 -3.214993e+001 -9.248131e+001 8.183356e-009
1.900737e+001 1.686648e-005 4.851818e-005 -3.239459e+001 -9.318509e+001 7.983973e-009
1.900737e+001 1.661318e-005 4.778954e-005 -3.264064e+001 -9.389287e+001 7.789811e-009
1.900737e+001 1.636415e-005 4.707320e-005 -3.288809e+001 -9.460468e+001 7.600730e-009
1.900737e+001 1.611931e-005 4.636891e-005 -3.313693e+001 -9.532051e+001 7.416578e-009
1.900737e+001 1.587859e-005 4.567646e-005 -3.338719e+001 -9.604040e+001 7.237231e-009
1.900737e+001 1.564191e-005 4.499563e-005 -3.363886e+001 -9.676435e+001 7.062532e-009
1.900737e+001 1.540919e-005 4.432620e-005 -3.389195e+001 -9.749239e+001 6.892383e-009
1.900737e+001 1.518036e-005 4.366795e-005 -3.414646e+001 -9.822451e+001 6.726638e-009
1.900737e+001 1.495535e-005 4.302069e-005 -3.440240e+001 -9.896075e+001 6.565175e-009
1.900737e+001 1.473408e-005 4.238420e-005 -3.465977e+001 -9.970111e+001 6.407879e-009
1.900737e+001 1.451649e-005 4.175829e-005 -3.491858e+001 -1.004456e+002 6.254634e-009
1.900737e+001 1.430251e-005 4.114276e-005 -3.517884e+001 -1.011943e+002 6.105329e-009
1.900737e+001 1.409207e-005 4.053742e-005 -3.544055e+001 -1.019471e+002 5.959851e-009
1.900737e+001 1.388512e-005 3.994209e-005 -3.570371e+001 -1.027041e+002 5.818119e-009
1.900737e+001 1.368157e-005 3.935658e-005 -3.596834e+001 -1.034654e+002 5.679994e-009
1.900737e+001 1.348138e-005 3.878071e-005 -3.623443e+001 -1.042308e+002 5.545400e-009
1.900737e+001 1.328447e-005 3.821431e-005 -3.650199e+001 -1.050005e+002 5.414240e-009
1.900737e+001 1.309080e-005 3.765720e-005 -3.677103e+001 -1.057744e+002 5.286410e-009
1.900737e+001 1.290030e-005 3.710921e-005 -3.704156e+001 -1.065526e+002 5.161826e-009
1.900737e+001 1.271292e-005 3.657018e-005 -3.731357e+001 -1.073351e+002 5.040397e-009
1.900737e+001 1.252859e-005 3.603995e-005 -3.758707e+001 -1.081218e+002 4.922040e-009
1.900737e+001 1.234726e-005 3.551835e-005 -3.786208e+001 -1.089129e+002 4.806674e-009
1.900737e+001 1.216888e-005 3.500523e-005 -3.813858e+001 -1.097083e+002 4.694203e-009
1.900737e+001 1.199340e-005 3.450044e-005 -3.841660e+001 -1.105081e+002 4.584573e-009
1.900737e+001 1.182076e-005 3.400383e-005 -3.869613e+001 -1.113122e+002 4.477700e-009
1.900737e+001 1.165091e-005 3.351524e-005 -3.897719e+001 -1.121207e+002 4.373507e-009
1.900737e+001 1.148380e-005 3.303455e-005 -3.925977e+001 -1.129335e+002 4.271905e-009
1.900737e+001 1.131939e-005 3.256160e-005 -3.954388e+001 -1.137508e+002 4.172850e-009
1.900737e+001 1.115762e-005 3.209625e-005 -3.982953e+001 -1.145725e+002 4.076266e-009
1.900737e+001 1.099844e-005 3.163838e-005 -4.011672e+001 -1.153987e+002 3.982089e-009
1.900737e+001 1.084182e-005 3.118784e-005 -4.040546e+001 -1.162293e+002 3.890245e-009
1.900737e+001 1.068770e-005 3.074451e-005 -4.069576e+001 -1.170643e+002 3.800685e-009
1.900737e+001 1.053605e-005 3.030826e-005 -4.098761e+001 -1.179039e+002 3.713338e-009
1.900737e+001 1.038681e-005 2.987896e-005 -4.128103e+001 -1.187480e+002 3.628148e-009
1.900737e+001 1.023994e-005 2.945650e-005 -4.157602e+001 -1.195965e+002 3.545057e-009
1.900737e+001 1.009541e-005 2.904074e-005 -4.187259e+001 -1.204496e+002 3.464021e-009
1.900737e+001 9.953171e-006 2.863158e-005 -4.217073e+001 -1.213073e+002 3.384969e-009
1.900737e+001 9.813183e-006 2.822889e-005 -4.247047e+001 -1.221695e+002 3.307863e-009
1.900737e+001 9.675406e-006 2.783256e-005 -4.277180e+001 -1.230363e+002 3.232642e-009
1.900737e+001 9.539803e-006 2.744249e-005 -4.307473e+001 -1.239077e+002 3.159265e-009
1.900737e+001 9.406334e-006 2.705856e-005 -4.337926e+001 -1.247838e+002 3.087668e-009
1.900737e+001 9.274963e-006 2.668066e-005 -4.368540e+001 -1.256644e+002 3.017828e-009
1.900737e+001 9.145654e-006 2.630869e-005 -4.399316e+001 -1.265497e+002 2.949674e-009
1.900737e+001 9.018369e-006 2.594255e-005 -4.430254e+001 -1.274397e+002 2.883186e-009
1.900737e+001 8.893075e-006 2.558213e-005 -4.461354e+001 -1.283344e+002 2.818302e-009
1.900737e+001 8.769737e-006 2.522734e-005 -4.492618e+001 -1.292337e+002 2.754991e-009
1.900737e+001 8.648320e-006 2.487807e-005 -4.524046e+001 -1.301378e+002 2.693210e-009
1.900737e+001 8.528791e-006 2.453424e-005 -4.555638e+001 -1.310465e+002 2.632924e-009
1.900737e+001 8.411118e-006 2.419574e-005 -4.587395e+001 -1.319601e+002 2.574084e-009
1.900737e+001 8.295270e-006 2.386249e-005 -4.619317e+001 -1.328784e+002 2.516653e-009
1.900737e+001 8.181214e-006 2.353440e-005 -4.651406e+001 -1.338015e+002 2.460603e-009
1.900737e+001 8.068919e-006 2.321138e-005 -4.683661e+001 -1.347293e+002 2.405899e-009
1.900737e+001 7.958357e-006 2.289334e-005 -4.716084e+001 -1.356620e+002 2.352500e-009
1.900737e+001 7.849496e-006 2.258019e-005 -4.748675e+001 -1.365995e+002 2.300376e-009
1.900737e+001 7.742308e-006 2.227185e-005 -4.781434e+001 -1.375419e+002 2.249500e-009
1.900737e+001 7.636764e-006 2.196825e-005 -4.814362e+001 -1.384891e+002 2.199827e-009
1.900737e+001 7.532836e-006 2.166929e-005 -4.847459e+001 -1.394412e+002 2.151333e-009
1.900737e+001 7.430498e-006 2.137491e-005 -4.880727e+001 -1.403982e+002 2.103986e-009
1.900737e+001 7.329722e-006 2.108502e-005 -4.914165e+001 -1.413601e+002 2.057763e-009
1.900737e+001 7.230481e-006 2.079954e-005 -4.947775e+001 -1.423269e+002 2.012635e-009
1.900737e+001 7.132750e-006 2.051841e-005 -4.981557e+001 -1.432987e+002 1.968566e-009
1.900737e+001 7.036503e-006 2.024155e-005 -5.015511e+001 -1.442755e+002 1.925539e-009
1.900737e+001 6.941714e-006 1.996888e-005 -5.049638e+001 -1.452572e+002 1.883523e-009
1.900737e+001 6.848361e-006 1.970034e-005 -5.083939e+001 -1.462439e+002 1.842491e-009
1.900737e+001 6.756417e-006 1.943586e-005 -5.118415e+001 -1.472356e+002 1.802420e-009
1.900737e+001 6.665861e-006 1.917536e-005 -5.153065e+001 -1.482324e+002 1.763287e-009
1.900737e+001 6.576668e-006 1.891879e-005 -5.187890e+001 -1.492342e+002 1.725070e-009
1.900737e+001 6.488816e-006 1.866608e-005 -5.222892e+001 -1.502411e+002 1.687738e-009
1.900737e+001 6.402282e-006 1.841716e-005 -5.258070e+001 -1.512530e+002 1.651282e-009
1.900737e+001 6.317045e-006 1.817196e-005 -5.293425e+001 -1.522701e+002 1.615664e-009
1.900737e+001 6.233083e-006 1.793044e-005 -5.328958e+001 -1.532923e+002 1.580879e-009
1.900737e+001 6.150374e-006 1.769252e-005 -5.364670e+001 -1.543196e+002 1.546896e-009
1.900737e+001 6.068899e-006 1.745815e-005 -5.400560e+001 -1.553520e+002 1.513697e-009
1.900737e+001 5.988636e-006 1.722727e-005 -5.436630e+001 -1.563896e+002 1.481272e-009
1.900737e+001 5.909566e-006 1.699981e-005 -5.472881e+001 -1.574324e+002 1.449586e-009
1.900737e+001 5.831668e-006 1.677573e-005 -5.509312e+001 -1.584804e+002 1.418636e-009
1.900737e+001 5.754925e-006 1.655497e-005 -5.545924e+001 -1.595336e+002 1.388390e-009
1.900737e+001 5.679316e-006 1.633748e-005 -5.582719e+001 -1.605921e+002 1.358838e-009
1.900737e+001 5.604822e-006 1.612319e-005 -5.619696e+001 -1.616558e+002 1.329968e-009
1.900737e+001 5.531427e-006 1.591206e-005 -5.656856e+001 -1.627248e+002 1.301753e-009
1.900737e+001 5.459112e-006 1.570404e-005 -5.694200e+001 -1.637990e+002 1.274181e-009
1.900737e+001 5.387858e-006 1.549907e-005 -5.731728e+001 -1.648786e+002 1.247241e-009
1.900737e+001 5.317650e-006 1.529711e-005 -5.769442e+001 -1.659635e+002 1.220908e-009
1.900737e+001 5.248469e-006 1.509811e-005 -5.807341e+001 -1.670537e+002 1.195179e-009
1.900737e+001 5.180300e-006 1.490201e-005 -5.845426e+001 -1.681493e+002 1.170027e-009
1.900737e+001 5.113125e-006 1.470878e-005 -5.883698e+001 -1.692502e+002 1.145451e-009
1.900737e+001 5.046929e-006 1.451836e-005 -5.922157e+001 -1.703566e+002 1.121424e-009
1.900737e+001 4.981696e-006 1.433071e-005 -5.960805e+001 -1.714684e+002 1.097942e-009
1.900737e+001 4.917410e-006 1.414578e-005 -5.999641e+001 -1.725855e+002 1.074989e-009
1.900737e+001 4.854057e-006 1.396354e-005 -6.038666e+001 -1.737082e+002 1.052551e-009
1.900737e+001 4.791620e-006 1.378394e-005 -6.077882e+001 -1.748363e+002 1.030617e-009
1.900737e+001 4.730085e-006 1.360693e-005 -6.117287e+001 -1.759699e+002 1.009174e-009
1.900737e+001 4.669439e-006 1.343247e-005 -6.156884e+001 -1.771089e+002 9.882114e-010
1.900737e+001 4.609666e-006 1.326053e-005 -6.196673e+001 -1.782535e+002 9.677154e-010
1.900737e+001 4.550753e-006 1.309106e-005 -6.236654e+001 -1.794036e+002 9.476807e-010
1.900737e+001 4.492686e-006 1.292402e-005 -6.276827e+001 -1.805593e+002 9.280872e-010
1.900737e+001 4.435451e-006 1.275938e-005 -6.317195e+001 -1.817205e+002 9.089339e-010
1.900737e+001 4.379035e-006 1.259709e-005 -6.357756e+001 -1.828874e+002 8.902019e-010
1.900737e+001 4.323426e-006 1.243713e-005 -6.398513e+001 -1.840598e+002 8.718860e-010
1.900737e+001 4.268610e-006 1.227944e-005 -6.439464e+001 -1.852379e+002 8.539758e-010
1.900737e+001 4.214575e-006 1.212401e-005 -6.480612e+001 -1.864216e+002 8.364633e-010
1.900737e+001 4.161308e-006 1.197078e-005 -6.521957e+001 -1.876109e+002 8.193341e-010
1.900737e+001 4.108798e-006 1.181973e-005 -6.563499e+001 -1.888059e+002 8.025845e-010
1.900737e+001 4.057032e-006 1.167082e-005 -6.605239e+001 -1.900067e+002 7.862031e-010
1.900737e+001 4.005999e-006 1.152402e-005 -6.647177e+001 -1.912131e+002 7.701795e-010
1.900737e+001 3.955688e-006 1.137929e-005 -6.689314e+001 -1.924253e+002 7.545049e-010
1.900737e+001 3.906086e-006 1.123661e-005 -6.731652e+001 -1.936432e+002 7.391810e-010
1.900737e+001 3.857183e-006 1.109593e-005 -6.774190e+001 -1.948669e+002 7.241859e-010
1.900737e+001 3.808968e-006 1.095723e-005 -6.816929e+001 -1.960963e+002 7.095166e-010
1.900737e+001 3.761430e-006 1.082049e-005 -6.859869e+001 -1.973316e+002 6.951680e-010
1.900737e+001 3.714559e-006 1.068566e-005 -6.903012e+001 -1.985727e+002 6.811329e-010
1.900737e+001 3.668344e-006 1.055271e-005 -6.946358e+001 -1.998196e+002 6.674034e-010
1.900737e+001 3.622775e-006 1.042163e-005 -6.989907e+001 -2.010724e+002 6.539711e-010
1.900737e+001 3.577842e-006 1.029238e-005 -7.033661e+001 -2.023311e+002 6.408272e-010
1.900737e+001 3.533535e-006 1.016492e-005 -7.077620e+001 -2.035956e+002 6.279726e-010
1.900737e+001 3.489845e-006 1.003924e-005 -7.121784e+001 -2.048661e+002 6.153882e-010
1.900737e+001 3.446762e-006 9.915309e-006 -7.166154e+001 -2.061425e+002 6.030794e-010
1.900737e+001 3.404276e-006 9.793094e-006 -7.210731e+001 -2.074248e+002 5.910355e-010
1.900737e+001 3.362378e-006 9.672572e-006 -7.255516e+001 -2.087132e+002 5.792516e-010
1.900737e+001 3.321061e-006 9.553716e-006 -7.300508e+001 -2.100075e+002 5.677152e-010
1.900737e+001 3.280313e-006 9.436501e-006 -7.345709e+001 -2.113078e+002 5.564294e-010
1.900737e+001 3.240128e-006 9.320903e-006 -7.391120e+001 -2.126141e+002 5.453844e-010
1.900737e+001 3.200495e-006 9.206895e-006 -7.436741e+001 -2.139265e+002 5.345743e-010
1.900737e+001 3.161407e-006 9.094454e-006 -7.482572e+001 -2.152449e+002 5.239984e-010
1.900737e+001 3.122856e-006 8.983556e-006 -7.528615e+001 -2.165694e+002 5.136427e-010
1.900737e+001 3.084832e-006 8.874178e-006 -7.574869e+001 -2.179000e+002 5.035096e-010
1.900737e+001 3.047329e-006 8.766296e-006 -7.621336e+001 -2.192368e+002 4.935890e-010
1.900737e+001 3.010339e-006 8.659888e-006 -7.668017e+001 -2.205796e+002 4.838823e-010
1.900737e+001 2.973852e-006 8.554931e-006 -7.714911e+001 -2.219286e+002 4.743795e-010
1.900737e+001 2.937863e-006 8.451404e-006 -7.762020e+001 -2.232838e+002 4.650754e-010
1.900737e+001 2.902363e-006 8.349284e-006 -7.809343e+001 -2.246452e+002 4.559698e-010
1.900737e+001 2.867345e-006 8.248550e-006 -7.856883e+001 -2.260128e+002 4.470556e-010
1.900737e+001 2.832802e-006 8.149183e-006 -7.904639e+001 -2.273866e+002 4.383275e-010
1.900737e+001 2.798726e-006 8.051160e-006 -7.952613e+001 -2.287667e+002 4.297864e-010
1.900737e+001 2.765111e-006 7.954462e-006 -8.000804e+001 -2.301530e+002 4.214209e-010
1.900737e+001 2.731950e-006 7.859069e-006 -8.049214e+001 -2.315456e+002 4.132298e-010
1.900737e+001 2.699236e-006 7.764962e-006 -8.097843e+001 -2.329445e+002 4.052114e-010
1.900737e+001 2.666961e-006 7.672121e-006 -8.146692e+001 -2.343498e+002 3.973623e-010
1.900737e+001 2.635120e-006 7.580527e-006 -8.195761e+001 -2.357613e+002 3.896736e-010
1.900737e+001 2.603707e-006 7.490162e-006 -8.245051e+001 -2.371793e+002 3.821464e-010
1.900737e+001 2.572714e-006 7.401007e-006 -8.294563e+001 -2.386036e+002 3.747759e-010
1.900737e+001 2.542136e-006 7.313044e-006 -8.344298e+001 -2.400344e+002 3.675575e-010
1.900737e+001 2.511966e-006 7.226256e-006 -8.394255e+001 -2.414715e+002 3.604891e-010
1.900737e+001 2.482198e-006 7.140626e-006 -8.444437e+001 -2.429151e+002 3.535669e-010
1.900737e+001 2.452827e-006 7.056136e-006 -8.494843e+001 -2.443651e+002 3.467867e-010
1.900737e+001 2.423846e-006 6.972769e-006 -8.545473e+001 -2.458217e+002 3.401475e-010
1.900737e+001 2.395250e-006 6.890508e-006 -8.596330e+001 -2.472847e+002 3.336453e-010
1.900737e+001 2.367033e-006 6.809338e-006 -8.647414e+001 -2.487542e+002 3.272764e-010
1.900737e+001 2.339189e-006 6.729243e-006 -8.698724e+001 -2.502303e+002 3.210359e-010
1.900737e+001 2.311714e-006 6.650207e-006 -8.750262e+001 -2.517129e+002 3.149252e-010
1.900737e+001 2.284601e-006 6.572214e-006 -8.802028e+001 -2.532021e+002 3.089403e-010
1.900737e+001 2.257846e-006 6.495248e-006 -8.854024e+001 -2.546978e+002 3.030778e-010
1.900737e+001 2.231443e-006 6.419295e-006 -8.906249e+001 -2.562002e+002 2.973349e-010
1.900737e+001 2.205386e-006 6.344340e-006 -8.958705e+001 -2.577093e+002 2.917077e-010
1.900737e+001 2.179672e-006 6.270369e-006 -9.011392e+001 -2.592249e+002 2.861962e-010
1.900737e+001 2.154294e-006 6.197366e-006 -9.064311e+001 -2.607473e+002 2.807959e-010
1.900737e+001 2.129248e-006 6.125320e-006 -9.117462e+001 -2.622763e+002 2.755047e-010
1.900737e+001 2.104530e-006 6.054213e-006 -9.170847e+001 -2.638121e+002 2.703231e-010
1.900737e+001 2.080134e-006 5.984035e-006 -9.224466e+001 -2.653545e+002 2.652449e-010
1.900737e+001 2.056056e-006 5.914770e-006 -9.278319e+001 -2.669038e+002 2.602694e-010
1.900737e+001 2.032291e-006 5.846407e-006 -9.332407e+001 -2.684597e+002 2.553934e-010
1.900737e+001 2.008834e-006 5.778932e-006 -9.386731e+001 -2.700225e+002 2.506164e-010
1.900737e+001 1.985682e-006 5.712331e-006 -9.441291e+001 -2.715921e+002 2.459354e-010
1.900737e+001 1.962830e-006 5.646593e-006 -9.496089e+001 -2.731685e+002 2.413487e-010
1.900737e+001 1.940273e-006 5.581706e-006 -9.551125e+001 -2.747517e+002 2.368532e-010
1.900737e+001 1.918007e-006 5.517656e-006 -9.606400e+001 -2.763419e+002 2.324499e-010
1.900737e+001 1.896029e-006 5.454432e-006 -9.661914e+001 -2.779389e+002 2.281326e-010
1.900737e+001 1.874334e-006 5.392021e-006 -9.717668e+001 -2.795428e+002 2.239029e-010
1.900737e+001 1.852917e-006 5.330414e-006 -9.773663e+001 -2.811536e+002 2.197565e-010
1.900737e+001 1.831776e-006 5.269597e-006 -9.829899e+001 -2.827714e+002 2.156926e-010
1.900737e+001 1.810905e-006 5.209561e-006 -9.886377e+001 -2.843961e+002 2.117089e-010
1.900737e+001 1.790302e-006 5.150292e-006 -9.943098e+001 -2.860279e+002 2.078066e-010
1.900737e+001 1.769962e-006 5.091782e-006 -1.000006e+002 -2.876666e+002 2.039798e-010
1.900737e+001 1.749882e-006 5.034018e-006 -1.005727e+002 -2.893124e+002 2.002306e-010
1.900737e+001 1.730058e-006 4.976991e-006 -1.011472e+002 -2.909652e+002 1.965535e-010
1.900737e+001 1.710486e-006 4.920690e-006 -1.017242e+002 -2.926251e+002 1.929502e-010
1.900737e+001 1.691163e-006 4.865104e-006 -1.023037e+002 -2.942920e+002 1.894166e-010
1.900737e+001 1.672085e-006 4.810224e-006 -1.028856e+002 -2.959661e+002 1.859541e-010
1.900737e+001 1.653250e-006 4.756040e-006 -1.034700e+002 -2.976473e+002 1.825592e-010
1.900737e+001 1.634652e-006 4.702542e-006 -1.040569e+002 -2.993356e+002 1.792300e-010
1.900737e+001 1.616290e-006 4.649720e-006 -1.046463e+002 -3.010311e+002 1.759683e-010
1.900737e+001 1.598159e-006 4.597564e-006 -1.052381e+002 -3.027338e+002 1.727697e-010
1.900737e+001 1.580257e-006 4.546067e-006 -1.058325e+002 -3.044437e+002 1.696316e-010
1.900737e+001 1.562581e-006 4.495217e-006 -1.064294e+002 -3.061608e+002 1.665565e-010
1.900737e+001 1.545126e-006 4.445006e-006 -1.070288e+002 -3.078852e+002 1.635427e-010
1.900737e+001 1.527891e-006 4.395426e-006 -1.076307e+002 -3.096168e+002 1.605853e-010
1.900737e+001 1.510871e-006 4.346467e-006 -1.082352e+002 -3.113557e+002 1.576857e-010
1.900737e+001 1.494065e-006 4.298121e-006 -1.088422e+002 -3.131020e+002 1.548443e-010
1.900737e+001 1.477469e-006 4.250379e-006 -1.094518e+002 -3.148555e+002 1.520559e-010
1.900737e+001 1.461079e-006 4.203233e-006 -1.100639e+002 -3.166165e+002 1.493228e-010
1.900737e+001 1.444895e-006 4.156675e-006 -1.106786e+002 -3.183848e+002 1.466419e-010
1.900737e+001 1.428911e-006 4.110696e-006 -1.112958e+002 -3.201604e+002 1.440123e-010
1.900737e+001 1.413126e-006 4.065288e-006 -1.119156e+002 -3.219435e+002 1.414346e-010
1.900737e+001 1.397538e-006 4.020445e-006 -1.125380e+002 -3.237340e+002 1.389042e-010
1.900737e+001 1.382142e-006 3.976158e-006 -1.131630e+002 -3.255320e+002 1.364249e-010
1.900737e+001 1.366938e-006 3.932419e-006 -1.137906e+002 -3.273374e+002 1.339917e-010
1.900737e+001 1.351921e-006 3.889220e-006 -1.144208e+002 -3.291504e+002 1.316066e-010
1.900737e+001 1.337089e-006 3.846555e-006 -1.150536e+002 -3.309708e+002 1.292669e-010
1.900737e+001 1.322441e-006 3.804415e-006 -1.156890e+002 -3.327988e+002 1.269705e-010
1.900737e+001 1.307972e-006 3.762795e-006 -1.163270e+002 -3.346343e+002 1.247194e-010
1.900737e+001 1.293682e-006 3.721686e-006 -1.169677e+002 -3.364774e+002 1.225108e-010
1.900737e+001 1.279567e-006 3.681082e-006 -1.176110e+002 -3.383281e+002 1.203448e-010
1.900737e+001 1.265625e-006 3.640975e-006 -1.182570e+002 -3.401864e+002 1.182192e-010
1.900737e+001 1.251854e-006 3.601360e-006 -1.189056e+002 -3.420524e+002 1.161340e-010
1.900737e+001 1.238251e-006 3.562229e-006 -1.195569e+002 -3.439260e+002 1.140887e-010
1.900737e+001 1.224814e-006 3.523576e-006 -1.202108e+002 -3.458073e+002 1.120822e-010
1.900737e+001 1.211541e-006 3.485394e-006 -1.208674e+002 -3.476963e+002 1.101142e-010
1.900737e+001 1.198430e-006 3.447678e-006 -1.215268e+002 -3.495930e+002 1.081823e-010
1.900737e+001 1.185478e-006 3.410420e-006 -1.221888e+002 -3.514975e+002 1.062873e-010
1.900737e+001 1.172684e-006 3.373614e-006 -1.228535e+002 -3.534097e+002 1.044281e-010
1.900737e+001 1.160044e-006 3.337254e-006 -1.235209e+002 -3.553298e+002 1.026040e-010
1.900737e+001 1.147558e-006 3.301335e-006 -1.241910e+002 -3.572576e+002 1.008139e-010
1.900737e+001 1.135223e-006 3.265851e-006 -1.248638e+002 -3.591933e+002 9.905784e-011
1.900737e+001 1.123037e-006 3.230795e-006 -1.255394e+002 -3.611367e+002 9.733324e-011
1.900737e+001 1.110997e-006 3.196162e-006 -1.262177e+002 -3.630881e+002 9.564244e-011
1.900737e+001 1.099103e-006 3.161946e-006 -1.268988e+002 -3.650474e+002 9.398305e-011
1.900737e+001 1.087352e-006 3.128142e-006 -1.275825e+002 -3.670146e+002 9.235426e-011
1.900737e+001 1.075742e-006 3.094744e-006 -1.282691e+002 -3.689897e+002 9.075572e-011
1.900737e+001 1.064272e-006 3.061747e-006 -1.289584e+002 -3.709727e+002 8.918710e-011
1.900737e+001 1.052938e-006 3.029145e-006 -1.296505e+002 -3.729638e+002 8.764794e-011
1.900737e+001 1.041741e-006 2.996933e-006 -1.303454e+002 -3.749628e+002 8.613698e-011
1.900737e+001 1.030677e-006 2.965106e-006 -1.310430e+002 -3.769698e+002 8.465412e-011
1.900737e+001 1.019746e-006 2.933659e-006 -1.317435e+002 -3.789849e+002 8.319857e-011
1.900737e+001 1.008944e-006 2.902587e-006 -1.324467e+002 -3.810081e+002 8.177015e-011
1.900737e+001 9.982715e-007 2.871885e-006 -1.331528e+002 -3.830393e+002 8.036819e-011
1.900737e+001 9.877255e-007 2.841548e-006 -1.338617e+002 -3.850787e+002 7.899234e-011
1.900737e+001 9.773048e-007 2.811570e-006 -1.345734e+002 -3.871261e+002 7.764118e-011
1.900737e+001 9.670076e-007 2.781949e-006 -1.352879e+002 -3.891818e+002 7.631559e-011
1.900737e+001 9.568323e-007 2.752677e-006 -1.360053e+002 -3.912455e+002 7.501401e-011
1.900737e+001 9.467773e-007 2.723752e-006 -1.367255e+002 -3.933175e+002 7.373608e-011
1.900737e+001 9.368412e-007 2.695169e-006 -1.374486e+002 -3.953977e+002 7.248089e-011
1.900737e+001 9.270223e-007 2.666923e-006 -1.381745e+002 -3.974861e+002 7.124951e-011
1.900737e+001 9.173189e-007 2.639009e-006 -1.389033e+002 -3.995828e+002 7.004182e-011
1.900737e+001 9.077296e-007 2.611424e-006 -1.396350e+002 -4.016878e+002 6.885497e-011
1.900737e+001 8.982530e-007 2.584163e-006 -1.403696e+002 -4.038010e+002 6.768960e-011
1.900737e+001 8.888876e-007 2.557221e-006 -1.411070e+002 -4.059226e+002 6.654511e-011
1.900737e+001 8.796320e-007 2.530595e-006 -1.418474e+002 -4.080525e+002 6.542213e-011
1.900737e+001 8.704846e-007 2.504281e-006 -1.425906e+002 -4.101908e+002 6.431938e-011
1.900737e+001 8.614441e-007 2.478274e-006 -1.433368e+002 -4.123375e+002 6.323674e-011
1.900737e+001 8.525092e-007 2.452571e-006 -1.440859e+002 -4.144925e+002 6.217322e-011
1.900737e+001 8.436785e-007 2.427168e-006 -1.448380e+002 -4.166560e+002 6.112918e-011
1.900737e+001 8.349506e-007 2.402060e-006 -1.455929e+002 -4.188280e+002 6.010352e-011
1.900737e+001 8.263241e-007 2.377244e-006 -1.463508e+002 -4.210084e+002 5.909757e-011
1.900737e+001 8.177978e-007 2.352717e-006 -1.471117e+002 -4.231973e+002 5.810866e-011
1.900737e+001 8.093703e-007 2.328473e-006 -1.478755e+002 -4.253948e+002 5.713862e-011
1.900737e+001 8.010405e-007 2.304511e-006 -1.486423e+002 -4.276007e+002 5.618468e-011
1.900737e+001 7.928069e-007 2.280825e-006 -1.494121e+002 -4.298153e+002 5.524923e-011
1.900737e+001 7.846685e-007 2.257414e-006 -1.501848e+002 -4.320384e+002 5.432944e-011
1.900737e+001 7.766240e-007 2.234272e-006 -1.509606e+002 -4.342701e+002 5.342658e-011
1.900737e+001 7.686721e-007 2.211396e-006 -1.517393e+002 -4.365105e+002 5.254063e-011
1.900737e+001 7.608117e-007 2.188784e-006 -1.525211e+002 -4.387595e+002 5.166901e-011
1.900737e+001 7.530418e-007 2.166432e-006 -1.533058e+002 -4.410172e+002 5.081319e-011
1.900737e+001 7.453609e-007 2.144337e-006 -1.540936e+002 -4.432836e+002 4.997340e-011
1.900737e+001 7.377681e-007 2.122494e-006 -1.548844e+002 -4.455587e+002 4.914845e-011
1.900737e+001 7.302622e-007 2.100902e-006 -1.556783e+002 -4.478425e+002 4.833776e-011
1.900737e+001 7.228422e-007 2.079557e-006 -1.564751e+002 -4.501351e+002 4.754111e-011
1.900737e+001 7.155068e-007 2.058455e-006 -1.572751e+002 -4.524365e+002 4.676021e-011
1.900737e+001 7.082551e-007 2.037594e-006 -1.580781e+002 -4.547467e+002 4.599145e-011
1.900737e+001 7.010861e-007 2.016970e-006 -1.588842e+002 -4.570657e+002 4.523613e-011
1.900737e+001 6.939985e-007 1.996582e-006 -1.596933e+002 -4.593936e+002 4.449507e-011
1.900737e+001 6.869915e-007 1.976424e-006 -1.605056e+002 -4.617303e+002 4.376742e-011
1.900737e+001 6.800639e-007 1.956495e-006 -1.613209e+002 -4.640760e+002 4.305195e-011
1.900737e+001 6.732149e-007 1.936793e-006 -1.621393e+002 -4.664306e+002 4.234877e-011
1.900737e+001 6.664434e-007 1.917313e-006 -1.629609e+002 -4.687941e+002 4.165827e-011
1.900737e+001 6.597484e-007 1.898053e-006 -1.637855e+002 -4.711665e+002 4.097982e-011
1.900737e+001 6.531291e-007 1.879011e-006 -1.646133e+002 -4.735480e+002 4.031338e-011
1.900737e+001 6.465844e-007 1.860184e-006 -1.654442e+002 -4.759385e+002 3.965831e-011
1.900737e+001 6.401133e-007 1.841568e-006 -1.662783e+002 -4.783380e+002 3.901510e-011
1.900737e+001 6.337151e-007 1.823163e-006 -1.671154e+002 -4.807465e+002 3.838273e-011
1.900737e+001 6.273887e-007 1.804963e-006 -1.679558e+002 -4.831641e+002 3.776165e-011
1.900737e+001 6.211334e-007 1.786968e-006 -1.687993e+002 -4.855909e+002 3.715098e-011
1.900737e+001 6.149481e-007 1.769175e-006 -1.696460e+002 -4.880267e+002 3.655138e-011
1.900737e+001 6.088321e-007 1.751581e-006 -1.704958e+002 -4.904717e+002 3.596192e-011
1.900737e+001 6.027844e-007 1.734183e-006 -1.713489e+002 -4.929258e+002 3.538293e-011
1.900737e+001 5.968042e-007 1.716980e-006 -1.722051e+002 -4.953892e+002 3.481395e-011
1.900737e+001 5.908907e-007 1.699968e-006 -1.730645e+002 -4.978618e+002 3.425476e-011
1.900737e+001 5.850431e-007 1.683146e-006 -1.739272e+002 -5.003436e+002 3.370511e-011
1.900737e+001 5.792604e-007 1.666511e-006 -1.747931e+002 -5.028346e+002 3.316529e-011
1.900737e+001 5.735420e-007 1.650060e-006 -1.756621e+002 -5.053350e+002 3.263420e-011
1.900737e+001 5.678871e-007 1.633793e-006 -1.765345e+002 -5.078446e+002 3.211261e-011
1.900737e+001 5.622948e-007 1.617705e-006 -1.774100e+002 -5.103636e+002 3.159995e-011
1.900737e+001 5.567644e-007 1.601795e-006 -1.782889e+002 -5.128919e+002 3.109622e-011
1.900737e+001 5.512952e-007 1.586062e-006 -1.791709e+002 -5.154296e+002 3.060065e-011
1.900737e+001 5.458863e-007 1.570502e-006 -1.800563e+002 -5.179767e+002 3.011430e-011
1.900737e+001 5.405370e-007 1.555113e-006 -1.809449e+002 -5.205333e+002 2.963614e-011
1.900737e+001 5.352467e-007 1.539894e-006 -1.818368e+002 -5.230993e+002 2.916588e-011
1.900737e+001 5.300146e-007 1.524843e-006 -1.827320e+002 -5.256747e+002 2.870308e-011
1.900737e+001 5.248399e-007 1.509957e-006 -1.836305e+002 -5.282597e+002 2.824921e-011
1.900737e+001 5.197221e-007 1.495234e-006 -1.845323e+002 -5.308541e+002 2.780226e-011
1.900737e+001 5.146602e-007 1.480672e-006 -1.854374e+002 -5.334581e+002 2.736357e-011
1.900737e+001 5.096539e-007 1.466270e-006 -1.863458e+002 -5.360716e+002 2.693197e-011
1.900737e+001 5.047022e-007 1.452025e-006 -1.872576e+002 -5.386948e+002 2.650768e-011
1.900737e+001 4.998046e-007 1.437936e-006 -1.881727e+002 -5.413275e+002 2.609084e-011
1.900737e+001 4.949604e-007 1.424001e-006 -1.890911e+002 -5.439699e+002 2.568094e-011
1.900737e+001 4.901690e-007 1.410217e-006 -1.900129e+002 -5.466219e+002 2.527759e-011
1.900737e+001 4.854298e-007 1.396583e-006 -1.909381e+002 -5.492836e+002 2.488131e-011
1.900737e+001 4.807420e-007 1.383098e-006 -1.918666e+002 -5.519550e+002 2.449204e-011
1.900737e+001 4.761051e-007 1.369758e-006 -1.927985e+002 -5.546361e+002 2.410881e-011
1.900737e+001 4.715185e-007 1.356564e-006 -1.937338e+002 -5.573270e+002 2.373243e-011
1.900737e+001 4.669815e-007 1.343512e-006 -1.946725e+002 -5.600276e+002 2.336194e-011
1.900737e+001 4.624937e-007 1.330601e-006 -1.956146e+002 -5.627380e+002 2.299801e-011
1.900737e+001 4.580542e-007 1.317830e-006 -1.965601e+002 -5.654583e+002 2.264041e-011
1.900737e+001 4.536627e-007 1.305197e-006 -1.975091e+002 -5.681884e+002 2.228828e-011
1.900737e+001 4.493184e-007 1.292699e-006 -1.984614e+002 -5.709284e+002 2.194257e-011
1.900737e+001 4.450209e-007 1.280336e-006 -1.994172e+002 -5.736783e+002 2.160202e-011
1.900737e+001 4.407697e-007 1.268106e-006 -2.003765e+002 -5.764381e+002 2.126761e-011
1.900737e+001 4.365640e-007 1.256008e-006 -2.013392e+002 -5.792078e+002 2.093844e-011
1.900737e+001 4.324035e-007 1.244039e-006 -2.023054e+002 -5.819875e+002 2.061511e-011
1.900737e+001 4.282875e-007 1.232198e-006 -2.032750e+002 -5.847771e+002 2.029689e-011
1.900737e+001 4.242156e-007 1.220484e-006 -2.042481e+002 -5.875768e+002 1.998405e-011
1.900737e+001 4.201871e-007 1.208895e-006 -2.052247e+002 -5.903865e+002 1.967639e-011
1.900737e+001 4.162017e-007 1.197430e-006 -2.062048e+002 -5.932063e+002 1.937383e-011
1.900737e+001 4.122587e-007 1.186087e-006 -2.071884e+002 -5.960362e+002 1.907629e-011
1.900737e+001 4.083577e-007 1.174864e-006 -2.081755e+002 -5.988761e+002 1.878336e-011
1.900737e+001 4.044983e-007 1.163762e-006 -2.091661e+002 -6.017262e+002 1.849561e-011
1.900737e+001 4.006798e-007 1.152777e-006 -2.101603e+002 -6.045864e+002 1.821274e-011
1.900737e+001 3.969018e-007 1.141908e-006 -2.111580e+002 -6.074569e+002 1.793435e-011
1.900737e+001 3.931638e-007 1.131155e-006 -2.121592e+002 -6.103375e+002 1.766040e-011
1.900737e+001 3.894655e-007 1.120515e-006 -2.131640e+002 -6.132283e+002 1.739089e-011
1.900737e+001 3.858062e-007 1.109989e-006 -2.141724e+002 -6.161293e+002 1.712587e-011
1.900737e+001 3.821856e-007 1.099573e-006 -2.151843e+002 -6.190407e+002 1.686564e-011
1.900737e+001 3.786031e-007 1.089267e-006 -2.161998e+002 -6.219624e+002 1.660917e-011
1.900737e+001 3.750585e-007 1.079069e-006 -2.172189e+002 -6.248944e+002 1.635700e-011
1.900737e+001 3.715510e-007 1.068979e-006 -2.182416e+002 -6.278367e+002 1.610923e-011
1.900737e+001 3.680804e-007 1.058995e-006 -2.192678e+002 -6.307894e+002 1.586520e-011
1.900737e+001 3.646463e-007 1.049116e-006 -2.202978e+002 -6.337526e+002 1.562525e-011
1.900737e+001 3.612482e-007 1.039340e-006 -2.213313e+002 -6.367261e+002 1.538917e-011
1.900737e+001 3.578857e-007 1.029667e-006 -2.223684e+002 -6.397100e+002 1.515648e-011
1.900737e+001 3.545584e-007 1.020095e-006 -2.234092e+002 -6.427044e+002 1.492825e-011
1.900737e+001 3.512659e-007 1.010623e-006 -2.244536e+002 -6.457093e+002 1.470346e-011
1.900737e+001 3.480076e-007 1.001250e-006 -2.255017e+002 -6.487248e+002 1.448261e-011
1.900737e+001 3.447834e-007 9.919739e-007 -2.265535e+002 -6.517508e+002 1.426515e-011
1.900737e+001 3.415927e-007 9.827951e-007 -2.276089e+002 -6.547873e+002 1.405061e-011
1.900737e+001 3.384353e-007 9.737116e-007 -2.286680e+002 -6.578345e+002 1.384037e-011
1.900737e+001 3.353106e-007 9.647225e-007 -2.297308e+002 -6.608922e+002 1.363315e-011
1.900737e+001 3.322183e-007 9.558265e-007 -2.307973e+002 -6.639607e+002 1.342941e-011
1.900737e+001 3.291581e-007 9.470230e-007 -2.318675e+002 -6.670397e+002 1.322859e-011
1.900737e+001 3.261296e-007 9.383106e-007 -2.329414e+002 -6.701294e+002 1.303118e-011
1.900737e+001 3.231324e-007 9.296882e-007 -2.340190e+002 -6.732299e+002 1.283716e-011
1.900737e+001 3.201662e-007 9.211549e-007 -2.351004e+002 -6.763411e+002 1.264607e-011
1.900737e+001 3.172305e-007 9.127095e-007 -2.361855e+002 -6.794631e+002 1.245815e-011
1.900737e+001 3.143251e-007 9.043512e-007 -2.372743e+002 -6.825958e+002 1.227312e-011
1.900737e+001 3.114496e-007 8.960790e-007 -2.383669e+002 -6.857394e+002 1.209108e-011
1.900737e+001 3.086037e-007 8.878918e-007 -2.394633e+002 -6.888938e+002 1.191190e-011
1.900737e+001 3.057870e-007 8.797886e-007 -2.405635e+002 -6.920591e+002 1.173564e-011
1.900737e+001 3.029992e-007 8.717686e-007 -2.416674e+002 -6.952352e+002 1.156223e-011
1.900737e+001 3.002400e-007 8.638307e-007 -2.427751e+002 -6.984223e+002 1.139152e-011
1.900737e+001 2.975090e-007 8.559740e-007 -2.438867e+002 -7.016204e+002 1.122355e-011
1.900737e+001 2.948059e-007 8.481977e-007 -2.450020e+002 -7.048294e+002 1.105814e-011
1.900737e+001 2.921304e-007 8.405008e-007 -2.461212e+002 -7.080493e+002 1.089546e-011
1.900737e+001 2.894822e-007 8.328824e-007 -2.472441e+002 -7.112803e+002 1.073528e-011
1.900737e+001 2.868610e-007 8.253417e-007 -2.483709e+002 -7.145223e+002 1.057754e-011
1.900737e+001 2.842665e-007 8.178777e-007 -2.495016e+002 -7.177754e+002 1.042254e-011
1.900737e+001 2.816984e-007 8.104896e-007 -2.506361e+002 -7.210395e+002 1.026975e-011
1.900737e+001 2.791563e-007 8.031764e-007 -2.517745e+002 -7.243148e+002 1.011963e-011
1.900737e+001 2.766400e-007 7.959376e-007 -2.529167e+002 -7.276012e+002 9.971505e-012
1.900737e+001 2.741492e-007 7.887719e-007 -2.540628e+002 -7.308988e+002 9.826206e-012
1.900737e+001 2.716836e-007 7.816787e-007 -2.552129e+002 -7.342076e+002 9.682893e-012
1.900737e+001 2.692429e-007 7.746572e-007 -2.563668e+002 -7.375276e+002 9.541788e-012
1.900737e+001 2.668269e-007 7.677068e-007 -2.575246e+002 -7.408587e+002 9.402786e-012
1.900737e+001 2.644353e-007 7.608264e-007 -2.586863e+002 -7.442012e+002 9.266245e-012
1.900737e+001 2.620677e-007 7.540154e-007 -2.598519e+002 -7.475549e+002 9.131640e-012
1.900737e+001 2.597240e-007 7.472727e-007 -2.610215e+002 -7.509200e+002 8.999366e-012
1.900737e+001 2.574038e-007 7.405979e-007 -2.621950e+002 -7.542964e+002 8.868985e-012
1.900737e+001 2.551069e-007 7.339901e-007 -2.633725e+002 -7.576843e+002 8.740712e-012
1.900737e+001 2.528331e-007 7.274486e-007 -2.645539e+002 -7.610834e+002 8.614256e-012
1.900737e+001 2.505820e-007 7.209726e-007 -2.657393e+002 -7.644940e+002 8.489875e-012
1.900737e+001 2.483535e-007 7.145614e-007 -2.669287e+002 -7.679160e+002 8.367620e-012
1.900737e+001 2.461472e-007 7.082143e-007 -2.681220e+002 -7.713495e+002 8.246955e-012
1.900737e+001 2.439630e-007 7.019306e-007 -2.693193e+002 -7.747945e+002 8.128305e-012
1.900737e+001 2.418005e-007 6.957094e-007 -2.705207e+002 -7.782511e+002 8.011630e-012
1.900737e+001 2.396596e-007 6.895504e-007 -2.717261e+002 -7.817191e+002 7.896375e-012
1.900737e+001 2.375400e-007 6.834524e-007 -2.729355e+002 -7.851988e+002 7.783409e-012
1.900737e+001 2.354414e-007 6.774152e-007 -2.741489e+002 -7.886900e+002 7.671753e-012
1.900737e+001 2.333638e-007 6.714381e-007 -2.753663e+002 -7.921928e+002 7.561817e-012
1.900737e+001 2.313067e-007 6.655201e-007 -2.765878e+002 -7.957073e+002 7.453972e-012
1.900737e+001 2.292700e-007 6.596607e-007 -2.778133e+002 -7.992335e+002 7.347410e-012
1.900737e+001 2.272534e-007 6.538593e-007 -2.790430e+002 -8.027714e+002 7.242804e-012
1.900737e+001 2.252568e-007 6.481153e-007 -2.802766e+002 -8.063210e+002 7.139449e-012
1.900737e+001 2.232799e-007 6.424280e-007 -2.815144e+002 -8.098823e+002 7.037857e-012
1.900737e+001 2.213225e-007 6.367968e-007 -2.827563e+002 -8.134554e+002 6.937869e-012
1.900737e+001 2.193844e-007 6.312211e-007 -2.840022e+002 -8.170403e+002 6.839354e-012
1.900737e+001 2.174653e-007 6.257003e-007 -2.852523e+002 -8.206371e+002 6.742302e-012
1.900737e+001 2.155652e-007 6.202338e-007 -2.865064e+002 -8.242456e+002 6.646633e-012
1.900737e+001 2.136837e-007 6.148209e-007 -2.877648e+002 -8.278661e+002 6.552777e-012
1.900737e+001 2.118206e-007 6.094610e-007 -2.890272e+002 -8.314986e+002 6.460220e-012
1.900737e+001 2.099758e-007 6.041538e-007 -2.902938e+002 -8.351429e+002 6.368814e-012
1.900737e+001 2.081491e-007 5.988985e-007 -2.915646e+002 -8.387991e+002 6.278932e-012
1.900737e+001 2.063403e-007 5.936947e-007 -2.928395e+002 -8.424673e+002 6.190418e-012
1.900737e+001 2.045490e-007 5.885415e-007 -2.941186e+002 -8.461476e+002 6.103484e-012
1.900737e+001 2.027753e-007 5.834386e-007 -2.954019e+002 -8.498400e+002 6.017662e-012
1.900737e+001 2.010189e-007 5.783856e-007 -2.966893e+002 -8.535443e+002 5.932959e-012
1.900737e+001 1.992795e-007 5.733817e-007 -2.979810e+002 -8.572608e+002 5.849809e-012
1.900737e+001 1.975571e-007 5.684264e-007 -2.992768e+002 -8.609893e+002 5.767802e-012
1.900737e+001 1.958514e-007 5.635194e-007 -3.005769e+002 -8.647300e+002 5.687009e-012
1.900737e+001 1.941623e-007 5.586598e-007 -3.018812e+002 -8.684830e+002 5.607604e-012
1.900737e+001 1.924895e-007 5.538475e-007 -3.031898e+002 -8.722480e+002 5.529116e-012
1.900737e+001 1.908330e-007 5.490818e-007 -3.045026e+002 -8.760252e+002 5.451933e-012
1.900737e+001 1.891924e-007 5.443619e-007 -3.058197e+002 -8.798149e+002 5.376227e-012
1.900737e+001 1.875677e-007 5.396879e-007 -3.071410e+002 -8.836167e+002 5.301131e-012
1.900737e+001 1.859587e-007 5.350589e-007 -3.084665e+002 -8.874308e+002 5.227375e-012
1.900737e+001 1.843652e-007 5.304746e-007 -3.097964e+002 -8.912572e+002 5.154757e-012
1.900737e+001 1.827871e-007 5.259345e-007 -3.111305e+002 -8.950960e+002 5.083141e-012
1.900737e+001 1.812241e-007 5.214380e-007 -3.124690e+002 -8.989471e+002 5.012674e-012
1.900737e+001 1.796762e-007 5.169849e-007 -3.138117e+002 -9.028105e+002 4.943168e-012
1.900737e+001 1.781431e-007 5.125743e-007 -3.151588e+002 -9.066866e+002 4.874984e-012
1.900737e+001 1.766247e-007 5.082059e-007 -3.165103e+002 -9.105752e+002 4.807664e-012
1.900737e+001 1.751209e-007 5.038796e-007 -3.178660e+002 -9.144761e+002 4.741085e-012
1.900737e+001 1.736314e-007 4.995944e-007 -3.192262e+002 -9.183896e+002 4.675913e-012
1.900737e+001 1.721562e-007 4.953504e-007 -3.205906e+002 -9.223157e+002 4.611363e-012
1.900737e+001 1.706951e-007 4.911468e-007 -3.219595e+002 -9.262543e+002 4.547955e-012
1.900737e+001 1.692479e-007 4.869833e-007 -3.233327e+002 -9.302055e+002 4.485430e-012
1.900737e+001 1.678145e-007 4.828595e-007 -3.247103e+002 -9.341693e+002 4.423797e-012
1.900737e+001 1.663948e-007 4.787751e-007 -3.260923e+002 -9.381457e+002 4.363040e-012
1.900737e+001 1.649885e-007 4.747294e-007 -3.274787e+002 -9.421348e+002 4.303296e-012
1.900737e+001 1.635956e-007 4.707221e-007 -3.288695e+002 -9.461367e+002 4.244375e-012
1.900737e+001 1.622160e-007 4.667529e-007 -3.302647e+002 -9.501512e+002 4.186385e-012
1.900737e+001 1.608494e-007 4.628213e-007 -3.316643e+002 -9.541785e+002 4.129081e-012
1.900737e+001 1.594957e-007 4.589270e-007 -3.330684e+002 -9.582185e+002 4.072748e-012
1.900737e+001 1.581549e-007 4.550695e-007 -3.344769e+002 -9.622714e+002 4.017244e-012
1.900737e+001 1.568267e-007 4.512483e-007 -3.358900e+002 -9.663372e+002 3.962628e-012
1.900737e+001 1.555111e-007 4.474633e-007 -3.373074e+002 -9.704157e+002 3.908660e-012
1.900737e+001 1.542078e-007 4.437139e-007 -3.387294e+002 -9.745072e+002 3.855546e-012
1.900737e+001 1.529169e-007 4.399999e-007 -3.401558e+002 -9.786116e+002 3.803197e-012
1.900737e+001 1.516380e-007 4.363208e-007 -3.415868e+002 -9.827290e+002 3.751654e-012
1.900737e+001 1.503712e-007 4.326763e-007 -3.430222e+002 -9.868593e+002 3.700827e-012
1.900737e+001 1.491163e-007 4.290659e-007 -3.444622e+002 -9.910027e+002 3.650800e-012
1.900737e+001 1.478732e-007 4.254895e-007 -3.459066e+002 -9.951590e+002 3.601318e-012
1.900737e+001 1.466417e-007 4.219466e-007 -3.473557e+002 -9.993284e+002 3.552768e-012
1.900737e+001 1.454218e-007 4.184368e-007 -3.488092e+002 -1.003511e+003 3.504773e-012
1.900737e+001 1.442132e-007 4.149599e-007 -3.502673e+002 -1.007706e+003 3.457600e-012
1.900737e+001 1.430159e-007 4.115154e-007 -3.517300e+002 -1.011915e+003 3.411068e-012
1.900737e+001 1.418299e-007 4.081031e-007 -3.531973e+002 -1.016137e+003 3.365069e-012
1.900737e+001 1.406549e-007 4.047226e-007 -3.546691e+002 -1.020372e+003 3.319895e-012
1.900737e+001 1.394908e-007 4.013735e-007 -3.561455e+002 -1.024620e+003 3.275424e-012
1.900737e+001 1.383375e-007 3.980556e-007 -3.576265e+002 -1.028882e+003 3.231481e-012
1.900737e+001 1.371950e-007 3.947686e-007 -3.591122e+002 -1.033157e+003 3.188181e-012
1.900737e+001 1.360630e-007 3.915120e-007 -3.606024e+002 -1.037445e+003 3.145536e-012
1.900737e+001 1.349416e-007 3.882857e-007 -3.620973e+002 -1.041746e+003 3.103471e-012
1.900737e+001 1.338306e-007 3.850892e-007 -3.635968e+002 -1.046061e+003 3.062021e-012
1.900737e+001 1.327298e-007 3.819223e-007 -3.651010e+002 -1.050389e+003 3.021221e-012
1.900737e+001 1.316392e-007 3.787848e-007 -3.666098e+002 -1.054731e+003 2.980917e-012
1.900737e+001 1.305587e-007 3.756761e-007 -3.681233e+002 -1.059086e+003 2.941280e-012
1.900737e+001 1.294881e-007 3.725962e-007 -3.696414e+002 -1.063454e+003 2.902164e-012
1.900737e+001 1.284274e-007 3.695445e-007 -3.711643e+002 -1.067836e+003 2.863643e-012
1.900737e+001 1.273765e-007 3.665211e-007 -3.726919e+002 -1.072231e+003 2.825611e-012
1.900737e+001 1.263353e-007 3.635254e-007 -3.742241e+002 -1.076641e+003 2.788177e-012
1.900737e+001 1.253036e-007 3.605572e-007 -3.757611e+002 -1.081063e+003 2.751235e-012
1.900737e+001 1.242814e-007 3.576163e-007 -3.773028e+002 -1.085499e+003 2.714806e-012
1.900737e+001 1.232685e-007 3.547024e-007 -3.788492e+002 -1.089949e+003 2.678924e-012
1.900737e+001 1.222649e-007 3.518151e-007 -3.804004e+002 -1.094413e+003 2.643641e-012
1.900737e+001 1.212706e-007 3.489543e-007 -3.819564e+002 -1.098890e+003 2.608713e-012
1.900737e+001 1.202853e-007 3.461196e-007 -3.835171e+002 -1.103381e+003 2.574339e-012
1.900737e+001 1.193090e-007 3.433108e-007 -3.850825e+002 -1.107885e+003 2.540450e-012
1.900737e+001 1.183416e-007 3.405276e-007 -3.866528e+002 -1.112404e+003 2.507041e-012
1.900737e+001 1.173830e-007 3.377698e-007 -3.882278e+002 -1.116936e+003 2.474116e-012
1.900737e+001 1.164332e-007 3.350372e-007 -3.898076e+002 -1.121482e+003 2.441619e-012
1.900737e+001 1.154920e-007 3.323293e-007 -3.913923e+002 -1.126042e+003 2.409630e-012
1.900737e+001 1.145594e-007 3.296461e-007 -3.929818e+002 -1.130616e+003 2.378104e-012
1.900737e+001 1.136352e-007 3.269872e-007 -3.945761e+002 -1.135203e+003 2.346936e-012
1.900737e+001 1.127194e-007 3.243524e-007 -3.961753e+002 -1.139805e+003 2.316328e-012
1.900737e+001 1.118119e-007 3.217414e-007 -3.977793e+002 -1.144420e+003 2.286083e-012
1.900737e+001 1.109126e-007 3.191542e-007 -3.993881e+002 -1.149050e+003 2.256223e-012
1.900737e+001 1.100214e-007 3.165903e-007 -4.010019e+002 -1.153693e+003 2.226822e-012
1.900737e+001 1.091383e-007 3.140495e-007 -4.026205e+002 -1.158351e+003 2.197846e-012
1.900737e+001 1.082632e-007 3.115317e-007 -4.042440e+002 -1.163023e+003 2.169224e-012
1.900737e+001 1.073959e-007 3.090366e-007 -4.058724e+002 -1.167709e+003 2.141135e-012
1.900737e+001 1.065365e-007 3.065639e-007 -4.075057e+002 -1.172409e+003 2.113257e-012
1.900737e+001 1.056847e-007 3.041134e-007 -4.091440e+002 -1.177123e+003 2.085982e-012
1.900737e+001 1.048406e-007 3.016850e-007 -4.107872e+002 -1.181851e+003 2.058875e-012
1.900737e+001 1.040042e-007 2.992784e-007 -4.124353e+002 -1.186594e+003 2.032234e-012
1.900737e+001 1.031752e-007 2.968933e-007 -4.140883e+002 -1.191350e+003 2.005996e-012
1.900737e+001 1.023536e-007 2.945296e-007 -4.157464e+002 -1.196122e+003 1.980124e-012
1.900737e+001 1.015394e-007 2.921871e-007 -4.174094e+002 -1.200907e+003 1.954506e-012
1.900737e+001 1.007324e-007 2.898655e-007 -4.190774e+002 -1.205707e+003 1.929360e-012
1.900737e+001 9.993275e-008 2.875648e-007 -4.207503e+002 -1.210521e+003 1.904412e-012
1.900737e+001 9.914017e-008 2.852845e-007 -4.224282e+002 -1.215349e+003 1.879993e-012
1.900737e+001 9.835465e-008 2.830245e-007 -4.241112e+002 -1.220192e+003 1.855836e-012
1.900737e+001 9.757610e-008 2.807846e-007 -4.257992e+002 -1.225049e+003 1.832091e-012
1.900737e+001 9.680451e-008 2.785647e-007 -4.274922e+002 -1.229921e+003 1.808507e-012
1.900737e+001 9.603980e-008 2.763645e-007 -4.291902e+002 -1.234807e+003 1.785305e-012
1.900737e+001 9.528184e-008 2.741838e-007 -4.308934e+002 -1.239708e+003 1.762531e-012
1.900737e+001 9.453063e-008 2.720226e-007 -4.326015e+002 -1.244624e+003 1.739929e-012
1.900737e+001 9.378606e-008 2.698804e-007 -4.343147e+002 -1.249554e+003 1.717756e-012
1.900737e+001 9.304809e-008 2.677572e-007 -4.360330e+002 -1.254498e+003 1.695812e-012
1.900737e+001 9.231665e-008 2.656528e-007 -4.377564e+002 -1.259458e+003 1.674187e-012
1.900737e+001 9.159168e-008 2.635670e-007 -4.394849e+002 -1.264432e+003 1.652862e-012
1.900737e+001 9.087309e-008 2.614996e-007 -4.412185e+002 -1.269420e+003 1.631855e-012
1.900737e+001 9.016084e-008 2.594504e-007 -4.429572e+002 -1.274424e+003 1.611104e-012
1.900737e+001 8.945488e-008 2.574193e-007 -4.447011e+002 -1.279442e+003 1.590628e-012
1.900737e+001 8.875514e-008 2.554060e-007 -4.464500e+002 -1.284475e+003 1.570431e-012
1.900737e+001 8.806155e-008 2.534105e-007 -4.482041e+002 -1.289522e+003 1.550516e-012
1.900737e+001 8.737402e-008 2.514324e-007 -4.499635e+002 -1.294585e+003 1.530987e-012
1.900737e+001 8.669256e-008 2.494718e-007 -4.517279e+002 -1.299662e+003 1.511504e-012
1.900737e+001 8.601703e-008 2.475282e-007 -4.534976e+002 -1.304755e+003 1.492532e-012
1.900737e+001 8.534742e-008 2.456017e-007 -4.552725e+002 -1.309863e+003 1.473671e-012
1.900737e+001 8.468370e-008 2.436921e-007 -4.570525e+002 -1.314985e+003 1.455004e-012
1.900737e+001 8.402580e-008 2.417993e-007 -4.588377e+002 -1.320122e+003 1.436651e-012
1.900737e+001 8.337361e-008 2.399229e-007 -4.606282e+002 -1.325275e+003 1.418626e-012
1.900737e+001 8.272711e-008 2.380628e-007 -4.624239e+002 -1.330442e+003 1.400800e-012
1.900737e+001 8.208626e-008 2.362190e-007 -4.642248e+002 -1.335625e+003 1.383170e-012
1.900737e+001 8.145098e-008 2.343913e-007 -4.660310e+002 -1.340822e+003 1.365823e-012
1.900737e+001 8.082122e-008 2.325794e-007 -4.678425e+002 -1.346035e+003 1.348714e-012
1.900737e+001 8.019693e-008 2.307832e-007 -4.696592e+002 -1.351263e+003 1.331817e-012
1.900737e+001 7.957808e-008 2.290027e-007 -4.714812e+002 -1.356506e+003 1.315110e-012
1.900737e+001 7.896461e-008 2.272377e-007 -4.733084e+002 -1.361765e+003 1.298644e-012
1.900737e+001 7.835645e-008 2.254879e-007 -4.751410e+002 -1.367038e+003 1.282443e-012
1.900737e+001 7.775355e-008 2.237533e-007 -4.769789e+002 -1.372327e+003 1.266439e-012
1.900737e+001 7.715585e-008 2.220337e-007 -4.788221e+002 -1.377631e+003 1.250690e-012
1.900737e+001 7.656331e-008 2.203288e-007 -4.806707e+002 -1.382951e+003 1.235127e-012
1.900737e+001 7.597588e-008 2.186387e-007 -4.825246e+002 -1.388286e+003 1.219752e-012
1.900737e+001 7.539352e-008 2.169632e-007 -4.843839e+002 -1.393637e+003 1.204589e-012
1.900737e+001 7.481619e-008 2.153022e-007 -4.862485e+002 -1.399003e+003 1.189587e-012
1.900737e+001 7.424383e-008 2.136554e-007 -4.881185e+002 -1.404384e+003 1.174844e-012
1.900737e+001 7.367638e-008 2.120228e-007 -4.899939e+002 -1.409781e+003 1.160317e-012
1.900737e+001 7.311379e-008 2.104041e-007 -4.918748e+002 -1.415194e+003 1.145948e-012
1.900737e+001 7.255606e-008 2.087995e-007 -4.937609e+002 -1.420622e+003 1.131727e-012
1.900737e+001 7.200312e-008 2.072086e-007 -4.956525e+002 -1.426065e+003 1.117729e-012
1.900737e+001 7.145489e-008 2.056312e-007 -4.975495e+002 -1.431524e+003 1.103964e-012
1.900737e+001 7.091136e-008 2.040674e-007 -4.994519e+002 -1.436999e+003 1.090323e-012
1.900737e+001 7.037251e-008 2.025170e-007 -5.013598e+002 -1.442489e+003 1.076850e-012
1.900737e+001 6.983824e-008 2.009799e-007 -5.032731e+002 -1.447995e+003 1.063613e-012
1.900737e+001 6.930852e-008 1.994558e-007 -5.051919e+002 -1.453517e+003 1.050544e-012
1.900737e+001 6.878332e-008 1.979447e-007 -5.071162e+002 -1.459055e+003 1.037632e-012
1.900737e+001 6.826258e-008 1.964465e-007 -5.090460e+002 -1.464609e+003 1.024921e-012
1.900737e+001 6.774626e-008 1.949609e-007 -5.109813e+002 -1.470178e+003 1.012366e-012
1.900737e+001 6.723436e-008 1.934881e-007 -5.129221e+002 -1.475763e+003 9.999065e-013
1.900737e+001 6.672679e-008 1.920277e-007 -5.148684e+002 -1.481365e+003 9.876982e-013
1.900737e+001 6.622354e-008 1.905798e-007 -5.168203e+002 -1.486982e+003 9.755875e-013
1.900737e+001 6.572455e-008 1.891441e-007 -5.187776e+002 -1.492615e+003 9.636801e-013
1.900737e+001 6.522978e-008 1.877206e-007 -5.207406e+002 -1.498264e+003 9.519361e-013
1.900737e+001 6.473921e-008 1.863091e-007 -5.227091e+002 -1.503929e+003 9.402845e-013
1.900737e+001 6.425278e-008 1.849096e-007 -5.246831e+002 -1.509610e+003 9.288413e-013
1.900737e+001 6.377046e-008 1.835218e-007 -5.266628e+002 -1.515307e+003 9.175420e-013
1.900737e+001 6.329220e-008 1.821458e-007 -5.286480e+002 -1.521020e+003 9.063783e-013
1.900737e+001 6.281797e-008 1.807814e-007 -5.306389e+002 -1.526750e+003 8.953806e-013
1.900737e+001 6.234776e-008 1.794284e-007 -5.326353e+002 -1.532495e+003 8.844764e-013
1.900737e+001 6.188149e-008 1.780869e-007 -5.346374e+002 -1.538257e+003 8.737647e-013
1.900737e+001 6.141914e-008 1.767566e-007 -5.366450e+002 -1.544034e+003 8.631598e-013
1.900737e+001 6.096066e-008 1.754375e-007 -5.386585e+002 -1.549829e+003 8.527589e-013
1.900737e+001 6.050603e-008 1.741294e-007 -5.406775e+002 -1.555639e+003 8.424279e-013
1.900737e+001 6.005521e-008 1.728323e-007 -5.427022e+002 -1.561466e+003 8.322438e-013
1.900737e+001 5.960817e-008 1.715461e-007 -5.447326e+002 -1.567309e+003 8.221944e-013
1.900737e+001 5.916488e-008 1.702707e-007 -5.467686e+002 -1.573169e+003 8.122692e-013
1.900737e+001 5.872530e-008 1.690059e-007 -5.488103e+002 -1.579045e+003 8.024649e-013
1.900737e+001 5.828939e-008 1.677517e-007 -5.508577e+002 -1.584937e+003 7.928038e-013
1.900737e+001 5.785713e-008 1.665080e-007 -5.529108e+002 -1.590846e+003 7.832571e-013
1.900737e+001 5.742844e-008 1.652746e-007 -5.549697e+002 -1.596771e+003 7.738794e-013
1.900737e+001 5.700335e-008 1.640515e-007 -5.570343e+002 -1.602713e+003 7.645676e-013
1.900737e+001 5.658180e-008 1.628386e-007 -5.591045e+002 -1.608671e+003 7.553709e-013
1.900737e+001 5.616373e-008 1.616357e-007 -5.611807e+002 -1.614646e+003 7.463668e-013
1.900737e+001 5.574915e-008 1.604429e-007 -5.632625e+002 -1.620637e+003 7.373927e-013
1.900737e+001 5.533800e-008 1.592599e-007 -5.653502e+002 -1.626645e+003 7.286008e-013
1.900737e+001 5.493024e-008 1.580867e-007 -5.674437e+002 -1.632670e+003 7.199183e-013
1.900737e+001 5.452590e-008 1.569233e-007 -5.695429e+002 -1.638712e+003 7.112599e-013
1.900737e+001 5.412488e-008 1.557694e-007 -5.716479e+002 -1.644770e+003 7.028063e-013
1.900737e+001 5.372717e-008 1.546251e-007 -5.737589e+002 -1.650845e+003 6.944517e-013
1.900737e+001 5.333274e-008 1.534902e-007 -5.758757e+002 -1.656937e+003 6.861917e-013
1.900737e+001 5.294157e-008 1.523648e-007 -5.779983e+002 -1.663046e+003 6.780080e-013
1.900737e+001 5.255363e-008 1.512486e-007 -5.801267e+002 -1.669172e+003 6.699477e-013
1.900737e+001 5.216890e-008 1.501416e-007 -5.822610e+002 -1.675314e+003 6.619694e-013
1.900737e+001 5.178732e-008 1.490437e-007 -5.844012e+002 -1.681474e+003 6.541413e-013
1.900737e+001 5.140888e-008 1.479548e-007 -5.865472e+002 -1.687650e+003 6.463756e-013
1.900737e+001 5.103354e-008 1.468749e-007 -5.886992e+002 -1.693843e+003 6.387499e-013
1.900737e+001 5.066129e-008 1.458038e-007 -5.908571e+002 -1.700054e+003 6.311715e-013
1.900737e+001 5.029209e-008 1.447415e-007 -5.930209e+002 -1.706281e+003 6.237208e-013
1.900737e+001 4.992590e-008 1.436879e-007 -5.951907e+002 -1.712526e+003 6.163676e-013
1.900737e+001 4.956272e-008 1.426429e-007 -5.973664e+002 -1.718788e+003 6.090787e-013
1.900737e+001 4.920251e-008 1.416065e-007 -5.995481e+002 -1.725067e+003 6.019137e-013
1.900737e+001 4.884526e-008 1.405786e-007 -6.017356e+002 -1.731362e+003 5.947760e-013
1.900737e+001 4.849091e-008 1.395590e-007 -6.039291e+002 -1.737675e+003 5.878050e-013
1.900737e+001 4.813946e-008 1.385478e-007 -6.061286e+002 -1.744006e+003 5.808845e-013
1.900737e+001 4.779088e-008 1.375448e-007 -6.083341e+002 -1.750353e+003 5.740551e-013
1.900737e+001 4.744511e-008 1.365500e-007 -6.105457e+002 -1.756718e+003 5.673650e-013
1.900737e+001 4.710217e-008 1.355632e-007 -6.127633e+002 -1.763100e+003 5.606772e-013
1.900737e+001 4.676201e-008 1.345845e-007 -6.149869e+002 -1.769500e+003 5.541252e-013
1.900737e+001 4.642461e-008 1.336137e-007 -6.172165e+002 -1.775917e+003 5.476263e-013
1.900737e+001 4.608994e-008 1.326507e-007 -6.194522e+002 -1.782352e+003 5.412483e-013
1.900737e+001 4.575799e-008 1.316956e-007 -6.216940e+002 -1.788804e+003 5.349214e-013
1.900737e+001 4.542872e-008 1.307482e-007 -6.239418e+002 -1.795273e+003 5.286690e-013
1.900737e+001 4.510212e-008 1.298085e-007 -6.261958e+002 -1.801760e+003 5.225167e-013
1.900737e+001 4.477816e-008 1.288763e-007 -6.284558e+002 -1.808265e+003 5.164074e-013
1.900737e+001 4.445681e-008 1.279517e-007 -6.307219e+002 -1.814787e+003 5.104134e-013
1.900737e+001 4.413809e-008 1.270347e-007 -6.329939e+002 -1.821326e+003 5.044246e-013
1.900737e+001 4.382191e-008 1.261249e-007 -6.352723e+002 -1.827884e+003 4.986115e-013
1.900737e+001 4.350827e-008 1.252225e-007 -6.375568e+002 -1.834459e+003 4.928205e-013
1.900737e+001 4.319715e-008 1.243273e-007 -6.398474e+002 -1.841052e+003 4.871164e-013
1.900737e+001 4.288853e-008 1.234393e-007 -6.421443e+002 -1.847662e+003 4.814645e-013
1.900737e+001 4.258240e-008 1.225584e-007 -6.444472e+002 -1.854290e+003 4.758832e-013
1.900737e+001 4.227871e-008 1.216846e-007 -6.467564e+002 -1.860937e+003 4.703973e-013
1.900737e+001 4.197746e-008 1.208178e-007 -6.490718e+002 -1.867601e+003 4.649615e-013
1.900737e+001 4.167863e-008 1.199580e-007 -6.513933e+002 -1.874282e+003 4.595658e-013
1.900737e+001 4.138219e-008 1.191050e-007 -6.537211e+002 -1.880982e+003 4.542802e-013
1.900737e+001 4.108812e-008 1.182589e-007 -6.560552e+002 -1.887700e+003 4.490498e-013
1.900737e+001 4.079639e-008 1.174194e-007 -6.583955e+002 -1.894436e+003 4.438834e-013
1.900737e+001 4.050700e-008 1.165868e-007 -6.607419e+002 -1.901189e+003 4.387579e-013
1.900737e+001 4.021992e-008 1.157607e-007 -6.630946e+002 -1.907961e+003 4.337080e-013
1.900737e+001 3.993511e-008 1.149413e-007 -6.654537e+002 -1.914751e+003 4.287468e-013
1.900737e+001 3.965258e-008 1.141283e-007 -6.678190e+002 -1.921558e+003 4.238266e-013
1.900737e+001 3.937229e-008 1.133218e-007 -6.701906e+002 -1.928384e+003 4.189605e-013
1.900737e+001 3.909423e-008 1.125217e-007 -6.725685e+002 -1.935228e+003 4.141592e-013
1.900737e+001 3.881838e-008 1.117280e-007 -6.749527e+002 -1.942091e+003 4.094271e-013
1.900737e+001 3.854471e-008 1.109405e-007 -6.773433e+002 -1.948972e+003 4.047550e-013
1.900737e+001 3.827322e-008 1.101594e-007 -6.797401e+002 -1.955870e+003 4.001029e-013
1.900737e+001 3.800387e-008 1.093844e-007 -6.821434e+002 -1.962787e+003 3.955614e-013
1.900737e+001 3.773665e-008 1.086155e-007 -6.845531e+002 -1.969723e+003 3.910427e-013
1.900737e+001 3.747155e-008 1.078527e-007 -6.869690e+002 -1.976677e+003 3.865839e-013
1.900737e+001 3.720854e-008 1.070959e-007 -6.893914e+002 -1.983649e+003 3.821834e-013
1.900737e+001 3.694759e-008 1.063450e-007 -6.918202e+002 -1.990640e+003 3.778499e-013
1.900737e+001 3.668872e-008 1.056002e-007 -6.942553e+002 -1.997648e+003 3.735336e-013
1.900737e+001 3.643188e-008 1.048611e-007 -6.966969e+002 -2.004676e+003 3.693079e-013
1.900737e+001 3.617706e-008 1.041279e-007 -6.991449e+002 -2.011722e+003 3.651118e-013
1.900737e+001 3.592424e-008 1.034004e-007 -7.015994e+002 -2.018787e+003 3.609849e-013
1.900737e+001 3.567340e-008 1.026787e-007 -7.040604e+002 -2.025870e+003 3.568960e-013
1.900737e+001 3.542453e-008 1.019626e-007 -7.065278e+002 -2.032972e+003 3.528590e-013
1.900737e+001 3.517762e-008 1.012521e-007 -7.090016e+002 -2.040093e+003 3.488573e-013
1.900737e+001 3.493266e-008 1.005472e-007 -7.114819e+002 -2.047232e+003 3.449105e-013
1.900737e+001 3.468960e-008 9.984786e-008 -7.139687e+002 -2.054389e+003 3.410271e-013
1.900737e+001 3.444844e-008 9.915396e-008 -7.164620e+002 -2.061566e+003 3.371775e-013
1.900737e+001 3.420918e-008 9.846551e-008 -7.189617e+002 -2.068761e+003 3.333678e-013
1.900737e+001 3.397179e-008 9.778242e-008 -7.214680e+002 -2.075975e+003 3.296169e-013
1.900737e+001 3.373624e-008 9.710464e-008 -7.239808e+002 -2.083208e+003 3.259223e-013
1.900737e+001 3.350252e-008 9.643213e-008 -7.265003e+002 -2.090460e+003 3.222624e-013
1.900737e+001 3.327062e-008 9.576484e-008 -7.290264e+002 -2.097731e+003 3.186547e-013
1.900737e+001 3.304052e-008 9.510276e-008 -7.315590e+002 -2.105021e+003 3.150746e-013
1.900737e+001 3.281221e-008 9.444581e-008 -7.340983e+002 -2.112329e+003 3.115462e-013
