Solution of SBHB orbit

v_0 = 1.400000e+000, A = 0.500000, B = 0.500000, delta = 1.000000e-008

       t           rx             ry            vx             vy             2h
2.000000e-003 9.999995e-001 2.799568e-003 -4.999211e-004 1.399568e+000 2.000000e-003
6.704113e-002 9.994413e-001 9.335255e-002 -1.660598e-002 1.384635e+000 6.504113e-002
1.341701e-001 9.977832e-001 1.857358e-001 -3.266721e-002 1.367492e+000 6.712894e-002
2.031059e-001 9.949890e-001 2.793492e-001 -4.821670e-002 1.348197e+000 6.893579e-002
2.741655e-001 9.910305e-001 3.743977e-001 -6.295935e-002 1.326736e+000 7.105961e-002
3.474995e-001 9.859027e-001 4.708371e-001 -7.661470e-002 1.303192e+000 7.333404e-002
4.233380e-001 9.796119e-001 5.687076e-001 -8.898707e-002 1.277655e+000 7.583846e-002
5.021406e-001 9.721542e-001 6.683115e-001 -9.997938e-002 1.250132e+000 7.880264e-002
5.845865e-001 9.635034e-001 7.701641e-001 -1.095594e-001 1.220520e+000 8.244594e-002
6.714935e-001 9.536137e-001 8.748540e-001 -1.177197e-001 1.188616e+000 8.690698e-002
7.637472e-001 9.424288e-001 9.829220e-001 -1.244532e-001 1.154133e+000 9.225363e-002
8.622579e-001 9.298934e-001 1.094778e+000 -1.297406e-001 1.116702e+000 9.851071e-002
9.679435e-001 9.159650e-001 1.210646e+000 -1.335461e-001 1.075871e+000 1.056856e-001
1.081735e+000 9.006229e-001 1.330532e+000 -1.358147e-001 1.031091e+000 1.137919e-001
1.204557e+000 8.838843e-001 1.454151e+000 -1.364682e-001 9.817065e-001 1.228211e-001
1.336883e+000 8.658775e-001 1.580462e+000 -1.354091e-001 9.271415e-001 1.323261e-001
1.473684e+000 8.475228e-001 1.703347e+000 -1.326759e-001 8.691245e-001 1.368014e-001
1.600467e+000 8.309315e-001 1.810049e+000 -1.288600e-001 8.138651e-001 1.267828e-001
1.718488e+000 8.159814e-001 1.903006e+000 -1.243428e-001 7.612171e-001 1.180207e-001
1.830893e+000 8.022822e-001 1.985709e+000 -1.192905e-001 7.101814e-001 1.124056e-001
1.941064e+000 7.894408e-001 2.061168e+000 -1.137386e-001 6.596158e-001 1.101708e-001
2.051246e+000 7.772371e-001 2.131053e+000 -1.077104e-001 6.089260e-001 1.101824e-001
2.163306e+000 7.655277e-001 2.196417e+000 -1.012283e-001 5.577997e-001 1.120599e-001
2.283761e+000 7.537659e-001 2.260354e+000 -9.403774e-002 5.040537e-001 1.204549e-001
2.426191e+000 7.409817e-001 2.327771e+000 -8.549310e-002 4.432043e-001 1.424294e-001
2.578616e+000 7.286330e-001 2.390639e+000 -7.660606e-002 3.825710e-001 1.524254e-001
2.731041e+000 7.176011e-001 2.444683e+000 -6.825052e-002 3.275196e-001 1.524254e-001
2.853041e+000 7.096569e-001 2.482176e+000 -6.206263e-002 2.877781e-001 1.219992e-001
2.964074e+000 7.030587e-001 2.512277e+000 -5.685788e-002 2.549538e-001 1.110330e-001
3.069589e+000 6.973032e-001 2.537660e+000 -5.229743e-002 2.266138e-001 1.055151e-001
3.172447e+000 6.921373e-001 2.559658e+000 -4.820818e-002 2.015209e-001 1.028584e-001
3.274318e+000 6.874183e-001 2.579020e+000 -4.449204e-002 1.789715e-001 1.018710e-001
3.376197e+000 6.830614e-001 2.596195e+000 -4.109050e-002 1.585403e-001 1.018792e-001
3.478159e+000 6.790326e-001 2.611401e+000 -3.798161e-002 1.400417e-001 1.019620e-001
3.580968e+000 6.752769e-001 2.624918e+000 -3.512490e-002 1.231918e-001 1.028083e-001
3.685175e+000 6.717560e-001 2.636939e+000 -3.249213e-002 1.077911e-001 1.042076e-001
3.791212e+000 6.684416e-001 2.647608e+000 -3.006237e-002 9.368948e-002 1.060369e-001
3.899432e+000 6.653117e-001 2.657035e+000 -2.781924e-002 8.076926e-002 1.082193e-001
4.010137e+000 6.623485e-001 2.665309e+000 -2.574940e-002 6.893381e-002 1.107058e-001
4.123603e+000 6.595370e-001 2.672505e+000 -2.384156e-002 5.810117e-002 1.134653e-001
4.240082e+000 6.568641e-001 2.678684e+000 -2.208583e-002 4.819962e-002 1.164798e-001
4.359823e+000 6.543179e-001 2.683904e+000 -2.047328e-002 3.916489e-002 1.197407e-001
4.483070e+000 6.518875e-001 2.688213e+000 -1.899573e-002 3.093815e-002 1.232468e-001
4.610074e+000 6.495625e-001 2.691658e+000 -1.764548e-002 2.346480e-002 1.270035e-001
4.741095e+000 6.473328e-001 2.694279e+000 -1.641524e-002 1.669351e-002 1.310214e-001
4.876411e+000 6.451888e-001 2.696115e+000 -1.529803e-002 1.057567e-002 1.353163e-001
5.016320e+000 6.431208e-001 2.697200e+000 -1.428713e-002 5.064999e-003 1.399089e-001
5.161145e+000 6.411192e-001 2.697566e+000 -1.337604e-002 1.172424e-004 1.448249e-001
5.311240e+000 6.391744e-001 2.697243e+000 -1.255849e-002 -4.309968e-003 1.500952e-001
5.466997e+000 6.372766e-001 2.696257e+000 -1.182838e-002 -8.257236e-003 1.557565e-001
5.628849e+000 6.354161e-001 2.694629e+000 -1.117983e-002 -1.176347e-002 1.618518e-001
5.797280e+000 6.335826e-001 2.692379e+000 -1.060716e-002 -1.486591e-002 1.684314e-001
5.972834e+000 6.317659e-001 2.689523e+000 -1.010489e-002 -1.760021e-002 1.755542e-001
6.156124e+000 6.299551e-001 2.686070e+000 -9.667735e-003 -2.000040e-002 1.832898e-001
6.347844e+000 6.281389e-001 2.682029e+000 -9.290646e-003 -2.209896e-002 1.917197e-001
6.548785e+000 6.263055e-001 2.677399e+000 -8.968789e-003 -2.392681e-002 2.009409e-001
6.759853e+000 6.244422e-001 2.672176e+000 -8.697564e-003 -2.551334e-002 2.110689e-001
6.982097e+000 6.225353e-001 2.666348e+000 -8.472615e-003 -2.688645e-002 2.222431e-001
7.216730e+000 6.205697e-001 2.659895e+000 -8.289842e-003 -2.807261e-002 2.346335e-001
7.465179e+000 6.185290e-001 2.652789e+000 -8.145416e-003 -2.909691e-002 2.484491e-001
7.729131e+000 6.163944e-001 2.644988e+000 -8.035794e-003 -2.998309e-002 2.639513e-001
8.010602e+000 6.141443e-001 2.636437e+000 -7.957749e-003 -3.075373e-002 2.814711e-001
8.312039e+000 6.117538e-001 2.627061e+000 -7.908396e-003 -3.143028e-002 3.014370e-001
8.636454e+000 6.091927e-001 2.616764e+000 -7.885238e-003 -3.203334e-002 3.244153e-001
8.987633e+000 6.064240e-001 2.605415e+000 -7.886233e-003 -3.258287e-002 3.511789e-001
9.370456e+000 6.034011e-001 2.592841e+000 -7.909889e-003 -3.309869e-002 3.828236e-001
9.791445e+000 6.000622e-001 2.578799e+000 -7.955431e-003 -3.360113e-002 4.209885e-001
1.025976e+001 5.963212e-001 2.562942e+000 -8.023098e-003 -3.411235e-002 4.683163e-001
1.078931e+001 5.920489e-001 2.544732e+000 -8.114749e-003 -3.465899e-002 5.295490e-001
1.140396e+001 5.870249e-001 2.523238e+000 -8.235350e-003 -3.527860e-002 6.146448e-001
1.215323e+001 5.807945e-001 2.496521e+000 -8.397445e-003 -3.603881e-002 7.492708e-001
1.300504e+001 5.735573e-001 2.465445e+000 -8.597679e-003 -3.693251e-002 8.518155e-001
1.378101e+001 5.668107e-001 2.436458e+000 -8.793334e-003 -3.778697e-002 7.759681e-001
1.452258e+001 5.602169e-001 2.408120e+000 -8.992022e-003 -3.864710e-002 7.415669e-001
1.524133e+001 5.536812e-001 2.380029e+000 -9.196015e-003 -3.952684e-002 7.187528e-001
1.594158e+001 5.471688e-001 2.352037e+000 -9.406329e-003 -4.043227e-002 7.002483e-001
1.662513e+001 5.406655e-001 2.324083e+000 -9.623558e-003 -4.136673e-002 6.835524e-001
1.729284e+001 5.341655e-001 2.296142e+000 -9.848141e-003 -4.233246e-002 6.677074e-001
1.794516e+001 5.276663e-001 2.268205e+000 -1.008046e-002 -4.333129e-002 6.523261e-001
1.858241e+001 5.211667e-001 2.240266e+000 -1.032090e-002 -4.436492e-002 6.372464e-001
1.920481e+001 5.146662e-001 2.212324e+000 -1.056984e-002 -4.543504e-002 6.223992e-001
1.981256e+001 5.081648e-001 2.184377e+000 -1.082767e-002 -4.654336e-002 6.077545e-001
2.040586e+001 5.016623e-001 2.156426e+000 -1.109481e-002 -4.769168e-002 5.932989e-001
2.098489e+001 4.951588e-001 2.128470e+000 -1.137169e-002 -4.888189e-002 5.790264e-001
2.154982e+001 4.886542e-001 2.100510e+000 -1.165878e-002 -5.011598e-002 5.649342e-001
2.210084e+001 4.821488e-001 2.072546e+000 -1.195657e-002 -5.139605e-002 5.510210e-001
2.263813e+001 4.756426e-001 2.044578e+000 -1.226557e-002 -5.272430e-002 5.372860e-001
2.316186e+001 4.691356e-001 2.016608e+000 -1.258633e-002 -5.410309e-002 5.237288e-001
2.367221e+001 4.626281e-001 1.988635e+000 -1.291941e-002 -5.553488e-002 5.103491e-001
2.416935e+001 4.561202e-001 1.960660e+000 -1.326544e-002 -5.702230e-002 4.971467e-001
2.465348e+001 4.496120e-001 1.932684e+000 -1.362505e-002 -5.856812e-002 4.841213e-001
2.512475e+001 4.431038e-001 1.904708e+000 -1.399893e-002 -6.017526e-002 4.712727e-001
2.558335e+001 4.365957e-001 1.876733e+000 -1.438780e-002 -6.184685e-002 4.586006e-001
2.602945e+001 4.300880e-001 1.848759e+000 -1.479243e-002 -6.358616e-002 4.461047e-001
2.646324e+001 4.235809e-001 1.820788e+000 -1.521362e-002 -6.539668e-002 4.337848e-001
2.688488e+001 4.170749e-001 1.792822e+000 -1.565224e-002 -6.728210e-002 4.216407e-001
2.729455e+001 4.105701e-001 1.764860e+000 -1.610919e-002 -6.924632e-002 4.096719e-001
2.769243e+001 4.040670e-001 1.736906e+000 -1.658543e-002 -7.129349e-002 3.978782e-001
2.807869e+001 3.975659e-001 1.708961e+000 -1.708200e-002 -7.342799e-002 3.862592e-001
2.845350e+001 3.910675e-001 1.681027e+000 -1.759996e-002 -7.565448e-002 3.748146e-001
2.881705e+001 3.845720e-001 1.653106e+000 -1.814046e-002 -7.797788e-002 3.635440e-001
2.916949e+001 3.780803e-001 1.625201e+000 -1.870473e-002 -8.040340e-002 3.524471e-001
2.951102e+001 3.715928e-001 1.597314e+000 -1.929403e-002 -8.293657e-002 3.415235e-001
2.984179e+001 3.651103e-001 1.569449e+000 -1.990975e-002 -8.558325e-002 3.307729e-001
3.016199e+001 3.586336e-001 1.541608e+000 -2.055330e-002 -8.834962e-002 3.201948e-001
3.047177e+001 3.521636e-001 1.513796e+000 -2.122623e-002 -9.124225e-002 3.097890e-001
3.077133e+001 3.457011e-001 1.486017e+000 -2.193014e-002 -9.426805e-002 2.995551e-001
3.106082e+001 3.392473e-001 1.458275e+000 -2.266674e-002 -9.743435e-002 2.894928e-001
3.134042e+001 3.328033e-001 1.430575e+000 -2.343782e-002 -1.007489e-001 2.796018e-001
3.161031e+001 3.263704e-001 1.402923e+000 -2.424529e-002 -1.042198e-001 2.698819e-001
3.187064e+001 3.199500e-001 1.375324e+000 -2.509114e-002 -1.078558e-001 2.603330e-001
3.212159e+001 3.135435e-001 1.347786e+000 -2.597748e-002 -1.116658e-001 2.509550e-001
3.236334e+001 3.071528e-001 1.320315e+000 -2.690653e-002 -1.156594e-001 2.417478e-001
3.259605e+001 3.007797e-001 1.292920e+000 -2.788062e-002 -1.198465e-001 2.327116e-001
3.281990e+001 2.944260e-001 1.265608e+000 -2.890218e-002 -1.242378e-001 2.238465e-001
3.303505e+001 2.880940e-001 1.238390e+000 -2.997376e-002 -1.288440e-001 2.151529e-001
3.324168e+001 2.817861e-001 1.211275e+000 -3.109802e-002 -1.336767e-001 2.066313e-001
3.343997e+001 2.755047e-001 1.184274e+000 -3.227775e-002 -1.387479e-001 1.982824e-001
3.363007e+001 2.692526e-001 1.157398e+000 -3.351583e-002 -1.440698e-001 1.901070e-001
3.381218e+001 2.630326e-001 1.130662e+000 -3.481523e-002 -1.496554e-001 1.821063e-001
3.398646e+001 2.568480e-001 1.104076e+000 -3.617904e-002 -1.555178e-001 1.742815e-001
3.415310e+001 2.507019e-001 1.077657e+000 -3.761044e-002 -1.616708e-001 1.666341e-001
3.431226e+001 2.445979e-001 1.051419e+000 -3.911269e-002 -1.681283e-001 1.591661e-001
3.446414e+001 2.385397e-001 1.025377e+000 -4.068910e-002 -1.749046e-001 1.518793e-001
3.460892e+001 2.325311e-001 9.995490e-001 -4.234308e-002 -1.820143e-001 1.447761e-001
3.474678e+001 2.265761e-001 9.739510e-001 -4.407803e-002 -1.894721e-001 1.378589e-001
3.487791e+001 2.206788e-001 9.486010e-001 -4.589743e-002 -1.972929e-001 1.311304e-001
3.500250e+001 2.148434e-001 9.235173e-001 -4.780475e-002 -2.054916e-001 1.245934e-001
3.512075e+001 2.090742e-001 8.987181e-001 -4.980346e-002 -2.140832e-001 1.182510e-001
3.523286e+001 2.033755e-001 8.742221e-001 -5.189701e-002 -2.230824e-001 1.121060e-001
3.533902e+001 1.977517e-001 8.500476e-001 -5.408880e-002 -2.325040e-001 1.061614e-001
3.543944e+001 1.922069e-001 8.262129e-001 -5.638222e-002 -2.423624e-001 1.004201e-001
3.553432e+001 1.867452e-001 8.027357e-001 -5.878055e-002 -2.526718e-001 9.488459e-002
3.562388e+001 1.813707e-001 7.796328e-001 -6.128704e-002 -2.634461e-001 8.955730e-002
3.570832e+001 1.760870e-001 7.569204e-001 -6.390484e-002 -2.746988e-001 8.444011e-002
3.578785e+001 1.708975e-001 7.346134e-001 -6.663701e-002 -2.864432e-001 7.953439e-002
3.586270e+001 1.658056e-001 7.127252e-001 -6.948657e-002 -2.986922e-001 7.484094e-002
3.593306e+001 1.608138e-001 6.912679e-001 -7.245643e-002 -3.114584e-001 7.035986e-002
3.599915e+001 1.559247e-001 6.702517e-001 -7.554947e-002 -3.247540e-001 6.609050e-002
3.606118e+001 1.511401e-001 6.496849e-001 -7.876849e-002 -3.385911e-001 6.203138e-002
3.611936e+001 1.464616e-001 6.295742e-001 -8.211631e-002 -3.529819e-001 5.818018e-002
3.617389e+001 1.418903e-001 6.099240e-001 -8.559569e-002 -3.679382e-001 5.453372e-002
3.622498e+001 1.374267e-001 5.907368e-001 -8.920944e-002 -3.834722e-001 5.108795e-002
3.627282e+001 1.330709e-001 5.720132e-001 -9.296038e-002 -3.995958e-001 4.783800e-002
3.631760e+001 1.288227e-001 5.537520e-001 -9.685137e-002 -4.163215e-001 4.477820e-002
3.635950e+001 1.246813e-001 5.359501e-001 -1.008853e-001 -4.336618e-001 4.190216e-002
3.639870e+001 1.206458e-001 5.186031e-001 -1.050652e-001 -4.516293e-001 3.920285e-002
3.643537e+001 1.167147e-001 5.017053e-001 -1.093941e-001 -4.702371e-001 3.667268e-002
3.646968e+001 1.128865e-001 4.852496e-001 -1.138748e-001 -4.894978e-001 3.430363e-002
3.650176e+001 1.091595e-001 4.692286e-001 -1.185104e-001 -5.094241e-001 3.208733e-002
3.653178e+001 1.055316e-001 4.536341e-001 -1.233037e-001 -5.300282e-001 3.001523e-002
3.655986e+001 1.020010e-001 4.384576e-001 -1.282572e-001 -5.513215e-001 2.807867e-002
3.658613e+001 9.856573e-002 4.236908e-001 -1.333735e-001 -5.733139e-001 2.626904e-002
3.661070e+001 9.522385e-002 4.093255e-001 -1.386543e-001 -5.960141e-001 2.457792e-002
3.663370e+001 9.197358e-002 3.953540e-001 -1.441013e-001 -6.194283e-001 2.299715e-002
3.665522e+001 8.881323e-002 3.817690e-001 -1.497154e-001 -6.435605e-001 2.151897e-002
3.667536e+001 8.574126e-002 3.685640e-001 -1.554967e-001 -6.684119e-001 2.013610e-002
3.669420e+001 8.275627e-002 3.557329e-001 -1.614448e-001 -6.939804e-001 1.884179e-002
3.671183e+001 7.985697e-002 3.432700e-001 -1.675587e-001 -7.202612e-001 1.762984e-002
3.672832e+001 7.704218e-002 3.311705e-001 -1.738364e-001 -7.472462e-001 1.649465e-002
3.674375e+001 7.431076e-002 3.194293e-001 -1.802754e-001 -7.749248e-001 1.543112e-002
3.675819e+001 7.166165e-002 3.080419e-001 -1.868728e-001 -8.032839e-001 1.443469e-002
3.677169e+001 6.909374e-002 2.970036e-001 -1.936249e-001 -8.323085e-001 1.350119e-002
3.678432e+001 6.660593e-002 2.863096e-001 -2.005282e-001 -8.619824e-001 1.262684e-002
3.679613e+001 6.419705e-002 2.759549e-001 -2.075785e-001 -8.922887e-001 1.180813e-002
3.680717e+001 6.186586e-002 2.659342e-001 -2.147719e-001 -9.232100e-001 1.104183e-002
3.681749e+001 5.961107e-002 2.562418e-001 -2.221044e-001 -9.547293e-001 1.032485e-002
3.682715e+001 5.743126e-002 2.468718e-001 -2.295723e-001 -9.868303e-001 9.654302e-003
3.683617e+001 5.532500e-002 2.378179e-001 -2.371718e-001 -1.019498e+000 9.027421e-003
3.684462e+001 5.329073e-002 2.290734e-001 -2.448999e-001 -1.052717e+000 8.441569e-003
3.685251e+001 5.132687e-002 2.206316e-001 -2.527533e-001 -1.086475e+000 7.894229e-003
3.685989e+001 4.943175e-002 2.124854e-001 -2.607295e-001 -1.120762e+000 7.382999e-003
3.686680e+001 4.760368e-002 2.046273e-001 -2.688263e-001 -1.155566e+000 6.905596e-003
3.687326e+001 4.584092e-002 1.970500e-001 -2.770416e-001 -1.190880e+000 6.459851e-003
3.687930e+001 4.414172e-002 1.897459e-001 -2.853738e-001 -1.226697e+000 6.043711e-003
3.688496e+001 4.250430e-002 1.827073e-001 -2.938217e-001 -1.263010e+000 5.655237e-003
3.689025e+001 4.092686e-002 1.759266e-001 -3.023843e-001 -1.299817e+000 5.292602e-003
3.689520e+001 3.940761e-002 1.693960e-001 -3.110610e-001 -1.337115e+000 4.954088e-003
3.689984e+001 3.794476e-002 1.631079e-001 -3.198514e-001 -1.374901e+000 4.638083e-003
3.690418e+001 3.653654e-002 1.570545e-001 -3.287553e-001 -1.413174e+000 4.343073e-003
3.690825e+001 3.518118e-002 1.512284e-001 -3.377728e-001 -1.451937e+000 4.067643e-003
3.691206e+001 3.387694e-002 1.456221e-001 -3.469042e-001 -1.491189e+000 3.810471e-003
3.691563e+001 3.262209e-002 1.402280e-001 -3.561501e-001 -1.530933e+000 3.570318e-003
3.691898e+001 3.141494e-002 1.350390e-001 -3.655109e-001 -1.571171e+000 3.346030e-003
3.692212e+001 3.025383e-002 1.300479e-001 -3.749877e-001 -1.611907e+000 3.136529e-003
3.692506e+001 2.913714e-002 1.252477e-001 -3.845812e-001 -1.653146e+000 2.940812e-003
3.692781e+001 2.806326e-002 1.206316e-001 -3.942926e-001 -1.694891e+000 2.757940e-003
3.693040e+001 2.703066e-002 1.161929e-001 -4.041230e-001 -1.737147e+000 2.587043e-003
3.693283e+001 2.603780e-002 1.119251e-001 -4.140737e-001 -1.779921e+000 2.427306e-003
3.693511e+001 2.508323e-002 1.078218e-001 -4.241460e-001 -1.823217e+000 2.277972e-003
3.693725e+001 2.416550e-002 1.038768e-001 -4.343412e-001 -1.867042e+000 2.138338e-003
3.693925e+001 2.328322e-002 1.000843e-001 -4.446609e-001 -1.911402e+000 2.007746e-003
3.694114e+001 2.243505e-002 9.643841e-002 -4.551066e-001 -1.956303e+000 1.885586e-003
3.694291e+001 2.161967e-002 9.293348e-002 -4.656798e-001 -2.001753e+000 1.771289e-003
3.694457e+001 2.083583e-002 8.956409e-002 -4.763822e-001 -2.047758e+000 1.664327e-003
3.694614e+001 2.008231e-002 8.632501e-002 -4.872153e-001 -2.094324e+000 1.564206e-003
3.694761e+001 1.935791e-002 8.321114e-002 -4.981809e-001 -2.141461e+000 1.470469e-003
3.694899e+001 1.866150e-002 8.021759e-002 -5.092806e-001 -2.189173e+000 1.382688e-003
3.695029e+001 1.799198e-002 7.733962e-002 -5.205162e-001 -2.237470e+000 1.300466e-003
3.695152e+001 1.734829e-002 7.457268e-002 -5.318893e-001 -2.286358e+000 1.223434e-003
3.695267e+001 1.672941e-002 7.191238e-002 -5.434018e-001 -2.335846e+000 1.151247e-003
3.695375e+001 1.613435e-002 6.935448e-002 -5.550554e-001 -2.385939e+000 1.083584e-003
3.695477e+001 1.556217e-002 6.689492e-002 -5.668518e-001 -2.436647e+000 1.020149e-003
3.695573e+001 1.501195e-002 6.452977e-002 -5.787929e-001 -2.487976e+000 9.606609e-004
3.695664e+001 1.448282e-002 6.225527e-002 -5.908804e-001 -2.539935e+000 9.048626e-004
3.695749e+001 1.397393e-002 6.006779e-002 -6.031162e-001 -2.592532e+000 8.525125e-004
3.695829e+001 1.348448e-002 5.796385e-002 -6.155020e-001 -2.645773e+000 8.033857e-004
3.695905e+001 1.301369e-002 5.594012e-002 -6.280397e-001 -2.699667e+000 7.572729e-004
3.695976e+001 1.256080e-002 5.399337e-002 -6.407310e-001 -2.754221e+000 7.139787e-004
3.696044e+001 1.212511e-002 5.212052e-002 -6.535778e-001 -2.809444e+000 6.733213e-004
3.696107e+001 1.170592e-002 5.031861e-002 -6.665819e-001 -2.865343e+000 6.351308e-004
3.696167e+001 1.130257e-002 4.858480e-002 -6.797452e-001 -2.921926e+000 5.992491e-004
3.696224e+001 1.091444e-002 4.691636e-002 -6.930693e-001 -2.979200e+000 5.655286e-004
3.696277e+001 1.054090e-002 4.531068e-002 -7.065562e-001 -3.037175e+000 5.338315e-004
3.696327e+001 1.018137e-002 4.376524e-002 -7.202077e-001 -3.095856e+000 5.040293e-004
3.696375e+001 9.835299e-003 4.227763e-002 -7.340256e-001 -3.155253e+000 4.760021e-004
3.696420e+001 9.502145e-003 4.084554e-002 -7.480117e-001 -3.215373e+000 4.496381e-004
3.696462e+001 9.181393e-003 3.946677e-002 -7.621678e-001 -3.276225e+000 4.248324e-004
3.696503e+001 8.872548e-003 3.813919e-002 -7.764959e-001 -3.337815e+000 4.014877e-004
3.696541e+001 8.575137e-003 3.686075e-002 -7.909977e-001 -3.400151e+000 3.795127e-004
3.696576e+001 8.288707e-003 3.562951e-002 -8.056750e-001 -3.463243e+000 3.588222e-004
3.696610e+001 8.012820e-003 3.444359e-002 -8.205297e-001 -3.527096e+000 3.393365e-004
3.696642e+001 7.747059e-003 3.330120e-002 -8.355635e-001 -3.591721e+000 3.209812e-004
3.696673e+001 7.491025e-003 3.220063e-002 -8.507785e-001 -3.657123e+000 3.036869e-004
3.696702e+001 7.244334e-003 3.114021e-002 -8.661763e-001 -3.723311e+000 2.873882e-004
3.696729e+001 7.006617e-003 3.011837e-002 -8.817588e-001 -3.790293e+000 2.720246e-004
3.696755e+001 6.777521e-003 2.913359e-002 -8.975278e-001 -3.858078e+000 2.575389e-004
3.696779e+001 6.556710e-003 2.818441e-002 -9.134852e-001 -3.926672e+000 2.438779e-004
3.696802e+001 6.343858e-003 2.726946e-002 -9.296329e-001 -3.996083e+000 2.309917e-004
3.696824e+001 6.138655e-003 2.638738e-002 -9.459726e-001 -4.066320e+000 2.188337e-004
3.696845e+001 5.940802e-003 2.553690e-002 -9.625061e-001 -4.137391e+000 2.073601e-004
3.696864e+001 5.750015e-003 2.471679e-002 -9.792355e-001 -4.209303e+000 1.965300e-004
3.696883e+001 5.566019e-003 2.392587e-002 -9.961624e-001 -4.282064e+000 1.863050e-004
3.696901e+001 5.388551e-003 2.316301e-002 -1.013289e+000 -4.355683e+000 1.766492e-004
3.696917e+001 5.217360e-003 2.242714e-002 -1.030616e+000 -4.430167e+000 1.675288e-004
3.696933e+001 5.052205e-003 2.171721e-002 -1.048147e+000 -4.505524e+000 1.589124e-004
3.696948e+001 4.892852e-003 2.103222e-002 -1.065883e+000 -4.581763e+000 1.507703e-004
3.696963e+001 4.739081e-003 2.037123e-002 -1.083826e+000 -4.658890e+000 1.430748e-004
3.696976e+001 4.590679e-003 1.973331e-002 -1.101977e+000 -4.736915e+000 1.357997e-004
3.696989e+001 4.447440e-003 1.911759e-002 -1.120339e+000 -4.815845e+000 1.289206e-004
3.697001e+001 4.309169e-003 1.852323e-002 -1.138913e+000 -4.895689e+000 1.224146e-004
3.697013e+001 4.175678e-003 1.794941e-002 -1.157702e+000 -4.976453e+000 1.162602e-004
3.697024e+001 4.046787e-003 1.739536e-002 -1.176707e+000 -5.058147e+000 1.104371e-004
3.697034e+001 3.922321e-003 1.686033e-002 -1.195930e+000 -5.140778e+000 1.049264e-004
3.697044e+001 3.802115e-003 1.634362e-002 -1.215373e+000 -5.224355e+000 9.971018e-005
3.697054e+001 3.686010e-003 1.584454e-002 -1.235038e+000 -5.308885e+000 9.477173e-005
3.697063e+001 3.573852e-003 1.536242e-002 -1.254926e+000 -5.394377e+000 9.009528e-005
3.697072e+001 3.465495e-003 1.489664e-002 -1.275040e+000 -5.480839e+000 8.566603e-005
3.697080e+001 3.360797e-003 1.444659e-002 -1.295382e+000 -5.568278e+000 8.147006e-005
3.697087e+001 3.259624e-003 1.401169e-002 -1.315953e+000 -5.656704e+000 7.749430e-005
3.697095e+001 3.161844e-003 1.359138e-002 -1.336755e+000 -5.746124e+000 7.372643e-005
3.697102e+001 3.067334e-003 1.318512e-002 -1.357791e+000 -5.836546e+000 7.015486e-005
3.697108e+001 2.975973e-003 1.279240e-002 -1.379062e+000 -5.927980e+000 6.676870e-005
3.697115e+001 2.887646e-003 1.241272e-002 -1.400569e+000 -6.020432e+000 6.355771e-005
3.697121e+001 2.802243e-003 1.204561e-002 -1.422316e+000 -6.113911e+000 6.051221e-005
3.697127e+001 2.719658e-003 1.169061e-002 -1.444303e+000 -6.208426e+000 5.762312e-005
3.697132e+001 2.639788e-003 1.134729e-002 -1.466534e+000 -6.303984e+000 5.488189e-005
3.697137e+001 2.562535e-003 1.101521e-002 -1.489009e+000 -6.400595e+000 5.228044e-005
3.697142e+001 2.487806e-003 1.069398e-002 -1.511731e+000 -6.498265e+000 4.981118e-005
3.697147e+001 2.415508e-003 1.038321e-002 -1.534701e+000 -6.597005e+000 4.746695e-005
3.697152e+001 2.345557e-003 1.008252e-002 -1.557922e+000 -6.696821e+000 4.524099e-005
3.697156e+001 2.277867e-003 9.791551e-003 -1.581395e+000 -6.797723e+000 4.312696e-005
3.697160e+001 2.212359e-003 9.509960e-003 -1.605123e+000 -6.899719e+000 4.111884e-005
3.697164e+001 2.148955e-003 9.237413e-003 -1.629108e+000 -7.002818e+000 3.921098e-005
3.697168e+001 2.087581e-003 8.973592e-003 -1.653350e+000 -7.107027e+000 3.739805e-005
3.697171e+001 2.028164e-003 8.718188e-003 -1.677853e+000 -7.212355e+000 3.567500e-005
3.697175e+001 1.970638e-003 8.470906e-003 -1.702619e+000 -7.318811e+000 3.403708e-005
3.697178e+001 1.914934e-003 8.231462e-003 -1.727649e+000 -7.426403e+000 3.247981e-005
3.697181e+001 1.860991e-003 7.999582e-003 -1.752945e+000 -7.535140e+000 3.099895e-005
3.697184e+001 1.808746e-003 7.775003e-003 -1.778509e+000 -7.645030e+000 2.959051e-005
3.697187e+001 1.758140e-003 7.557471e-003 -1.804344e+000 -7.756082e+000 2.825070e-005
3.697189e+001 1.709117e-003 7.346744e-003 -1.830451e+000 -7.868305e+000 2.697596e-005
3.697192e+001 1.661623e-003 7.142587e-003 -1.856832e+000 -7.981707e+000 2.576292e-005
3.697195e+001 1.615604e-003 6.944773e-003 -1.883490e+000 -8.096296e+000 2.460839e-005
3.697197e+001 1.571011e-003 6.753086e-003 -1.910426e+000 -8.212082e+000 2.350937e-005
3.697199e+001 1.527794e-003 6.567316e-003 -1.937642e+000 -8.329074e+000 2.246299e-005
3.697201e+001 1.485907e-003 6.387262e-003 -1.965141e+000 -8.447279e+000 2.146658e-005
3.697203e+001 1.445305e-003 6.212731e-003 -1.992924e+000 -8.566707e+000 2.051759e-005
3.697205e+001 1.405944e-003 6.043534e-003 -2.020994e+000 -8.687366e+000 1.961360e-005
3.697207e+001 1.367782e-003 5.879493e-003 -2.049352e+000 -8.809265e+000 1.875235e-005
3.697209e+001 1.330779e-003 5.720434e-003 -2.078001e+000 -8.932414e+000 1.793167e-005
3.697211e+001 1.294896e-003 5.566191e-003 -2.106943e+000 -9.056820e+000 1.714954e-005
3.697212e+001 1.260097e-003 5.416601e-003 -2.136179e+000 -9.182493e+000 1.640400e-005
3.697214e+001 1.226343e-003 5.271511e-003 -2.165712e+000 -9.309442e+000 1.569324e-005
3.697215e+001 1.193602e-003 5.130771e-003 -2.195543e+000 -9.437676e+000 1.501553e-005
3.697217e+001 1.161839e-003 4.994236e-003 -2.225676e+000 -9.567203e+000 1.436922e-005
3.697218e+001 1.131023e-003 4.861769e-003 -2.256111e+000 -9.698032e+000 1.375277e-005
3.697220e+001 1.101121e-003 4.733236e-003 -2.286852e+000 -9.830173e+000 1.316470e-005
3.697221e+001 1.072105e-003 4.608506e-003 -2.317900e+000 -9.963634e+000 1.260361e-005
3.697222e+001 1.043944e-003 4.487457e-003 -2.349257e+000 -1.009842e+001 1.206818e-005
3.697223e+001 1.016612e-003 4.369968e-003 -2.380926e+000 -1.023455e+001 1.155717e-005
3.697224e+001 9.900812e-004 4.255924e-003 -2.412908e+000 -1.037203e+001 1.106938e-005
3.697225e+001 9.643258e-004 4.145213e-003 -2.445206e+000 -1.051087e+001 1.060369e-005
3.697226e+001 9.393206e-004 4.037727e-003 -2.477821e+000 -1.065107e+001 1.015902e-005
3.697227e+001 9.150417e-004 3.933362e-003 -2.510757e+000 -1.079264e+001 9.734370e-006
3.697228e+001 8.914657e-004 3.832019e-003 -2.544014e+000 -1.093560e+001 9.328770e-006
3.697229e+001 8.685700e-004 3.733601e-003 -2.577596e+000 -1.107995e+001 8.941312e-006
3.697230e+001 8.463330e-004 3.638014e-003 -2.611504e+000 -1.122571e+001 8.571125e-006
3.697231e+001 8.247338e-004 3.545168e-003 -2.645741e+000 -1.137288e+001 8.217391e-006
3.697232e+001 8.037522e-004 3.454977e-003 -2.680308e+000 -1.152147e+001 7.879327e-006
3.697232e+001 7.833685e-004 3.367357e-003 -2.715208e+000 -1.167149e+001 7.556192e-006
3.697233e+001 7.635640e-004 3.282226e-003 -2.750443e+000 -1.182295e+001 7.247283e-006
3.697234e+001 7.443206e-004 3.199507e-003 -2.786016e+000 -1.197586e+001 6.951931e-006
3.697234e+001 7.256205e-004 3.119124e-003 -2.821927e+000 -1.213023e+001 6.669500e-006
3.697235e+001 7.074469e-004 3.041003e-003 -2.858181e+000 -1.228606e+001 6.399388e-006
3.697236e+001 6.897833e-004 2.965075e-003 -2.894778e+000 -1.244338e+001 6.141019e-006
3.697236e+001 6.726140e-004 2.891272e-003 -2.931721e+000 -1.260218e+001 5.893849e-006
3.697237e+001 6.559236e-004 2.819527e-003 -2.969012e+000 -1.276248e+001 5.657359e-006
3.697237e+001 6.396973e-004 2.749778e-003 -3.006654e+000 -1.292428e+001 5.431057e-006
3.697238e+001 6.239210e-004 2.681962e-003 -3.044648e+000 -1.308761e+001 5.214473e-006
3.697238e+001 6.085807e-004 2.616021e-003 -3.082998e+000 -1.325245e+001 5.007164e-006
3.697239e+001 5.936632e-004 2.551897e-003 -3.121704e+000 -1.341883e+001 4.808702e-006
3.697239e+001 5.791555e-004 2.489535e-003 -3.160770e+000 -1.358676e+001 4.618687e-006
3.697240e+001 5.650453e-004 2.428881e-003 -3.200197e+000 -1.375624e+001 4.436733e-006
3.697240e+001 5.513204e-004 2.369884e-003 -3.239989e+000 -1.392729e+001 4.262476e-006
3.697241e+001 5.379693e-004 2.312494e-003 -3.280146e+000 -1.409991e+001 4.095568e-006
3.697241e+001 5.249806e-004 2.256661e-003 -3.320672e+000 -1.427411e+001 3.935677e-006
3.697241e+001 5.123435e-004 2.202339e-003 -3.361569e+000 -1.444991e+001 3.782488e-006
3.697242e+001 5.000474e-004 2.149484e-003 -3.402838e+000 -1.462731e+001 3.635702e-006
3.697242e+001 4.880822e-004 2.098051e-003 -3.444483e+000 -1.480632e+001 3.495034e-006
3.697242e+001 4.764379e-004 2.047997e-003 -3.486506e+000 -1.498696e+001 3.360208e-006
3.697243e+001 4.651052e-004 1.999283e-003 -3.528908e+000 -1.516923e+001 3.230968e-006
3.697243e+001 4.540747e-004 1.951868e-003 -3.571693e+000 -1.535314e+001 3.107067e-006
3.697243e+001 4.433376e-004 1.905713e-003 -3.614862e+000 -1.553870e+001 2.988266e-006
3.697244e+001 4.328851e-004 1.860783e-003 -3.658418e+000 -1.572593e+001 2.874345e-006
3.697244e+001 4.227090e-004 1.817040e-003 -3.702363e+000 -1.591483e+001 2.765087e-006
3.697244e+001 4.128011e-004 1.774451e-003 -3.746699e+000 -1.610541e+001 2.660289e-006
3.697244e+001 4.031537e-004 1.732981e-003 -3.791430e+000 -1.629769e+001 2.559757e-006
3.697245e+001 3.937591e-004 1.692597e-003 -3.836556e+000 -1.649167e+001 2.463304e-006
3.697245e+001 3.846100e-004 1.653269e-003 -3.882082e+000 -1.668736e+001 2.370754e-006
3.697245e+001 3.756994e-004 1.614966e-003 -3.928008e+000 -1.688478e+001 2.281939e-006
3.697245e+001 3.670202e-004 1.577659e-003 -3.974337e+000 -1.708393e+001 2.196697e-006
3.697246e+001 3.585660e-004 1.541318e-003 -4.021072e+000 -1.728482e+001 2.114875e-006
3.697246e+001 3.503301e-004 1.505915e-003 -4.068215e+000 -1.748747e+001 2.036327e-006
3.697246e+001 3.423065e-004 1.471425e-003 -4.115768e+000 -1.769188e+001 1.960911e-006
3.697246e+001 3.344889e-004 1.437821e-003 -4.163735e+000 -1.789807e+001 1.888495e-006
3.697246e+001 3.268716e-004 1.405077e-003 -4.212116e+000 -1.810604e+001 1.818952e-006
3.697247e+001 3.194489e-004 1.373170e-003 -4.260915e+000 -1.831580e+001 1.752158e-006
3.697247e+001 3.122152e-004 1.342076e-003 -4.310134e+000 -1.852737e+001 1.688000e-006
3.697247e+001 3.051653e-004 1.311772e-003 -4.359776e+000 -1.874076e+001 1.626364e-006
3.697247e+001 2.982940e-004 1.282235e-003 -4.409842e+000 -1.895597e+001 1.567146e-006
3.697247e+001 2.915962e-004 1.253444e-003 -4.460336e+000 -1.917303e+001 1.510243e-006
3.697247e+001 2.850671e-004 1.225378e-003 -4.511260e+000 -1.939192e+001 1.455560e-006
3.697247e+001 2.787021e-004 1.198018e-003 -4.562615e+000 -1.961268e+001 1.403004e-006
3.697248e+001 2.724964e-004 1.171342e-003 -4.614406e+000 -1.983530e+001 1.352486e-006
3.697248e+001 2.664458e-004 1.145334e-003 -4.666633e+000 -2.005981e+001 1.303922e-006
3.697248e+001 2.605459e-004 1.119972e-003 -4.719301e+000 -2.028620e+001 1.257231e-006
3.697248e+001 2.547926e-004 1.095241e-003 -4.772410e+000 -2.051449e+001 1.212336e-006
3.697248e+001 2.491818e-004 1.071123e-003 -4.825964e+000 -2.074470e+001 1.169163e-006
3.697248e+001 2.437096e-004 1.047601e-003 -4.879964e+000 -2.097682e+001 1.127641e-006
3.697248e+001 2.383723e-004 1.024658e-003 -4.934415e+000 -2.121088e+001 1.087704e-006
3.697248e+001 2.331661e-004 1.002278e-003 -4.989317e+000 -2.144688e+001 1.049285e-006
3.697249e+001 2.280875e-004 9.804477e-004 -5.044674e+000 -2.168484e+001 1.012325e-006
3.697249e+001 2.231329e-004 9.591505e-004 -5.100488e+000 -2.192476e+001 9.767625e-007
3.697249e+001 2.182992e-004 9.383723e-004 -5.156761e+000 -2.216665e+001 9.425424e-007
3.697249e+001 2.135829e-004 9.180992e-004 -5.213497e+000 -2.241053e+001 9.096103e-007
3.697249e+001 2.089810e-004 8.983175e-004 -5.270697e+000 -2.265641e+001 8.779142e-007
3.697249e+001 2.044903e-004 8.790141e-004 -5.328364e+000 -2.290430e+001 8.474045e-007
3.697249e+001 2.001079e-004 8.601761e-004 -5.386501e+000 -2.315420e+001 8.180339e-007
3.697249e+001 1.958309e-004 8.417912e-004 -5.445111e+000 -2.340614e+001 7.897569e-007
3.697249e+001 1.916565e-004 8.238471e-004 -5.504195e+000 -2.366012e+001 7.625299e-007
3.697249e+001 1.875819e-004 8.063324e-004 -5.563757e+000 -2.391614e+001 7.363114e-007
3.697249e+001 1.836046e-004 7.892354e-004 -5.623798e+000 -2.417424e+001 7.110612e-007
3.697249e+001 1.797219e-004 7.725453e-004 -5.684322e+000 -2.443440e+001 6.867414e-007
3.697250e+001 1.759313e-004 7.562512e-004 -5.745331e+000 -2.469666e+001 6.633150e-007
3.697250e+001 1.722304e-004 7.403428e-004 -5.806828e+000 -2.496100e+001 6.407473e-007
3.697250e+001 1.686169e-004 7.248099e-004 -5.868816e+000 -2.522746e+001 6.190044e-007
3.697250e+001 1.650885e-004 7.096428e-004 -5.931296e+000 -2.549603e+001 5.980542e-007
3.697250e+001 1.616429e-004 6.948318e-004 -5.994272e+000 -2.576674e+001 5.778658e-007
3.697250e+001 1.582781e-004 6.803678e-004 -6.057746e+000 -2.603959e+001 5.584095e-007
3.697250e+001 1.549918e-004 6.662417e-004 -6.121720e+000 -2.631459e+001 5.396571e-007
3.697250e+001 1.517821e-004 6.524447e-004 -6.186199e+000 -2.659175e+001 5.215812e-007
3.697250e+001 1.486471e-004 6.389684e-004 -6.251183e+000 -2.687109e+001 5.041559e-007
3.697250e+001 1.455847e-004 6.258045e-004 -6.316676e+000 -2.715261e+001 4.873559e-007
3.697250e+001 1.425931e-004 6.129450e-004 -6.382680e+000 -2.743634e+001 4.711575e-007
3.697250e+001 1.396705e-004 6.003820e-004 -6.449198e+000 -2.772227e+001 4.555375e-007
3.697250e+001 1.368151e-004 5.881080e-004 -6.516234e+000 -2.801042e+001 4.404738e-007
3.697250e+001 1.340253e-004 5.761157e-004 -6.583788e+000 -2.830081e+001 4.259456e-007
3.697250e+001 1.312993e-004 5.643978e-004 -6.651865e+000 -2.859344e+001 4.119319e-007
3.697250e+001 1.286355e-004 5.529475e-004 -6.720466e+000 -2.888833e+001 3.984138e-007
3.697250e+001 1.260324e-004 5.417578e-004 -6.789594e+000 -2.918548e+001 3.853723e-007
3.697250e+001 1.234884e-004 5.308224e-004 -6.859253e+000 -2.948492e+001 3.727893e-007
3.697250e+001 1.210021e-004 5.201347e-004 -6.929445e+000 -2.978664e+001 3.606479e-007
3.697250e+001 1.185719e-004 5.096885e-004 -7.000172e+000 -3.009066e+001 3.489314e-007
3.697250e+001 1.161965e-004 4.994778e-004 -7.071438e+000 -3.039700e+001 3.376238e-007
3.697250e+001 1.138746e-004 4.894967e-004 -7.143244e+000 -3.070567e+001 3.267101e-007
3.697251e+001 1.116047e-004 4.797395e-004 -7.215595e+000 -3.101667e+001 3.161754e-007
3.697251e+001 1.093856e-004 4.702006e-004 -7.288491e+000 -3.133002e+001 3.060055e-007
3.697251e+001 1.072160e-004 4.608746e-004 -7.361937e+000 -3.164573e+001 2.961873e-007
3.697251e+001 1.050948e-004 4.517562e-004 -7.435935e+000 -3.196382e+001 2.867076e-007
3.697251e+001 1.030206e-004 4.428404e-004 -7.510488e+000 -3.228429e+001 2.775538e-007
3.697251e+001 1.009924e-004 4.341220e-004 -7.585598e+000 -3.260715e+001 2.687141e-007
3.697251e+001 9.900904e-005 4.255964e-004 -7.661269e+000 -3.293243e+001 2.601770e-007
3.697251e+001 9.706939e-005 4.172587e-004 -7.737503e+000 -3.326012e+001 2.519312e-007
3.697251e+001 9.517240e-005 4.091043e-004 -7.814302e+000 -3.359025e+001 2.439662e-007
3.697251e+001 9.331702e-005 4.011288e-004 -7.891670e+000 -3.392282e+001 2.362719e-007
3.697251e+001 9.150224e-005 3.933279e-004 -7.969610e+000 -3.425785e+001 2.288383e-007
3.697251e+001 8.972708e-005 3.856973e-004 -8.048124e+000 -3.459535e+001 2.216561e-007
3.697251e+001 8.799059e-005 3.782329e-004 -8.127215e+000 -3.493532e+001 2.147160e-007
3.697251e+001 8.629182e-005 3.709306e-004 -8.206886e+000 -3.527779e+001 2.080095e-007
3.697251e+001 8.462986e-005 3.637866e-004 -8.287139e+000 -3.562277e+001 2.015281e-007
3.697251e+001 8.300385e-005 3.567971e-004 -8.367978e+000 -3.597026e+001 1.952636e-007
3.697251e+001 8.141290e-005 3.499583e-004 -8.449406e+000 -3.632028e+001 1.892086e-007
3.697251e+001 7.985619e-005 3.432667e-004 -8.531425e+000 -3.667285e+001 1.833551e-007
3.697251e+001 7.833289e-005 3.367187e-004 -8.614038e+000 -3.702796e+001 1.776963e-007
3.697251e+001 7.684222e-005 3.303109e-004 -8.697248e+000 -3.738565e+001 1.722253e-007
3.697251e+001 7.538339e-005 3.240401e-004 -8.781058e+000 -3.774591e+001 1.669352e-007
3.697251e+001 7.395565e-005 3.179029e-004 -8.865470e+000 -3.810876e+001 1.618197e-007
3.697251e+001 7.255828e-005 3.118962e-004 -8.950489e+000 -3.847422e+001 1.568727e-007
3.697251e+001 7.119054e-005 3.060169e-004 -9.036115e+000 -3.884229e+001 1.520882e-007
3.697251e+001 6.985176e-005 3.002620e-004 -9.122353e+000 -3.921299e+001 1.474605e-007
3.697251e+001 6.854123e-005 2.946286e-004 -9.209206e+000 -3.958633e+001 1.429842e-007
3.697251e+001 6.725832e-005 2.891139e-004 -9.296675e+000 -3.996232e+001 1.386539e-007
3.697251e+001 6.600236e-005 2.837151e-004 -9.384765e+000 -4.034098e+001 1.344646e-007
3.697251e+001 6.477273e-005 2.784295e-004 -9.473478e+000 -4.072232e+001 1.304112e-007
3.697251e+001 6.356882e-005 2.732544e-004 -9.562817e+000 -4.110635e+001 1.264891e-007
3.697251e+001 6.239004e-005 2.681874e-004 -9.652785e+000 -4.149308e+001 1.226939e-007
3.697251e+001 6.123580e-005 2.632258e-004 -9.743384e+000 -4.188253e+001 1.190210e-007
3.697251e+001 6.010553e-005 2.583673e-004 -9.834619e+000 -4.227470e+001 1.154663e-007
3.697251e+001 5.899869e-005 2.536094e-004 -9.926491e+000 -4.266962e+001 1.120257e-007
3.697251e+001 5.791473e-005 2.489500e-004 -1.001900e+001 -4.306729e+001 1.086952e-007
3.697251e+001 5.685313e-005 2.443866e-004 -1.011216e+001 -4.346773e+001 1.054712e-007
3.697251e+001 5.581338e-005 2.399172e-004 -1.020596e+001 -4.387095e+001 1.023499e-007
3.697251e+001 5.479498e-005 2.355395e-004 -1.030042e+001 -4.427697e+001 9.932787e-008
3.697251e+001 5.379745e-005 2.312516e-004 -1.039552e+001 -4.468578e+001 9.640182e-008
3.697251e+001 5.282030e-005 2.270513e-004 -1.049128e+001 -4.509742e+001 9.356838e-008
3.697251e+001 5.186308e-005 2.229366e-004 -1.058770e+001 -4.551189e+001 9.082444e-008
3.697251e+001 5.092534e-005 2.189057e-004 -1.068479e+001 -4.592920e+001 8.816699e-008
3.697251e+001 5.000664e-005 2.149566e-004 -1.078253e+001 -4.634937e+001 8.559308e-008
3.697251e+001 4.910655e-005 2.110875e-004 -1.088095e+001 -4.677241e+001 8.309996e-008
3.697251e+001 4.822465e-005 2.072966e-004 -1.098003e+001 -4.719833e+001 8.068486e-008
3.697251e+001 4.736053e-005 2.035821e-004 -1.107979e+001 -4.762715e+001 7.834520e-008
3.697251e+001 4.651380e-005 1.999424e-004 -1.118023e+001 -4.805888e+001 7.607846e-008
3.697251e+001 4.568407e-005 1.963757e-004 -1.128134e+001 -4.849353e+001 7.388223e-008
3.697251e+001 4.487096e-005 1.928805e-004 -1.138314e+001 -4.893112e+001 7.175413e-008
3.697251e+001 4.407409e-005 1.894552e-004 -1.148562e+001 -4.937165e+001 6.969191e-008
3.697251e+001 4.329312e-005 1.860981e-004 -1.158880e+001 -4.981515e+001 6.769340e-008
3.697251e+001 4.252769e-005 1.828078e-004 -1.169266e+001 -5.026162e+001 6.575645e-008
3.697251e+001 4.177745e-005 1.795829e-004 -1.179722e+001 -5.071109e+001 6.387917e-008
3.697251e+001 4.104207e-005 1.764218e-004 -1.190248e+001 -5.116355e+001 6.205941e-008
3.697251e+001 4.032123e-005 1.733233e-004 -1.200845e+001 -5.161903e+001 6.029537e-008
3.697251e+001 3.961461e-005 1.702858e-004 -1.211511e+001 -5.207754e+001 5.858522e-008
3.697251e+001 3.892189e-005 1.673081e-004 -1.222248e+001 -5.253909e+001 5.692723e-008
3.697251e+001 3.824278e-005 1.643889e-004 -1.233057e+001 -5.300369e+001 5.531965e-008
3.697251e+001 3.757697e-005 1.615269e-004 -1.243937e+001 -5.347137e+001 5.376091e-008
3.697251e+001 3.692417e-005 1.587208e-004 -1.254888e+001 -5.394212e+001 5.224933e-008
3.697251e+001 3.628412e-005 1.559695e-004 -1.265912e+001 -5.441597e+001 5.078347e-008
3.697251e+001 3.565652e-005 1.532717e-004 -1.277007e+001 -5.489294e+001 4.936178e-008
3.697251e+001 3.504111e-005 1.506263e-004 -1.288176e+001 -5.537302e+001 4.798288e-008
3.697251e+001 3.443763e-005 1.480322e-004 -1.299417e+001 -5.585624e+001 4.664537e-008
3.697251e+001 3.384582e-005 1.454883e-004 -1.310732e+001 -5.634261e+001 4.534799e-008
3.697251e+001 3.326543e-005 1.429935e-004 -1.322120e+001 -5.683215e+001 4.408935e-008
3.697251e+001 3.269621e-005 1.405467e-004 -1.333583e+001 -5.732486e+001 4.286830e-008
3.697251e+001 3.213794e-005 1.381469e-004 -1.345119e+001 -5.782076e+001 4.168355e-008
3.697251e+001 3.159037e-005 1.357931e-004 -1.356730e+001 -5.831987e+001 4.053401e-008
3.697251e+001 3.105328e-005 1.334844e-004 -1.368416e+001 -5.882220e+001 3.941853e-008
3.697251e+001 3.052644e-005 1.312197e-004 -1.380177e+001 -5.932776e+001 3.833604e-008
3.697251e+001 3.000964e-005 1.289982e-004 -1.392014e+001 -5.983657e+001 3.728557e-008
3.697251e+001 2.950266e-005 1.268190e-004 -1.403927e+001 -6.034863e+001 3.626596e-008
3.697251e+001 2.900530e-005 1.246811e-004 -1.415915e+001 -6.086397e+001 3.527634e-008
3.697251e+001 2.851736e-005 1.225836e-004 -1.427980e+001 -6.138260e+001 3.431585e-008
3.697251e+001 2.803864e-005 1.205258e-004 -1.440122e+001 -6.190453e+001 3.338335e-008
3.697251e+001 2.756894e-005 1.185068e-004 -1.452341e+001 -6.242978e+001 3.247814e-008
3.697251e+001 2.710808e-005 1.165257e-004 -1.464638e+001 -6.295835e+001 3.159930e-008
3.697251e+001 2.665587e-005 1.145819e-004 -1.477012e+001 -6.349027e+001 3.074603e-008
3.697251e+001 2.621213e-005 1.126744e-004 -1.489465e+001 -6.402555e+001 2.991753e-008
3.697251e+001 2.577669e-005 1.108027e-004 -1.501996e+001 -6.456420e+001 2.911301e-008
3.697251e+001 2.534937e-005 1.089658e-004 -1.514606e+001 -6.510624e+001 2.833174e-008
3.697251e+001 2.493001e-005 1.071632e-004 -1.527294e+001 -6.565167e+001 2.757304e-008
3.697251e+001 2.451844e-005 1.053940e-004 -1.540063e+001 -6.620052e+001 2.683617e-008
3.697251e+001 2.411450e-005 1.036576e-004 -1.552911e+001 -6.675280e+001 2.612046e-008
3.697251e+001 2.371803e-005 1.019534e-004 -1.565839e+001 -6.730853e+001 2.542528e-008
3.697251e+001 2.332889e-005 1.002806e-004 -1.578847e+001 -6.786771e+001 2.474997e-008
3.697251e+001 2.294691e-005 9.863869e-005 -1.591937e+001 -6.843036e+001 2.409397e-008
3.697251e+001 2.257196e-005 9.702694e-005 -1.605107e+001 -6.899649e+001 2.345663e-008
3.697251e+001 2.220389e-005 9.544477e-005 -1.618359e+001 -6.956613e+001 2.283742e-008
3.697251e+001 2.184256e-005 9.389158e-005 -1.631692e+001 -7.013928e+001 2.223579e-008
3.697251e+001 2.148784e-005 9.236677e-005 -1.645108e+001 -7.071596e+001 2.165120e-008
3.697251e+001 2.113958e-005 9.086977e-005 -1.658606e+001 -7.129619e+001 2.108313e-008
3.697251e+001 2.079767e-005 8.940002e-005 -1.672187e+001 -7.187997e+001 2.053108e-008
3.697251e+001 2.046196e-005 8.795698e-005 -1.685851e+001 -7.246732e+001 1.999456e-008
3.697251e+001 2.013234e-005 8.654009e-005 -1.699598e+001 -7.305826e+001 1.947313e-008
3.697251e+001 1.980869e-005 8.514883e-005 -1.713429e+001 -7.365280e+001 1.896632e-008
3.697251e+001 1.949087e-005 8.378270e-005 -1.727345e+001 -7.425096e+001 1.847367e-008
3.697251e+001 1.917879e-005 8.244119e-005 -1.741345e+001 -7.485275e+001 1.799479e-008
3.697251e+001 1.887232e-005 8.112379e-005 -1.755429e+001 -7.545818e+001 1.752927e-008
3.697251e+001 1.857134e-005 7.983005e-005 -1.769599e+001 -7.606728e+001 1.707666e-008
3.697251e+001 1.827576e-005 7.855947e-005 -1.783854e+001 -7.668005e+001 1.663662e-008
3.697251e+001 1.798547e-005 7.731161e-005 -1.798195e+001 -7.729650e+001 1.620878e-008
3.697251e+001 1.770035e-005 7.608602e-005 -1.812622e+001 -7.791666e+001 1.579277e-008
3.697251e+001 1.742031e-005 7.488224e-005 -1.827136e+001 -7.854055e+001 1.538827e-008
3.697251e+001 1.714524e-005 7.369986e-005 -1.841737e+001 -7.916816e+001 1.499485e-008
3.697251e+001 1.687505e-005 7.253844e-005 -1.856424e+001 -7.979952e+001 1.461227e-008
3.697251e+001 1.660965e-005 7.139758e-005 -1.871200e+001 -8.043465e+001 1.424019e-008
3.697251e+001 1.634893e-005 7.027688e-005 -1.886063e+001 -8.107355e+001 1.387828e-008
3.697251e+001 1.609281e-005 6.917593e-005 -1.901014e+001 -8.171625e+001 1.352628e-008
3.697251e+001 1.584120e-005 6.809436e-005 -1.916054e+001 -8.236276e+001 1.318385e-008
3.697251e+001 1.559401e-005 6.703178e-005 -1.931183e+001 -8.301309e+001 1.285076e-008
3.697251e+001 1.535114e-005 6.598782e-005 -1.946402e+001 -8.366726e+001 1.252674e-008
3.697252e+001 1.511253e-005 6.496212e-005 -1.961710e+001 -8.432528e+001 1.221147e-008
3.697252e+001 1.487808e-005 6.395433e-005 -1.977108e+001 -8.498717e+001 1.190471e-008
3.697252e+001 1.464772e-005 6.296411e-005 -1.992596e+001 -8.565294e+001 1.160628e-008
3.697252e+001 1.442136e-005 6.199110e-005 -2.008175e+001 -8.632261e+001 1.131587e-008
3.697252e+001 1.419893e-005 6.103498e-005 -2.023845e+001 -8.699620e+001 1.103327e-008
3.697252e+001 1.398036e-005 6.009543e-005 -2.039606e+001 -8.767371e+001 1.075827e-008
3.697252e+001 1.376557e-005 5.917212e-005 -2.055459e+001 -8.835517e+001 1.049063e-008
3.697252e+001 1.355448e-005 5.826474e-005 -2.071405e+001 -8.904059e+001 1.023016e-008
3.697252e+001 1.334703e-005 5.737300e-005 -2.087443e+001 -8.972998e+001 9.976623e-009
3.697252e+001 1.314314e-005 5.649658e-005 -2.103573e+001 -9.042336e+001 9.729856e-009
3.697252e+001 1.294275e-005 5.563520e-005 -2.119797e+001 -9.112075e+001 9.489644e-009
3.697252e+001 1.274580e-005 5.478858e-005 -2.136114e+001 -9.182216e+001 9.255808e-009
3.697252e+001 1.255221e-005 5.395642e-005 -2.152525e+001 -9.252761e+001 9.028179e-009
3.697252e+001 1.236192e-005 5.313847e-005 -2.169031e+001 -9.323710e+001 8.806554e-009
3.697252e+001 1.217487e-005 5.233444e-005 -2.185631e+001 -9.395067e+001 8.590798e-009
3.697252e+001 1.199101e-005 5.154407e-005 -2.202326e+001 -9.466832e+001 8.380706e-009
3.697252e+001 1.181026e-005 5.076711e-005 -2.219116e+001 -9.539006e+001 8.176145e-009
3.697252e+001 1.163257e-005 5.000331e-005 -2.236003e+001 -9.611592e+001 7.976939e-009
3.697252e+001 1.145789e-005 4.925242e-005 -2.252985e+001 -9.684591e+001 7.782971e-009
3.697252e+001 1.128615e-005 4.851419e-005 -2.270063e+001 -9.758004e+001 7.594061e-009
3.697252e+001 1.111730e-005 4.778839e-005 -2.287239e+001 -9.831834e+001 7.410087e-009
3.697252e+001 1.095129e-005 4.707479e-005 -2.304511e+001 -9.906081e+001 7.230911e-009
3.697252e+001 1.078807e-005 4.637316e-005 -2.321881e+001 -9.980747e+001 7.056382e-009
3.697252e+001 1.062757e-005 4.568327e-005 -2.339349e+001 -1.005583e+002 6.886390e-009
3.697252e+001 1.046976e-005 4.500492e-005 -2.356915e+001 -1.013134e+002 6.720782e-009
3.697252e+001 1.031459e-005 4.433788e-005 -2.374580e+001 -1.020728e+002 6.559481e-009
3.697252e+001 1.016199e-005 4.368194e-005 -2.392344e+001 -1.028363e+002 6.402329e-009
3.697252e+001 1.001193e-005 4.303691e-005 -2.410207e+001 -1.036042e+002 6.249233e-009
3.697252e+001 9.864365e-006 4.240257e-005 -2.428170e+001 -1.043764e+002 6.100060e-009
3.697252e+001 9.719239e-006 4.177874e-005 -2.446233e+001 -1.051528e+002 5.954728e-009
3.697252e+001 9.576511e-006 4.116521e-005 -2.464396e+001 -1.059336e+002 5.813109e-009
3.697252e+001 9.436138e-006 4.056181e-005 -2.482660e+001 -1.067187e+002 5.675122e-009
3.697252e+001 9.298076e-006 3.996834e-005 -2.501026e+001 -1.075081e+002 5.540652e-009
3.697252e+001 9.162283e-006 3.938463e-005 -2.519493e+001 -1.083019e+002 5.409614e-009
3.697252e+001 9.028718e-006 3.881049e-005 -2.538062e+001 -1.091001e+002 5.281903e-009
3.697252e+001 8.897340e-006 3.824576e-005 -2.556733e+001 -1.099027e+002 5.157433e-009
3.697252e+001 8.768110e-006 3.769025e-005 -2.575507e+001 -1.107097e+002 5.036116e-009
3.697252e+001 8.640988e-006 3.714381e-005 -2.594384e+001 -1.115212e+002 4.917854e-009
3.697252e+001 8.515937e-006 3.660627e-005 -2.613365e+001 -1.123371e+002 4.802601e-009
3.697252e+001 8.392918e-006 3.607747e-005 -2.632449e+001 -1.131574e+002 4.690243e-009
3.697252e+001 8.271896e-006 3.555724e-005 -2.651638e+001 -1.139823e+002 4.580715e-009
3.697252e+001 8.152834e-006 3.504545e-005 -2.670931e+001 -1.148116e+002 4.473920e-009
3.697252e+001 8.035697e-006 3.454193e-005 -2.690329e+001 -1.156454e+002 4.369826e-009
3.697252e+001 7.920451e-006 3.404654e-005 -2.709833e+001 -1.164838e+002 4.268329e-009
3.697252e+001 7.807061e-006 3.355913e-005 -2.729442e+001 -1.173267e+002 4.169361e-009
3.697252e+001 7.695495e-006 3.307955e-005 -2.749157e+001 -1.181742e+002 4.072863e-009
3.697252e+001 7.585721e-006 3.260768e-005 -2.768979e+001 -1.190262e+002 3.978761e-009
3.697252e+001 7.477705e-006 3.214337e-005 -2.788908e+001 -1.198829e+002 3.887008e-009
3.697252e+001 7.371417e-006 3.168648e-005 -2.808944e+001 -1.207442e+002 3.797519e-009
3.697252e+001 7.266826e-006 3.123689e-005 -2.829087e+001 -1.216100e+002 3.710259e-009
3.697252e+001 7.163902e-006 3.079447e-005 -2.849339e+001 -1.224806e+002 3.625136e-009
3.697252e+001 7.062616e-006 3.035908e-005 -2.869699e+001 -1.233557e+002 3.542132e-009
3.697252e+001 6.962939e-006 2.993061e-005 -2.890168e+001 -1.242356e+002 3.461157e-009
3.697252e+001 6.864842e-006 2.950894e-005 -2.910746e+001 -1.251202e+002 3.382176e-009
3.697252e+001 6.768297e-006 2.909394e-005 -2.931433e+001 -1.260094e+002 3.305140e-009
3.697252e+001 6.673278e-006 2.868549e-005 -2.952231e+001 -1.269034e+002 3.229984e-009
3.697252e+001 6.579757e-006 2.828349e-005 -2.973139e+001 -1.278022e+002 3.156671e-009
3.697252e+001 6.487709e-006 2.788781e-005 -2.994157e+001 -1.287057e+002 3.085142e-009
3.697252e+001 6.397107e-006 2.749835e-005 -3.015287e+001 -1.296139e+002 3.015358e-009
3.697252e+001 6.307927e-006 2.711501e-005 -3.036528e+001 -1.305270e+002 2.947269e-009
3.697252e+001 6.220144e-006 2.673766e-005 -3.057881e+001 -1.314449e+002 2.880838e-009
3.697252e+001 6.133733e-006 2.636622e-005 -3.079346e+001 -1.323676e+002 2.816014e-009
3.697252e+001 6.048670e-006 2.600057e-005 -3.100924e+001 -1.332951e+002 2.752758e-009
3.697252e+001 5.964933e-006 2.564062e-005 -3.122616e+001 -1.342275e+002 2.691028e-009
3.697252e+001 5.882498e-006 2.528627e-005 -3.144420e+001 -1.351648e+002 2.630791e-009
3.697252e+001 5.801343e-006 2.493742e-005 -3.166339e+001 -1.361070e+002 2.572001e-009
3.697252e+001 5.721445e-006 2.459398e-005 -3.188371e+001 -1.370541e+002 2.514626e-009
3.697252e+001 5.642784e-006 2.425585e-005 -3.210519e+001 -1.380061e+002 2.458626e-009
3.697252e+001 5.565338e-006 2.392294e-005 -3.232781e+001 -1.389631e+002 2.403969e-009
3.697252e+001 5.489086e-006 2.359517e-005 -3.255159e+001 -1.399250e+002 2.350614e-009
3.697252e+001 5.414008e-006 2.327244e-005 -3.277653e+001 -1.408919e+002 2.298532e-009
3.697252e+001 5.340083e-006 2.295467e-005 -3.300263e+001 -1.418638e+002 2.247698e-009
3.697252e+001 5.267293e-006 2.264178e-005 -3.322989e+001 -1.428407e+002 2.198066e-009
3.697252e+001 5.195617e-006 2.233367e-005 -3.345833e+001 -1.438227e+002 2.149615e-009
3.697252e+001 5.125036e-006 2.203028e-005 -3.368794e+001 -1.448097e+002 2.102315e-009
3.697252e+001 5.055534e-006 2.173152e-005 -3.391873e+001 -1.458017e+002 2.056128e-009
3.697252e+001 4.987089e-006 2.143731e-005 -3.415070e+001 -1.467989e+002 2.011041e-009
3.697252e+001 4.919686e-006 2.114757e-005 -3.438386e+001 -1.478011e+002 1.967006e-009
3.697252e+001 4.853307e-006 2.086223e-005 -3.461821e+001 -1.488085e+002 1.924022e-009
3.697252e+001 4.787934e-006 2.058122e-005 -3.485375e+001 -1.498210e+002 1.882031e-009
3.697252e+001 4.723549e-006 2.030446e-005 -3.509050e+001 -1.508386e+002 1.841043e-009
3.697252e+001 4.660138e-006 2.003189e-005 -3.532844e+001 -1.518614e+002 1.801003e-009
3.697252e+001 4.597683e-006 1.976342e-005 -3.556759e+001 -1.528895e+002 1.761901e-009
3.697252e+001 4.536168e-006 1.949899e-005 -3.580796e+001 -1.539227e+002 1.723716e-009
3.697252e+001 4.475579e-006 1.923855e-005 -3.604953e+001 -1.549611e+002 1.686414e-009
3.697252e+001 4.415898e-006 1.898200e-005 -3.629233e+001 -1.560048e+002 1.649991e-009
3.697252e+001 4.357111e-006 1.872931e-005 -3.653635e+001 -1.570537e+002 1.614404e-009
3.697252e+001 4.299204e-006 1.848039e-005 -3.678160e+001 -1.581079e+002 1.579646e-009
3.697252e+001 4.242161e-006 1.823519e-005 -3.702807e+001 -1.591674e+002 1.545692e-009
3.697252e+001 4.185969e-006 1.799364e-005 -3.727579e+001 -1.602322e+002 1.512529e-009
3.697252e+001 4.130612e-006 1.775569e-005 -3.752474e+001 -1.613024e+002 1.480127e-009
3.697252e+001 4.076078e-006 1.752127e-005 -3.777494e+001 -1.623779e+002 1.448470e-009
3.697252e+001 4.022354e-006 1.729033e-005 -3.802638e+001 -1.634587e+002 1.417536e-009
3.697252e+001 3.969424e-006 1.706281e-005 -3.827908e+001 -1.645449e+002 1.387321e-009
3.697252e+001 3.917278e-006 1.683865e-005 -3.853303e+001 -1.656366e+002 1.357797e-009
3.697252e+001 3.865901e-006 1.661781e-005 -3.878824e+001 -1.667336e+002 1.328943e-009
3.697252e+001 3.815280e-006 1.640021e-005 -3.904472e+001 -1.678361e+002 1.300755e-009
3.697252e+001 3.765405e-006 1.618582e-005 -3.930246e+001 -1.689440e+002 1.273209e-009
3.697252e+001 3.716262e-006 1.597458e-005 -3.956148e+001 -1.700574e+002 1.246288e-009
3.697252e+001 3.667840e-006 1.576643e-005 -3.982178e+001 -1.711763e+002 1.219979e-009
3.697252e+001 3.620126e-006 1.556133e-005 -4.008335e+001 -1.723007e+002 1.194272e-009
3.697252e+001 3.573110e-006 1.535923e-005 -4.034622e+001 -1.734306e+002 1.169142e-009
3.697252e+001 3.526780e-006 1.516008e-005 -4.061037e+001 -1.745661e+002 1.144579e-009
3.697252e+001 3.481125e-006 1.496383e-005 -4.087581e+001 -1.757071e+002 1.120574e-009
3.697252e+001 3.436134e-006 1.477043e-005 -4.114255e+001 -1.768537e+002 1.097109e-009
3.697252e+001 3.391797e-006 1.457984e-005 -4.141059e+001 -1.780059e+002 1.074177e-009
3.697252e+001 3.348102e-006 1.439202e-005 -4.167994e+001 -1.791638e+002 1.051758e-009
3.697252e+001 3.305039e-006 1.420691e-005 -4.195060e+001 -1.803272e+002 1.029842e-009
3.697252e+001 3.262599e-006 1.402448e-005 -4.222258e+001 -1.814963e+002 1.008414e-009
3.697252e+001 3.220771e-006 1.384468e-005 -4.249587e+001 -1.826711e+002 9.874689e-010
3.697252e+001 3.179546e-006 1.366747e-005 -4.277049e+001 -1.838515e+002 9.669911e-010
3.697252e+001 3.138913e-006 1.349281e-005 -4.304643e+001 -1.850377e+002 9.469696e-010
3.697252e+001 3.098864e-006 1.332066e-005 -4.332371e+001 -1.862296e+002 9.273973e-010
3.697252e+001 3.059389e-006 1.315097e-005 -4.360233e+001 -1.874272e+002 9.082589e-010
3.697252e+001 3.020479e-006 1.298371e-005 -4.388228e+001 -1.886306e+002 8.895390e-010
3.697252e+001 2.982125e-006 1.281885e-005 -4.416358e+001 -1.898398e+002 8.712406e-010
3.697252e+001 2.944318e-006 1.265633e-005 -4.444622e+001 -1.910548e+002 8.533439e-010
3.697252e+001 2.907050e-006 1.249613e-005 -4.473022e+001 -1.922756e+002 8.358417e-010
3.697252e+001 2.870312e-006 1.233821e-005 -4.501558e+001 -1.935022e+002 8.187281e-010
3.697252e+001 2.834095e-006 1.218253e-005 -4.530230e+001 -1.947347e+002 8.019912e-010
3.697252e+001 2.798392e-006 1.202906e-005 -4.559038e+001 -1.959730e+002 7.856224e-010
3.697252e+001 2.763194e-006 1.187776e-005 -4.587984e+001 -1.972173e+002 7.696123e-010
3.697252e+001 2.728494e-006 1.172860e-005 -4.617067e+001 -1.984674e+002 7.539515e-010
3.697252e+001 2.694283e-006 1.158154e-005 -4.646288e+001 -1.997235e+002 7.386355e-010
3.697252e+001 2.660554e-006 1.143655e-005 -4.675647e+001 -2.009855e+002 7.236559e-010
3.697252e+001 2.627300e-006 1.129361e-005 -4.705145e+001 -2.022535e+002 7.089968e-010
3.697252e+001 2.594513e-006 1.115267e-005 -4.734782e+001 -2.035275e+002 6.946604e-010
3.697252e+001 2.562185e-006 1.101371e-005 -4.764559e+001 -2.048075e+002 6.806363e-010
3.697252e+001 2.530310e-006 1.087669e-005 -4.794476e+001 -2.060935e+002 6.669163e-010
3.697252e+001 2.498881e-006 1.074159e-005 -4.824534e+001 -2.073855e+002 6.534957e-010
3.697252e+001 2.467890e-006 1.060837e-005 -4.854732e+001 -2.086836e+002 6.403628e-010
3.697252e+001 2.437331e-006 1.047701e-005 -4.885072e+001 -2.099878e+002 6.275141e-010
3.697252e+001 2.407197e-006 1.034748e-005 -4.915554e+001 -2.112981e+002 6.149444e-010
3.697252e+001 2.377482e-006 1.021975e-005 -4.946178e+001 -2.126145e+002 6.026461e-010
3.697252e+001 2.348179e-006 1.009379e-005 -4.976945e+001 -2.139370e+002 5.906091e-010
3.697252e+001 2.319282e-006 9.969572e-006 -5.007855e+001 -2.152657e+002 5.788318e-010
3.697252e+001 2.290784e-006 9.847073e-006 -5.038909e+001 -2.166005e+002 5.673087e-010
3.697252e+001 2.262680e-006 9.726265e-006 -5.070106e+001 -2.179416e+002 5.560298e-010
3.697252e+001 2.234963e-006 9.607123e-006 -5.101448e+001 -2.192888e+002 5.449935e-010
3.697252e+001 2.207628e-006 9.489621e-006 -5.132935e+001 -2.206423e+002 5.341921e-010
3.697252e+001 2.180668e-006 9.373733e-006 -5.164568e+001 -2.220021e+002 5.236205e-010
3.697252e+001 2.154078e-006 9.259436e-006 -5.196346e+001 -2.233681e+002 5.132760e-010
3.697252e+001 2.127853e-006 9.146705e-006 -5.228270e+001 -2.247404e+002 5.031489e-010
3.697252e+001 2.101986e-006 9.035515e-006 -5.260342e+001 -2.261190e+002 4.932397e-010
3.697252e+001 2.076473e-006 8.925844e-006 -5.292560e+001 -2.275039e+002 4.835401e-010
3.697252e+001 2.051307e-006 8.817670e-006 -5.324926e+001 -2.288952e+002 4.740410e-010
3.697252e+001 2.026485e-006 8.710968e-006 -5.357441e+001 -2.302928e+002 4.647472e-010
3.697252e+001 2.002000e-006 8.605717e-006 -5.390103e+001 -2.316969e+002 4.556471e-010
3.697252e+001 1.977847e-006 8.501895e-006 -5.422915e+001 -2.331073e+002 4.467398e-010
3.697252e+001 1.954021e-006 8.399479e-006 -5.455877e+001 -2.345242e+002 4.380228e-010
3.697252e+001 1.930519e-006 8.298451e-006 -5.488988e+001 -2.359475e+002 4.294823e-010
3.697252e+001 1.907333e-006 8.198788e-006 -5.522249e+001 -2.373772e+002 4.211258e-010
3.697252e+001 1.884461e-006 8.100469e-006 -5.555661e+001 -2.388135e+002 4.129412e-010
3.697252e+001 1.861897e-006 8.003476e-006 -5.589225e+001 -2.402562e+002 4.049305e-010
3.697252e+001 1.839636e-006 7.907788e-006 -5.622940e+001 -2.417055e+002 3.970824e-010
3.697252e+001 1.817675e-006 7.813385e-006 -5.656807e+001 -2.431613e+002 3.894021e-010
3.697252e+001 1.796008e-006 7.720248e-006 -5.690827e+001 -2.446237e+002 3.818791e-010
3.697252e+001 1.774631e-006 7.628359e-006 -5.725000e+001 -2.460926e+002 3.745140e-010
3.697252e+001 1.753540e-006 7.537699e-006 -5.759327e+001 -2.475681e+002 3.673017e-010
3.697252e+001 1.732731e-006 7.448250e-006 -5.793807e+001 -2.490503e+002 3.602389e-010
3.697252e+001 1.712199e-006 7.359993e-006 -5.828442e+001 -2.505391e+002 3.533220e-010
3.697252e+001 1.691941e-006 7.272912e-006 -5.863232e+001 -2.520346e+002 3.465451e-010
3.697252e+001 1.671952e-006 7.186988e-006 -5.898177e+001 -2.535367e+002 3.399118e-010
3.697252e+001 1.652229e-006 7.102205e-006 -5.933278e+001 -2.550456e+002 3.334138e-010
3.697252e+001 1.632766e-006 7.018545e-006 -5.968536e+001 -2.565611e+002 3.270500e-010
3.697252e+001 1.613562e-006 6.935993e-006 -6.003950e+001 -2.580834e+002 3.208149e-010
3.697252e+001 1.594611e-006 6.854532e-006 -6.039521e+001 -2.596125e+002 3.147094e-010
3.697252e+001 1.575910e-006 6.774146e-006 -6.075250e+001 -2.611483e+002 3.087285e-010
3.697252e+001 1.557456e-006 6.694820e-006 -6.111137e+001 -2.626909e+002 3.028683e-010
3.697252e+001 1.539245e-006 6.616537e-006 -6.147183e+001 -2.642404e+002 2.971298e-010
3.697252e+001 1.521273e-006 6.539283e-006 -6.183388e+001 -2.657967e+002 2.915085e-010
3.697252e+001 1.503536e-006 6.463043e-006 -6.219752e+001 -2.673598e+002 2.860005e-010
3.697252e+001 1.486032e-006 6.387801e-006 -6.256277e+001 -2.689299e+002 2.806050e-010
3.697252e+001 1.468758e-006 6.313543e-006 -6.292962e+001 -2.705068e+002 2.753180e-010
3.697252e+001 1.451708e-006 6.240256e-006 -6.329808e+001 -2.720906e+002 2.701386e-010
3.697252e+001 1.434881e-006 6.167924e-006 -6.366815e+001 -2.736814e+002 2.650652e-010
3.697252e+001 1.418273e-006 6.096535e-006 -6.403984e+001 -2.752791e+002 2.600927e-010
3.697252e+001 1.401882e-006 6.026073e-006 -6.441316e+001 -2.768839e+002 2.552214e-010
3.697252e+001 1.385703e-006 5.956528e-006 -6.478810e+001 -2.784956e+002 2.504471e-010
3.697252e+001 1.369734e-006 5.887884e-006 -6.516468e+001 -2.801143e+002 2.457695e-010
3.697252e+001 1.353972e-006 5.820129e-006 -6.554289e+001 -2.817401e+002 2.411859e-010
3.697252e+001 1.338413e-006 5.753250e-006 -6.592275e+001 -2.833729e+002 2.366955e-010
3.697252e+001 1.323055e-006 5.687234e-006 -6.630426e+001 -2.850129e+002 2.322939e-010
3.697252e+001 1.307896e-006 5.622070e-006 -6.668741e+001 -2.866599e+002 2.279787e-010
3.697252e+001 1.292932e-006 5.557745e-006 -6.707222e+001 -2.883140e+002 2.237525e-010
3.697252e+001 1.278160e-006 5.494247e-006 -6.745870e+001 -2.899753e+002 2.196097e-010
3.697252e+001 1.263577e-006 5.431564e-006 -6.784684e+001 -2.916438e+002 2.155491e-010
3.697252e+001 1.249182e-006 5.369684e-006 -6.823665e+001 -2.933194e+002 2.115687e-010
3.697252e+001 1.234971e-006 5.308597e-006 -6.862814e+001 -2.950022e+002 2.076678e-010
3.697252e+001 1.220942e-006 5.248291e-006 -6.902131e+001 -2.966923e+002 2.038439e-010
3.697252e+001 1.207091e-006 5.188755e-006 -6.941616e+001 -2.983896e+002 2.000965e-010
3.697252e+001 1.193418e-006 5.129978e-006 -6.981271e+001 -3.000941e+002 1.964235e-010
3.697252e+001 1.179918e-006 5.071948e-006 -7.021095e+001 -3.018060e+002 1.928232e-010
3.697252e+001 1.166590e-006 5.014656e-006 -7.061089e+001 -3.035252e+002 1.892926e-010
3.697252e+001 1.153431e-006 4.958092e-006 -7.101253e+001 -3.052517e+002 1.858326e-010
3.697252e+001 1.140439e-006 4.902244e-006 -7.141589e+001 -3.069855e+002 1.824393e-010
3.697252e+001 1.127611e-006 4.847104e-006 -7.182095e+001 -3.087267e+002 1.791116e-010
3.697252e+001 1.114946e-006 4.792661e-006 -7.222774e+001 -3.104753e+002 1.758516e-010
3.697252e+001 1.102440e-006 4.738905e-006 -7.263625e+001 -3.122313e+002 1.726543e-010
3.697252e+001 1.090092e-006 4.685826e-006 -7.304649e+001 -3.139948e+002 1.695229e-010
3.697252e+001 1.077899e-006 4.633415e-006 -7.345846e+001 -3.157657e+002 1.664482e-010
3.697252e+001 1.065860e-006 4.581663e-006 -7.387218e+001 -3.175440e+002 1.634355e-010
3.697252e+001 1.053972e-006 4.530560e-006 -7.428763e+001 -3.193299e+002 1.604811e-010
3.697252e+001 1.042232e-006 4.480099e-006 -7.470484e+001 -3.211233e+002 1.575832e-010
3.697252e+001 1.030640e-006 4.430268e-006 -7.512380e+001 -3.229242e+002 1.547436e-010
3.697252e+001 1.019193e-006 4.381061e-006 -7.554451e+001 -3.247327e+002 1.519564e-010
3.697252e+001 1.007888e-006 4.332468e-006 -7.596699e+001 -3.265487e+002 1.492244e-010
3.697252e+001 9.967243e-007 4.284480e-006 -7.639124e+001 -3.283724e+002 1.465467e-010
3.697252e+001 9.856997e-007 4.237090e-006 -7.681726e+001 -3.302036e+002 1.439188e-010
3.697252e+001 9.748120e-007 4.190289e-006 -7.724505e+001 -3.320425e+002 1.413420e-010
3.697252e+001 9.640596e-007 4.144069e-006 -7.767463e+001 -3.338891e+002 1.388141e-010
3.697252e+001 9.534405e-007 4.098422e-006 -7.810599e+001 -3.357433e+002 1.363361e-010
3.697252e+001 9.429527e-007 4.053339e-006 -7.853916e+001 -3.376053e+002 1.339066e-010
3.697252e+001 9.325946e-007 4.008814e-006 -7.897411e+001 -3.394750e+002 1.315215e-010
3.697252e+001 9.223643e-007 3.964839e-006 -7.941087e+001 -3.413525e+002 1.291840e-010
3.697252e+001 9.122601e-007 3.921405e-006 -7.984944e+001 -3.432377e+002 1.268901e-010
3.697252e+001 9.022802e-007 3.878506e-006 -8.028983e+001 -3.451307e+002 1.246413e-010
3.697252e+001 8.924232e-007 3.836135e-006 -8.073203e+001 -3.470315e+002 1.224323e-010
3.697252e+001 8.826872e-007 3.794284e-006 -8.117605e+001 -3.489402e+002 1.202675e-010
3.697252e+001 8.730705e-007 3.752946e-006 -8.162190e+001 -3.508567e+002 1.181441e-010
3.697252e+001 8.635715e-007 3.712114e-006 -8.206958e+001 -3.527810e+002 1.160604e-010
3.697252e+001 8.541887e-007 3.671782e-006 -8.251909e+001 -3.547133e+002 1.140165e-010
3.697252e+001 8.449204e-007 3.631942e-006 -8.297045e+001 -3.566535e+002 1.120110e-010
3.697252e+001 8.357652e-007 3.592587e-006 -8.342366e+001 -3.586017e+002 1.100445e-010
3.697252e+001 8.267214e-007 3.553712e-006 -8.387873e+001 -3.605578e+002 1.081138e-010
3.697252e+001 8.177876e-007 3.515309e-006 -8.433564e+001 -3.625219e+002 1.062204e-010
3.697252e+001 8.089623e-007 3.477374e-006 -8.479443e+001 -3.644940e+002 1.043618e-010
3.697252e+001 8.002440e-007 3.439897e-006 -8.525508e+001 -3.664741e+002 1.025392e-010
3.697252e+001 7.916314e-007 3.402875e-006 -8.571760e+001 -3.684623e+002 1.007498e-010
3.697252e+001 7.831229e-007 3.366301e-006 -8.618199e+001 -3.704585e+002 9.899458e-011
3.697252e+001 7.747172e-007 3.330169e-006 -8.664828e+001 -3.724629e+002 9.727257e-011
3.697252e+001 7.664128e-007 3.294472e-006 -8.711645e+001 -3.744753e+002 9.558279e-011
3.697252e+001 7.582085e-007 3.259205e-006 -8.758651e+001 -3.764959e+002 9.392338e-011
3.697252e+001 7.501029e-007 3.224363e-006 -8.805847e+001 -3.785247e+002 9.229589e-011
3.697252e+001 7.420947e-007 3.189939e-006 -8.853233e+001 -3.805616e+002 9.069891e-011
3.697252e+001 7.341825e-007 3.155928e-006 -8.900811e+001 -3.826067e+002 8.913175e-011
3.697252e+001 7.263652e-007 3.122325e-006 -8.948579e+001 -3.846601e+002 8.759333e-011
3.697252e+001 7.186414e-007 3.089124e-006 -8.996540e+001 -3.867217e+002 8.608306e-011
3.697252e+001 7.110099e-007 3.056319e-006 -9.044693e+001 -3.887916e+002 8.460164e-011
3.697252e+001 7.034694e-007 3.023906e-006 -9.093039e+001 -3.908698e+002 8.314772e-011
3.697252e+001 6.960188e-007 2.991879e-006 -9.141578e+001 -3.929563e+002 8.171973e-011
3.697252e+001 6.886569e-007 2.960234e-006 -9.190311e+001 -3.950511e+002 8.031865e-011
3.697252e+001 6.813826e-007 2.928964e-006 -9.239238e+001 -3.971543e+002 7.894287e-011
3.697252e+001 6.741946e-007 2.898066e-006 -9.288361e+001 -3.992658e+002 7.759338e-011
3.697252e+001 6.670918e-007 2.867535e-006 -9.337679e+001 -4.013858e+002 7.626774e-011
3.697252e+001 6.600731e-007 2.837364e-006 -9.387192e+001 -4.035142e+002 7.496738e-011
3.697252e+001 6.531374e-007 2.807550e-006 -9.436903e+001 -4.056510e+002 7.369080e-011
3.697252e+001 6.462835e-007 2.778089e-006 -9.486810e+001 -4.077963e+002 7.243708e-011
3.697252e+001 6.395106e-007 2.748975e-006 -9.536915e+001 -4.099501e+002 7.120572e-011
3.697252e+001 6.328174e-007 2.720204e-006 -9.587218e+001 -4.121124e+002 6.999835e-011
3.697252e+001 6.262029e-007 2.691771e-006 -9.637719e+001 -4.142832e+002 6.881216e-011
3.697252e+001 6.196661e-007 2.663672e-006 -9.688420e+001 -4.164626e+002 6.764758e-011
3.697252e+001 6.132060e-007 2.635903e-006 -9.739320e+001 -4.186506e+002 6.650444e-011
3.697252e+001 6.068216e-007 2.608459e-006 -9.790420e+001 -4.208471e+002 6.538210e-011
3.697252e+001 6.005118e-007 2.581337e-006 -9.841721e+001 -4.230524e+002 6.428034e-011
3.697252e+001 5.942758e-007 2.554531e-006 -9.893224e+001 -4.252662e+002 6.319832e-011
3.697252e+001 5.881126e-007 2.528038e-006 -9.944928e+001 -4.274887e+002 6.213531e-011
3.697252e+001 5.820213e-007 2.501854e-006 -9.996834e+001 -4.297199e+002 6.109215e-011
3.697252e+001 5.760007e-007 2.475974e-006 -1.004894e+002 -4.319599e+002 6.006849e-011
3.697252e+001 5.700503e-007 2.450396e-006 -1.010125e+002 -4.342085e+002 5.906103e-011
3.697252e+001 5.641689e-007 2.425114e-006 -1.015377e+002 -4.364660e+002 5.807459e-011
3.697252e+001 5.583556e-007 2.400125e-006 -1.020649e+002 -4.387322e+002 5.710418e-011
3.697252e+001 5.526097e-007 2.375426e-006 -1.025942e+002 -4.410073e+002 5.615129e-011
3.697252e+001 5.469303e-007 2.351013e-006 -1.031255e+002 -4.432911e+002 5.521626e-011
3.697252e+001 5.413164e-007 2.326882e-006 -1.036588e+002 -4.455838e+002 5.429684e-011
3.697252e+001 5.357674e-007 2.303028e-006 -1.041943e+002 -4.478854e+002 5.339466e-011
3.697252e+001 5.302823e-007 2.279450e-006 -1.047318e+002 -4.501959e+002 5.250811e-011
3.697252e+001 5.248603e-007 2.256144e-006 -1.052713e+002 -4.525152e+002 5.163777e-011
3.697252e+001 5.195005e-007 2.233104e-006 -1.058130e+002 -4.548436e+002 5.078358e-011
3.697252e+001 5.142023e-007 2.210330e-006 -1.063567e+002 -4.571809e+002 4.994359e-011
3.697252e+001 5.089648e-007 2.187816e-006 -1.069026e+002 -4.595272e+002 4.911879e-011
3.697252e+001 5.037873e-007 2.165560e-006 -1.074505e+002 -4.618825e+002 4.830838e-011
3.697252e+001 4.986689e-007 2.143559e-006 -1.080005e+002 -4.642468e+002 4.751359e-011
3.697252e+001 4.936091e-007 2.121808e-006 -1.085527e+002 -4.666202e+002 4.673161e-011
3.697252e+001 4.886068e-007 2.100306e-006 -1.091069e+002 -4.690027e+002 4.596403e-011
3.697252e+001 4.836616e-007 2.079049e-006 -1.096633e+002 -4.713943e+002 4.520976e-011
3.697252e+001 4.787727e-007 2.058033e-006 -1.102218e+002 -4.737950e+002 4.446854e-011
3.697252e+001 4.739392e-007 2.037256e-006 -1.107824e+002 -4.762049e+002 4.374143e-011
3.697252e+001 4.691606e-007 2.016715e-006 -1.113452e+002 -4.786239e+002 4.302617e-011
3.697252e+001 4.644361e-007 1.996407e-006 -1.119101e+002 -4.810522e+002 4.232381e-011
3.697252e+001 4.597651e-007 1.976328e-006 -1.124771e+002 -4.834896e+002 4.163351e-011
3.697252e+001 4.551470e-007 1.956477e-006 -1.130463e+002 -4.859363e+002 4.095551e-011
3.697252e+001 4.505809e-007 1.936849e-006 -1.136176e+002 -4.883923e+002 4.028945e-011
3.697252e+001 4.460664e-007 1.917443e-006 -1.141911e+002 -4.908575e+002 3.963485e-011
3.697252e+001 4.416027e-007 1.898256e-006 -1.147668e+002 -4.933321e+002 3.899194e-011
3.697252e+001 4.371891e-007 1.879284e-006 -1.153447e+002 -4.958160e+002 3.836029e-011
3.697252e+001 4.328252e-007 1.860525e-006 -1.159247e+002 -4.983093e+002 3.773955e-011
3.697252e+001 4.285101e-007 1.841977e-006 -1.165069e+002 -5.008120e+002 3.712966e-011
3.697252e+001 4.242435e-007 1.823636e-006 -1.170913e+002 -5.033240e+002 3.653034e-011
3.697252e+001 4.200245e-007 1.805501e-006 -1.176779e+002 -5.058455e+002 3.594132e-011
3.697252e+001 4.158528e-007 1.787568e-006 -1.182667e+002 -5.083765e+002 3.536279e-011
3.697252e+001 4.117276e-007 1.769836e-006 -1.188577e+002 -5.109169e+002 3.479378e-011
3.697252e+001 4.076483e-007 1.752301e-006 -1.194509e+002 -5.134669e+002 3.423516e-011
3.697252e+001 4.036146e-007 1.734962e-006 -1.200463e+002 -5.160264e+002 3.368559e-011
3.697252e+001 3.996257e-007 1.717815e-006 -1.206440e+002 -5.185953e+002 3.314573e-011
3.697252e+001 3.956811e-007 1.700859e-006 -1.212438e+002 -5.211739e+002 3.261522e-011
3.697252e+001 3.917802e-007 1.684091e-006 -1.218459e+002 -5.237621e+002 3.209447e-011
3.697252e+001 3.879226e-007 1.667509e-006 -1.224503e+002 -5.263599e+002 3.158173e-011
3.697252e+001 3.841077e-007 1.651110e-006 -1.230569e+002 -5.289673e+002 3.107822e-011
3.697252e+001 3.803349e-007 1.634892e-006 -1.236657e+002 -5.315844e+002 3.058342e-011
3.697252e+001 3.766037e-007 1.618854e-006 -1.242768e+002 -5.342113e+002 3.009706e-011
3.697252e+001 3.729138e-007 1.602992e-006 -1.248901e+002 -5.368477e+002 2.961855e-011
3.697252e+001 3.692644e-007 1.587305e-006 -1.255057e+002 -5.394940e+002 2.914907e-011
3.697252e+001 3.656552e-007 1.571791e-006 -1.261236e+002 -5.421500e+002 2.868682e-011
3.697252e+001 3.620857e-007 1.556447e-006 -1.267438e+002 -5.448158e+002 2.823271e-011
3.697252e+001 3.585552e-007 1.541271e-006 -1.273662e+002 -5.474915e+002 2.778688e-011
3.697252e+001 3.550635e-007 1.526262e-006 -1.279910e+002 -5.501769e+002 2.734797e-011
3.697252e+001 3.516100e-007 1.511417e-006 -1.286180e+002 -5.528722e+002 2.691673e-011
3.697252e+001 3.481943e-007 1.496734e-006 -1.292473e+002 -5.555774e+002 2.649249e-011
3.697252e+001 3.448158e-007 1.482212e-006 -1.298790e+002 -5.582925e+002 2.607612e-011
3.697252e+001 3.414742e-007 1.467848e-006 -1.305129e+002 -5.610176e+002 2.566605e-011
3.697252e+001 3.381691e-007 1.453640e-006 -1.311491e+002 -5.637525e+002 2.526311e-011
3.697252e+001 3.348998e-007 1.439587e-006 -1.317877e+002 -5.664974e+002 2.486709e-011
3.697252e+001 3.316661e-007 1.425687e-006 -1.324286e+002 -5.692524e+002 2.447787e-011
3.697252e+001 3.284675e-007 1.411937e-006 -1.330719e+002 -5.720174e+002 2.409555e-011
3.697252e+001 3.253035e-007 1.398337e-006 -1.337174e+002 -5.747925e+002 2.371912e-011
3.697252e+001 3.221738e-007 1.384884e-006 -1.343653e+002 -5.775776e+002 2.334886e-011
3.697252e+001 3.190779e-007 1.371576e-006 -1.350156e+002 -5.803728e+002 2.298525e-011
3.697252e+001 3.160155e-007 1.358412e-006 -1.356682e+002 -5.831782e+002 2.262734e-011
3.697252e+001 3.129862e-007 1.345390e-006 -1.363232e+002 -5.859936e+002 2.227570e-011
3.697252e+001 3.099894e-007 1.332508e-006 -1.369806e+002 -5.888193e+002 2.193010e-011
3.697252e+001 3.070249e-007 1.319765e-006 -1.376403e+002 -5.916552e+002 2.159006e-011
3.697252e+001 3.040922e-007 1.307159e-006 -1.383024e+002 -5.945013e+002 2.125560e-011
3.697252e+001 3.011910e-007 1.294688e-006 -1.389669e+002 -5.973577e+002 2.092713e-011
3.697252e+001 2.983209e-007 1.282351e-006 -1.396338e+002 -6.002244e+002 2.060374e-011
3.697252e+001 2.954816e-007 1.270146e-006 -1.403031e+002 -6.031013e+002 2.028549e-011
3.697252e+001 2.926727e-007 1.258071e-006 -1.409748e+002 -6.059885e+002 1.997280e-011
3.697252e+001 2.898938e-007 1.246126e-006 -1.416488e+002 -6.088861e+002 1.966530e-011
3.697252e+001 2.871445e-007 1.234308e-006 -1.423253e+002 -6.117941e+002 1.936317e-011
3.697252e+001 2.844245e-007 1.222616e-006 -1.430043e+002 -6.147125e+002 1.906579e-011
3.697252e+001 2.817335e-007 1.211049e-006 -1.436856e+002 -6.176412e+002 1.877285e-011
3.697252e+001 2.790711e-007 1.199604e-006 -1.443694e+002 -6.205804e+002 1.848546e-011
3.697252e+001 2.764370e-007 1.188281e-006 -1.450556e+002 -6.235302e+002 1.820273e-011
3.697252e+001 2.738308e-007 1.177078e-006 -1.457442e+002 -6.264904e+002 1.792433e-011
3.697252e+001 2.712523e-007 1.165994e-006 -1.464353e+002 -6.294611e+002 1.765054e-011
3.697252e+001 2.687010e-007 1.155027e-006 -1.471289e+002 -6.324424e+002 1.738164e-011
3.697252e+001 2.661767e-007 1.144177e-006 -1.478249e+002 -6.354342e+002 1.711655e-011
3.697252e+001 2.636791e-007 1.133440e-006 -1.485233e+002 -6.384365e+002 1.685607e-011
3.697252e+001 2.612077e-007 1.122817e-006 -1.492243e+002 -6.414496e+002 1.660030e-011
3.697252e+001 2.587625e-007 1.112306e-006 -1.499277e+002 -6.444733e+002 1.634824e-011
3.697252e+001 2.563429e-007 1.101906e-006 -1.506336e+002 -6.475077e+002 1.610018e-011
3.697252e+001 2.539488e-007 1.091614e-006 -1.513420e+002 -6.505527e+002 1.585656e-011
3.697252e+001 2.515798e-007 1.081431e-006 -1.520529e+002 -6.536085e+002 1.561667e-011
3.697252e+001 2.492357e-007 1.071355e-006 -1.527663e+002 -6.566750e+002 1.538058e-011
3.697252e+001 2.469161e-007 1.061384e-006 -1.534822e+002 -6.597523e+002 1.514872e-011
3.697252e+001 2.446207e-007 1.051517e-006 -1.542006e+002 -6.628404e+002 1.492034e-011
3.697252e+001 2.423494e-007 1.041754e-006 -1.549215e+002 -6.659393e+002 1.469539e-011
3.697252e+001 2.401017e-007 1.032092e-006 -1.556449e+002 -6.690491e+002 1.447478e-011
3.697252e+001 2.378776e-007 1.022531e-006 -1.563709e+002 -6.721696e+002 1.425683e-011
3.697252e+001 2.356765e-007 1.013070e-006 -1.570994e+002 -6.753011e+002 1.404326e-011
3.697252e+001 2.334983e-007 1.003707e-006 -1.578304e+002 -6.784436e+002 1.383279e-011
3.697252e+001 2.313429e-007 9.944413e-007 -1.585640e+002 -6.815969e+002 1.362541e-011
3.697252e+001 2.292097e-007 9.852716e-007 -1.593001e+002 -6.847612e+002 1.342212e-011
3.697252e+001 2.270986e-007 9.761970e-007 -1.600388e+002 -6.879366e+002 1.322165e-011
3.697252e+001 2.250094e-007 9.672164e-007 -1.607801e+002 -6.911230e+002 1.302441e-011
3.697252e+001 2.229418e-007 9.583288e-007 -1.615239e+002 -6.943204e+002 1.283002e-011
3.697252e+001 2.208955e-007 9.495328e-007 -1.622703e+002 -6.975289e+002 1.263934e-011
3.697252e+001 2.188704e-007 9.408276e-007 -1.630193e+002 -7.007485e+002 1.245141e-011
3.697252e+001 2.168661e-007 9.322122e-007 -1.637709e+002 -7.039792e+002 1.226648e-011
3.697252e+001 2.148824e-007 9.236852e-007 -1.645251e+002 -7.072211e+002 1.208477e-011
3.697252e+001 2.129192e-007 9.152460e-007 -1.652819e+002 -7.104741e+002 1.190557e-011
3.697252e+001 2.109761e-007 9.068935e-007 -1.660413e+002 -7.137384e+002 1.172942e-011
3.697252e+001 2.090529e-007 8.986266e-007 -1.668033e+002 -7.170139e+002 1.155605e-011
3.697252e+001 2.071495e-007 8.904445e-007 -1.675679e+002 -7.203006e+002 1.138537e-011
3.697252e+001 2.052655e-007 8.823461e-007 -1.683351e+002 -7.235986e+002 1.121751e-011
3.697252e+001 2.034008e-007 8.743305e-007 -1.691050e+002 -7.269079e+002 1.105218e-011
3.697252e+001 2.015551e-007 8.663967e-007 -1.698775e+002 -7.302286e+002 1.088960e-011
3.697252e+001 1.997282e-007 8.585438e-007 -1.706526e+002 -7.335606e+002 1.072964e-011
3.697252e+001 1.979200e-007 8.507711e-007 -1.714304e+002 -7.369039e+002 1.057189e-011
3.697252e+001 1.961301e-007 8.430773e-007 -1.722108e+002 -7.402587e+002 1.041704e-011
3.697252e+001 1.943585e-007 8.354618e-007 -1.729939e+002 -7.436249e+002 1.026436e-011
3.697252e+001 1.926049e-007 8.279237e-007 -1.737797e+002 -7.470026e+002 1.011413e-011
3.697252e+001 1.908690e-007 8.204619e-007 -1.745681e+002 -7.503917e+002 9.966432e-012
3.697252e+001 1.891507e-007 8.130756e-007 -1.753593e+002 -7.537924e+002 9.820980e-012
3.697252e+001 1.874498e-007 8.057642e-007 -1.761531e+002 -7.572046e+002 9.677726e-012
3.697252e+001 1.857660e-007 7.985265e-007 -1.769496e+002 -7.606285e+002 9.536867e-012
3.697252e+001 1.840993e-007 7.913621e-007 -1.777488e+002 -7.640638e+002 9.397925e-012
3.697252e+001 1.824495e-007 7.842700e-007 -1.785506e+002 -7.675107e+002 9.261242e-012
3.697252e+001 1.808162e-007 7.772493e-007 -1.793552e+002 -7.709693e+002 9.126958e-012
3.697252e+001 1.791993e-007 7.702991e-007 -1.801625e+002 -7.744396e+002 8.994608e-012
3.697252e+001 1.775987e-007 7.634189e-007 -1.809726e+002 -7.779216e+002 8.864321e-012
3.697252e+001 1.760142e-007 7.566076e-007 -1.817853e+002 -7.814153e+002 8.736151e-012
3.697252e+001 1.744455e-007 7.498646e-007 -1.826008e+002 -7.849208e+002 8.609948e-012
3.697252e+001 1.728926e-007 7.431892e-007 -1.834191e+002 -7.884380e+002 8.485606e-012
3.697252e+001 1.713552e-007 7.365807e-007 -1.842401e+002 -7.919671e+002 8.363154e-012
3.697252e+001 1.698332e-007 7.300382e-007 -1.850638e+002 -7.955079e+002 8.242676e-012
3.697252e+001 1.683264e-007 7.235611e-007 -1.858903e+002 -7.990605e+002 8.124007e-012
3.697252e+001 1.668346e-007 7.171486e-007 -1.867195e+002 -8.026250e+002 8.007230e-012
3.697252e+001 1.653576e-007 7.107999e-007 -1.875515e+002 -8.062015e+002 7.892430e-012
3.697252e+001 1.638954e-007 7.045144e-007 -1.883863e+002 -8.097899e+002 7.779178e-012
3.697252e+001 1.624477e-007 6.982913e-007 -1.892239e+002 -8.133903e+002 7.667779e-012
3.697252e+001 1.610144e-007 6.921300e-007 -1.900642e+002 -8.170027e+002 7.558170e-012
3.697252e+001 1.595952e-007 6.860298e-007 -1.909074e+002 -8.206270e+002 7.450065e-012
3.697252e+001 1.581902e-007 6.799901e-007 -1.917533e+002 -8.242634e+002 7.343615e-012
3.697252e+001 1.567990e-007 6.740101e-007 -1.926021e+002 -8.279119e+002 7.239005e-012
3.697252e+001 1.554216e-007 6.680893e-007 -1.934537e+002 -8.315724e+002 7.135708e-012
3.697252e+001 1.540578e-007 6.622269e-007 -1.943081e+002 -8.352450e+002 7.034327e-012
3.697252e+001 1.527075e-007 6.564223e-007 -1.951653e+002 -8.389298e+002 6.934281e-012
3.697252e+001 1.513704e-007 6.506748e-007 -1.960254e+002 -8.426269e+002 6.835961e-012
3.697252e+001 1.500465e-007 6.449841e-007 -1.968882e+002 -8.463360e+002 6.738833e-012
3.697252e+001 1.487356e-007 6.393491e-007 -1.977540e+002 -8.500575e+002 6.643467e-012
3.697252e+001 1.474376e-007 6.337696e-007 -1.986226e+002 -8.537911e+002 6.549392e-012
3.697252e+001 1.461524e-007 6.282448e-007 -1.994940e+002 -8.575370e+002 6.456802e-012
3.697252e+001 1.448797e-007 6.227741e-007 -2.003683e+002 -8.612952e+002 6.365568e-012
3.697252e+001 1.436195e-007 6.173570e-007 -2.012455e+002 -8.650658e+002 6.275773e-012
3.697252e+001 1.423716e-007 6.119927e-007 -2.021255e+002 -8.688488e+002 6.187525e-012
3.697252e+001 1.411358e-007 6.066809e-007 -2.030085e+002 -8.726441e+002 6.100358e-012
3.697252e+001 1.399122e-007 6.014209e-007 -2.038943e+002 -8.764519e+002 6.014541e-012
3.697252e+001 1.387005e-007 5.962123e-007 -2.047830e+002 -8.802720e+002 5.929954e-012
3.697252e+001 1.375005e-007 5.910543e-007 -2.056746e+002 -8.841046e+002 5.846921e-012
3.697252e+001 1.363123e-007 5.859465e-007 -2.065691e+002 -8.879497e+002 5.764833e-012
3.697252e+001 1.351355e-007 5.808881e-007 -2.074665e+002 -8.918074e+002 5.684377e-012
3.697252e+001 1.339702e-007 5.758790e-007 -2.083669e+002 -8.956777e+002 5.604736e-012
3.697252e+001 1.328162e-007 5.709184e-007 -2.092702e+002 -8.995604e+002 5.526455e-012
3.697252e+001 1.316733e-007 5.660058e-007 -2.101764e+002 -9.034558e+002 5.449324e-012
3.697252e+001 1.305415e-007 5.611406e-007 -2.110855e+002 -9.073639e+002 5.373472e-012
3.697252e+001 1.294207e-007 5.563225e-007 -2.119976e+002 -9.112846e+002 5.298544e-012
3.697252e+001 1.283106e-007 5.515511e-007 -2.129126e+002 -9.152179e+002 5.224734e-012
3.697252e+001 1.272113e-007 5.468255e-007 -2.138306e+002 -9.191639e+002 5.152239e-012
3.697252e+001 1.261226e-007 5.421455e-007 -2.147516e+002 -9.231227e+002 5.080741e-012
3.697252e+001 1.250443e-007 5.375103e-007 -2.156755e+002 -9.270944e+002 5.010405e-012
3.697252e+001 1.239763e-007 5.329198e-007 -2.166025e+002 -9.310788e+002 4.940924e-012
3.697252e+001 1.229187e-007 5.283734e-007 -2.175324e+002 -9.350760e+002 4.872536e-012
3.697252e+001 1.218711e-007 5.238705e-007 -2.184652e+002 -9.390861e+002 4.805277e-012
3.697252e+001 1.208336e-007 5.194107e-007 -2.194011e+002 -9.431091e+002 4.738919e-012
3.697252e+001 1.198061e-007 5.149938e-007 -2.203400e+002 -9.471448e+002 4.673409e-012
3.697252e+001 1.187884e-007 5.106190e-007 -2.212819e+002 -9.511935e+002 4.609042e-012
3.697252e+001 1.177804e-007 5.062861e-007 -2.222267e+002 -9.552551e+002 4.545582e-012
3.697252e+001 1.167820e-007 5.019946e-007 -2.231746e+002 -9.593296e+002 4.482996e-012
3.697252e+001 1.157932e-007 4.977439e-007 -2.241256e+002 -9.634173e+002 4.421537e-012
3.697252e+001 1.148137e-007 4.935335e-007 -2.250795e+002 -9.675180e+002 4.360964e-012
3.697252e+001 1.138435e-007 4.893632e-007 -2.260366e+002 -9.716318e+002 4.301205e-012
3.697252e+001 1.128826e-007 4.852326e-007 -2.269966e+002 -9.757586e+002 4.242195e-012
3.697252e+001 1.119308e-007 4.811411e-007 -2.279597e+002 -9.798986e+002 4.184281e-012
3.697252e+001 1.109879e-007 4.770883e-007 -2.289259e+002 -9.840519e+002 4.127215e-012
3.697252e+001 1.100540e-007 4.730740e-007 -2.298952e+002 -9.882182e+002 4.070827e-012
3.697252e+001 1.091290e-007 4.690976e-007 -2.308675e+002 -9.923978e+002 4.015302e-012
3.697252e+001 1.082127e-007 4.651589e-007 -2.318428e+002 -9.965905e+002 3.960602e-012
3.697252e+001 1.073050e-007 4.612573e-007 -2.328213e+002 -1.000797e+003 3.906723e-012
3.697252e+001 1.064059e-007 4.573924e-007 -2.338029e+002 -1.005016e+003 3.853680e-012
3.697252e+001 1.055153e-007 4.535640e-007 -2.347876e+002 -1.009249e+003 3.801353e-012
3.697252e+001 1.046331e-007 4.497716e-007 -2.357753e+002 -1.013495e+003 3.749749e-012
3.697252e+001 1.037591e-007 4.460147e-007 -2.367662e+002 -1.017754e+003 3.699086e-012
3.697252e+001 1.028933e-007 4.422932e-007 -2.377602e+002 -1.022027e+003 3.648987e-012
3.697252e+001 1.020357e-007 4.386066e-007 -2.387574e+002 -1.026313e+003 3.599621e-012
3.697252e+001 1.011861e-007 4.349544e-007 -2.397577e+002 -1.030613e+003 3.551103e-012
3.697252e+001 1.003444e-007 4.313366e-007 -2.407610e+002 -1.034926e+003 3.503026e-012
3.697252e+001 9.951067e-008 4.277526e-007 -2.417676e+002 -1.039252e+003 3.455829e-012
3.697252e+001 9.868468e-008 4.242021e-007 -2.427772e+002 -1.043593e+003 3.409359e-012
3.697252e+001 9.786640e-008 4.206846e-007 -2.437901e+002 -1.047946e+003 3.363521e-012
3.697252e+001 9.705573e-008 4.171999e-007 -2.448061e+002 -1.052314e+003 3.318389e-012
3.697252e+001 9.625261e-008 4.137477e-007 -2.458253e+002 -1.056695e+003 3.273817e-012
3.697252e+001 9.545698e-008 4.103276e-007 -2.468477e+002 -1.061090e+003 3.229886e-012
3.697252e+001 9.466871e-008 4.069392e-007 -2.478732e+002 -1.065498e+003 3.186715e-012
3.697252e+001 9.388780e-008 4.035824e-007 -2.489019e+002 -1.069920e+003 3.143935e-012
3.697252e+001 9.311413e-008 4.002567e-007 -2.499338e+002 -1.074356e+003 3.101947e-012
3.697252e+001 9.234760e-008 3.969618e-007 -2.509690e+002 -1.078805e+003 3.060594e-012
3.697252e+001 9.158818e-008 3.936973e-007 -2.520073e+002 -1.083269e+003 3.019720e-012
3.697252e+001 9.083579e-008 3.904632e-007 -2.530488e+002 -1.087746e+003 2.979440e-012
3.697252e+001 9.009034e-008 3.872588e-007 -2.540936e+002 -1.092237e+003 2.939838e-012
3.697252e+001 8.935177e-008 3.840840e-007 -2.551416e+002 -1.096742e+003 2.900709e-012
3.697252e+001 8.862001e-008 3.809385e-007 -2.561928e+002 -1.101260e+003 2.862190e-012
3.697252e+001 8.789498e-008 3.778219e-007 -2.572473e+002 -1.105793e+003 2.824222e-012
3.697252e+001 8.717661e-008 3.747339e-007 -2.583050e+002 -1.110340e+003 2.786824e-012
3.697252e+001 8.646482e-008 3.716743e-007 -2.593661e+002 -1.114901e+003 2.749971e-012
3.697252e+001 8.575959e-008 3.686428e-007 -2.604303e+002 -1.119475e+003 2.713505e-012
3.697252e+001 8.506082e-008 3.656391e-007 -2.614978e+002 -1.124064e+003 2.677660e-012
3.697252e+001 8.436842e-008 3.626628e-007 -2.625687e+002 -1.128667e+003 2.642414e-012
3.697252e+001 8.368237e-008 3.597137e-007 -2.636428e+002 -1.133284e+003 2.607526e-012
3.697252e+001 8.300260e-008 3.567917e-007 -2.647202e+002 -1.137916e+003 2.573136e-012
3.697252e+001 8.232903e-008 3.538963e-007 -2.658009e+002 -1.142561e+003 2.539280e-012
3.697252e+001 8.166161e-008 3.510274e-007 -2.668848e+002 -1.147221e+003 2.505892e-012
3.697252e+001 8.100029e-008 3.481846e-007 -2.679721e+002 -1.151894e+003 2.472914e-012
3.697252e+001 8.034498e-008 3.453678e-007 -2.690627e+002 -1.156582e+003 2.440478e-012
3.697252e+001 7.969561e-008 3.425764e-007 -2.701567e+002 -1.161285e+003 2.408569e-012
3.697252e+001 7.905216e-008 3.398105e-007 -2.712539e+002 -1.166001e+003 2.376956e-012
3.697252e+001 7.841455e-008 3.370697e-007 -2.723545e+002 -1.170732e+003 2.345848e-012
3.697252e+001 7.778272e-008 3.343537e-007 -2.734584e+002 -1.175478e+003 2.315209e-012
3.697252e+001 7.715660e-008 3.316623e-007 -2.745657e+002 -1.180237e+003 2.285009e-012
3.697252e+001 7.653616e-008 3.289953e-007 -2.756764e+002 -1.185012e+003 2.255156e-012
3.697252e+001 7.592134e-008 3.263525e-007 -2.767904e+002 -1.189800e+003 2.225769e-012
3.697252e+001 7.531207e-008 3.237335e-007 -2.779077e+002 -1.194603e+003 2.196748e-012
3.697252e+001 7.470830e-008 3.211381e-007 -2.790284e+002 -1.199421e+003 2.168224e-012
3.697252e+001 7.410995e-008 3.185661e-007 -2.801526e+002 -1.204253e+003 2.140095e-012
3.697252e+001 7.351698e-008 3.160172e-007 -2.812801e+002 -1.209100e+003 2.112340e-012
3.697252e+001 7.292936e-008 3.134913e-007 -2.824111e+002 -1.213961e+003 2.084940e-012
3.697252e+001 7.234700e-008 3.109880e-007 -2.835454e+002 -1.218837e+003 2.057948e-012
3.697252e+001 7.176990e-008 3.085073e-007 -2.846831e+002 -1.223728e+003 2.031245e-012
3.697252e+001 7.119796e-008 3.060488e-007 -2.858243e+002 -1.228633e+003 2.005027e-012
3.697252e+001 7.063113e-008 3.036122e-007 -2.869689e+002 -1.233553e+003 1.979186e-012
3.697252e+001 7.006939e-008 3.011975e-007 -2.881169e+002 -1.238488e+003 1.953607e-012
3.697252e+001 6.951268e-008 2.988045e-007 -2.892683e+002 -1.243437e+003 1.928386e-012
3.697252e+001 6.896094e-008 2.964328e-007 -2.904232e+002 -1.248402e+003 1.903588e-012
3.697252e+001 6.841408e-008 2.940821e-007 -2.915816e+002 -1.253381e+003 1.879228e-012
3.697252e+001 6.787213e-008 2.917525e-007 -2.927434e+002 -1.258375e+003 1.854973e-012
3.697252e+001 6.733501e-008 2.894436e-007 -2.939087e+002 -1.263384e+003 1.831137e-012
3.697252e+001 6.680265e-008 2.871552e-007 -2.950775e+002 -1.268408e+003 1.807735e-012
3.697252e+001 6.627504e-008 2.848873e-007 -2.962497e+002 -1.273447e+003 1.784497e-012
3.697252e+001 6.575211e-008 2.826394e-007 -2.974254e+002 -1.278501e+003 1.761695e-012
3.697252e+001 6.523382e-008 2.804115e-007 -2.986046e+002 -1.283570e+003 1.739155e-012
3.697252e+001 6.472010e-008 2.782033e-007 -2.997874e+002 -1.288654e+003 1.716998e-012
3.697252e+001 6.421094e-008 2.760146e-007 -3.009736e+002 -1.293753e+003 1.695069e-012
3.697252e+001 6.370627e-008 2.738453e-007 -3.021634e+002 -1.298868e+003 1.673495e-012
3.697252e+001 6.320609e-008 2.716952e-007 -3.033566e+002 -1.303997e+003 1.652086e-012
3.697252e+001 6.271029e-008 2.695640e-007 -3.045534e+002 -1.309141e+003 1.631153e-012
3.697252e+001 6.221890e-008 2.674517e-007 -3.057537e+002 -1.314301e+003 1.610319e-012
3.697252e+001 6.173182e-008 2.653579e-007 -3.069576e+002 -1.319476e+003 1.589936e-012
3.697252e+001 6.124902e-008 2.632826e-007 -3.081650e+002 -1.324666e+003 1.569745e-012
3.697252e+001 6.077047e-008 2.612256e-007 -3.093760e+002 -1.329871e+003 1.549872e-012
3.697252e+001 6.029614e-008 2.591866e-007 -3.105905e+002 -1.335092e+003 1.530206e-012
3.697252e+001 5.982595e-008 2.571655e-007 -3.118086e+002 -1.340328e+003 1.510903e-012
3.697252e+001 5.935987e-008 2.551620e-007 -3.130303e+002 -1.345580e+003 1.491832e-012
3.697252e+001 5.889788e-008 2.531761e-007 -3.142557e+002 -1.350847e+003 1.472999e-012
3.697252e+001 5.843993e-008 2.512076e-007 -3.154845e+002 -1.356129e+003 1.454423e-012
3.697252e+001 5.798599e-008 2.492563e-007 -3.167170e+002 -1.361427e+003 1.436066e-012
3.697252e+001 5.753603e-008 2.473221e-007 -3.179530e+002 -1.366740e+003 1.417939e-012
3.697252e+001 5.708996e-008 2.454047e-007 -3.191928e+002 -1.372069e+003 1.400197e-012
3.697252e+001 5.664780e-008 2.435040e-007 -3.204361e+002 -1.377414e+003 1.382587e-012
3.697252e+001 5.620948e-008 2.416198e-007 -3.216830e+002 -1.382774e+003 1.365235e-012
3.697252e+001 5.577498e-008 2.397521e-007 -3.229336e+002 -1.388150e+003 1.348086e-012
3.697252e+001 5.534426e-008 2.379006e-007 -3.241878e+002 -1.393541e+003 1.331202e-012
3.697252e+001 5.491726e-008 2.360652e-007 -3.254457e+002 -1.398948e+003 1.314590e-012
3.697252e+001 5.449397e-008 2.342456e-007 -3.267072e+002 -1.404371e+003 1.298128e-012
3.697252e+001 5.407436e-008 2.324419e-007 -3.279724e+002 -1.409809e+003 1.281900e-012
3.697252e+001 5.365838e-008 2.306538e-007 -3.292412e+002 -1.415263e+003 1.265892e-012
3.697252e+001 5.324598e-008 2.288811e-007 -3.305137e+002 -1.420733e+003 1.250152e-012
3.697252e+001 5.283717e-008 2.271238e-007 -3.317899e+002 -1.426219e+003 1.234512e-012
3.697252e+001 5.243188e-008 2.253816e-007 -3.330698e+002 -1.431721e+003 1.219200e-012
3.697252e+001 5.203009e-008 2.236545e-007 -3.343533e+002 -1.437238e+003 1.204018e-012
3.697252e+001 5.163175e-008 2.219422e-007 -3.356406e+002 -1.442772e+003 1.189072e-012
3.697252e+001 5.123685e-008 2.202447e-007 -3.369316e+002 -1.448321e+003 1.174297e-012
3.697252e+001 5.084533e-008 2.185617e-007 -3.382263e+002 -1.453886e+003 1.159796e-012
3.697252e+001 5.045720e-008 2.168933e-007 -3.395247e+002 -1.459468e+003 1.145374e-012
3.697252e+001 5.007237e-008 2.152391e-007 -3.408269e+002 -1.465065e+003 1.131247e-012
3.697252e+001 4.969086e-008 2.135992e-007 -3.421328e+002 -1.470679e+003 1.117253e-012
3.697252e+001 4.931260e-008 2.119732e-007 -3.434425e+002 -1.476308e+003 1.103469e-012
3.697252e+001 4.893759e-008 2.103612e-007 -3.447558e+002 -1.481954e+003 1.089840e-012
3.697252e+001 4.856579e-008 2.087630e-007 -3.460730e+002 -1.487616e+003 1.076408e-012
3.697252e+001 4.819715e-008 2.071784e-007 -3.473940e+002 -1.493294e+003 1.063189e-012
3.697252e+001 4.783166e-008 2.056073e-007 -3.487187e+002 -1.498988e+003 1.050093e-012
3.697252e+001 4.746929e-008 2.040496e-007 -3.500472e+002 -1.504699e+003 1.037155e-012
3.697252e+001 4.711001e-008 2.025052e-007 -3.513795e+002 -1.510426e+003 1.024455e-012
3.697252e+001 4.675377e-008 2.009739e-007 -3.527156e+002 -1.516169e+003 1.011897e-012
3.697252e+001 4.640057e-008 1.994556e-007 -3.540555e+002 -1.521929e+003 9.994958e-013
3.697252e+001 4.605036e-008 1.979503e-007 -3.553992e+002 -1.527705e+003 9.872652e-013
3.697252e+001 4.570313e-008 1.964577e-007 -3.567467e+002 -1.533497e+003 9.751765e-013
3.697252e+001 4.535884e-008 1.949777e-007 -3.580981e+002 -1.539306e+003 9.632437e-013
3.697252e+001 4.501747e-008 1.935103e-007 -3.594532e+002 -1.545131e+003 9.514903e-013
3.697252e+001 4.467899e-008 1.920553e-007 -3.608123e+002 -1.550973e+003 9.398898e-013
3.697252e+001 4.434336e-008 1.906126e-007 -3.621752e+002 -1.556832e+003 9.284618e-013
3.697252e+001 4.401058e-008 1.891821e-007 -3.635418e+002 -1.562707e+003 9.171047e-013
3.697252e+001 4.368060e-008 1.877637e-007 -3.649124e+002 -1.568598e+003 9.059638e-013
3.697252e+001 4.335340e-008 1.863572e-007 -3.662869e+002 -1.574506e+003 8.949913e-013
3.697252e+001 4.302897e-008 1.849626e-007 -3.676652e+002 -1.580431e+003 8.840594e-013
3.697252e+001 4.270726e-008 1.835798e-007 -3.690473e+002 -1.586372e+003 8.733659e-013
3.697252e+001 4.238825e-008 1.822085e-007 -3.704335e+002 -1.592331e+003 8.627999e-013
3.697252e+001 4.207191e-008 1.808487e-007 -3.718235e+002 -1.598306e+003 8.523729e-013
3.697252e+001 4.175823e-008 1.795003e-007 -3.732174e+002 -1.604298e+003 8.420663e-013
3.697252e+001 4.144717e-008 1.781632e-007 -3.746153e+002 -1.610307e+003 8.319057e-013
3.697252e+001 4.113871e-008 1.768372e-007 -3.760171e+002 -1.616332e+003 8.218662e-013
3.697252e+001 4.083283e-008 1.755224e-007 -3.774229e+002 -1.622375e+003 8.119423e-013
3.697252e+001 4.052952e-008 1.742186e-007 -3.788325e+002 -1.628434e+003 8.021464e-013
3.697252e+001 4.022874e-008 1.729257e-007 -3.802461e+002 -1.634511e+003 7.924900e-013
3.697252e+001 3.993047e-008 1.716435e-007 -3.816636e+002 -1.640604e+003 7.829614e-013
3.697252e+001 3.963468e-008 1.703721e-007 -3.830851e+002 -1.646715e+003 7.735574e-013
3.697252e+001 3.934136e-008 1.691112e-007 -3.845105e+002 -1.652842e+003 7.642603e-013
3.697252e+001 3.905049e-008 1.678609e-007 -3.859399e+002 -1.658986e+003 7.550643e-013
3.697252e+001 3.876203e-008 1.666209e-007 -3.873733e+002 -1.665148e+003 7.460652e-013
3.697252e+001 3.847596e-008 1.653913e-007 -3.888107e+002 -1.671326e+003 7.371004e-013
3.697252e+001 3.819227e-008 1.641718e-007 -3.902521e+002 -1.677522e+003 7.283061e-013
3.697252e+001 3.791094e-008 1.629625e-007 -3.916974e+002 -1.683735e+003 7.195618e-013
3.697252e+001 3.763192e-008 1.617631e-007 -3.931468e+002 -1.689965e+003 7.110056e-013
3.697252e+001 3.735522e-008 1.605737e-007 -3.946002e+002 -1.696213e+003 7.025174e-013
3.697252e+001 3.708081e-008 1.593941e-007 -3.960576e+002 -1.702478e+003 6.941387e-013
3.697252e+001 3.680866e-008 1.582242e-007 -3.975191e+002 -1.708760e+003 6.858919e-013
3.697252e+001 3.653876e-008 1.570641e-007 -3.989845e+002 -1.715059e+003 6.777079e-013
3.697252e+001 3.627108e-008 1.559134e-007 -4.004541e+002 -1.721376e+003 6.696771e-013
3.697252e+001 3.600561e-008 1.547723e-007 -4.019276e+002 -1.727710e+003 6.617031e-013
3.697252e+001 3.574233e-008 1.536406e-007 -4.034053e+002 -1.734062e+003 6.538594e-013
3.697252e+001 3.548120e-008 1.525181e-007 -4.048870e+002 -1.740431e+003 6.461313e-013
3.697252e+001 3.522223e-008 1.514049e-007 -4.063727e+002 -1.746818e+003 6.384392e-013
3.697252e+001 3.496536e-008 1.503007e-007 -4.078627e+002 -1.753222e+003 6.309325e-013
3.697252e+001 3.471061e-008 1.492057e-007 -4.093566e+002 -1.759644e+003 6.234652e-013
3.697252e+001 3.445795e-008 1.481196e-007 -4.108547e+002 -1.766084e+003 6.160805e-013
3.697252e+001 3.420735e-008 1.470424e-007 -4.123569e+002 -1.772541e+003 6.088356e-013
3.697252e+001 3.395882e-008 1.459740e-007 -4.138631e+002 -1.779016e+003 6.016312e-013
3.697252e+001 3.371230e-008 1.449144e-007 -4.153735e+002 -1.785508e+003 5.945686e-013
3.697252e+001 3.346780e-008 1.438634e-007 -4.168880e+002 -1.792018e+003 5.875574e-013
3.697252e+001 3.322530e-008 1.428210e-007 -4.184066e+002 -1.798546e+003 5.806251e-013
3.697252e+001 3.298476e-008 1.417870e-007 -4.199294e+002 -1.805092e+003 5.738497e-013
3.697252e+001 3.274620e-008 1.407615e-007 -4.214562e+002 -1.811655e+003 5.670701e-013
3.697252e+001 3.250957e-008 1.397444e-007 -4.229873e+002 -1.818237e+003 5.604392e-013
3.697252e+001 3.227486e-008 1.387355e-007 -4.245226e+002 -1.824836e+003 5.538884e-013
3.697252e+001 3.204206e-008 1.377347e-007 -4.260620e+002 -1.831453e+003 5.474073e-013
3.697252e+001 3.181113e-008 1.367421e-007 -4.276057e+002 -1.838089e+003 5.410260e-013
3.697252e+001 3.158209e-008 1.357575e-007 -4.291534e+002 -1.844742e+003 5.346757e-013
3.697252e+001 3.135489e-008 1.347809e-007 -4.307054e+002 -1.851413e+003 5.284525e-013
3.697252e+001 3.112953e-008 1.338122e-007 -4.322616e+002 -1.858103e+003 5.222828e-013
3.697252e+001 3.090601e-008 1.328513e-007 -4.338219e+002 -1.864810e+003 5.161787e-013
3.697252e+001 3.068429e-008 1.318983e-007 -4.353865e+002 -1.871535e+003 5.101708e-013
3.697252e+001 3.046434e-008 1.309528e-007 -4.369554e+002 -1.878279e+003 5.042770e-013
3.697252e+001 3.024615e-008 1.300149e-007 -4.385286e+002 -1.885042e+003 4.984301e-013
3.697252e+001 3.002973e-008 1.290846e-007 -4.401059e+002 -1.891822e+003 4.926296e-013
3.697252e+001 2.981505e-008 1.281618e-007 -4.416876e+002 -1.898621e+003 4.869164e-013
3.697252e+001 2.960209e-008 1.272464e-007 -4.432735e+002 -1.905438e+003 4.812899e-013
3.697252e+001 2.939086e-008 1.263384e-007 -4.448636e+002 -1.912273e+003 4.756879e-013
3.697252e+001 2.918133e-008 1.254377e-007 -4.464578e+002 -1.919126e+003 4.701574e-013
3.697252e+001 2.897348e-008 1.245442e-007 -4.480564e+002 -1.925998e+003 4.647283e-013
3.697252e+001 2.876728e-008 1.236579e-007 -4.496593e+002 -1.932888e+003 4.593793e-013
3.697252e+001 2.856272e-008 1.227786e-007 -4.512666e+002 -1.939797e+003 4.541169e-013
3.697252e+001 2.835981e-008 1.219064e-007 -4.528781e+002 -1.946724e+003 4.488425e-013
3.697252e+001 2.815849e-008 1.210410e-007 -4.544941e+002 -1.953671e+003 4.437418e-013
3.697252e+001 2.795881e-008 1.201826e-007 -4.561143e+002 -1.960635e+003 4.385719e-013
3.697252e+001 2.776072e-008 1.193311e-007 -4.577387e+002 -1.967618e+003 4.335358e-013
3.697252e+001 2.756419e-008 1.184863e-007 -4.593676e+002 -1.974620e+003 4.285845e-013
3.697252e+001 2.736923e-008 1.176483e-007 -4.610009e+002 -1.981640e+003 4.236620e-013
3.697252e+001 2.717582e-008 1.168169e-007 -4.626384e+002 -1.988679e+003 4.187933e-013
3.697252e+001 2.698395e-008 1.159922e-007 -4.642802e+002 -1.995737e+003 4.139852e-013
3.697252e+001 2.679361e-008 1.151739e-007 -4.659265e+002 -2.002813e+003 4.092637e-013
3.697252e+001 2.660478e-008 1.143623e-007 -4.675770e+002 -2.009908e+003 4.045541e-013
3.697252e+001 2.641744e-008 1.135570e-007 -4.692320e+002 -2.017022e+003 3.999461e-013
3.697252e+001 2.623158e-008 1.127580e-007 -4.708914e+002 -2.024155e+003 3.954094e-013
3.697252e+001 2.604719e-008 1.119654e-007 -4.725552e+002 -2.031307e+003 3.908769e-013
3.697252e+001 2.586426e-008 1.111791e-007 -4.742234e+002 -2.038478e+003 3.864304e-013
3.697252e+001 2.568277e-008 1.103989e-007 -4.758960e+002 -2.045668e+003 3.820440e-013
3.697252e+001 2.550272e-008 1.096250e-007 -4.775730e+002 -2.052877e+003 3.776832e-013
3.697252e+001 2.532407e-008 1.088571e-007 -4.792545e+002 -2.060105e+003 3.734066e-013
3.697252e+001 2.514684e-008 1.080952e-007 -4.809404e+002 -2.067351e+003 3.691595e-013
3.697252e+001 2.497101e-008 1.073394e-007 -4.826307e+002 -2.074617e+003 3.649683e-013
3.697252e+001 2.479655e-008 1.065895e-007 -4.843255e+002 -2.081903e+003 3.608314e-013
3.697252e+001 2.462348e-008 1.058455e-007 -4.860247e+002 -2.089206e+003 3.567316e-013
3.697252e+001 2.445175e-008 1.051073e-007 -4.877284e+002 -2.096530e+003 3.527121e-013
3.697252e+001 2.428137e-008 1.043749e-007 -4.894366e+002 -2.103873e+003 3.487263e-013
3.697252e+001 2.411233e-008 1.036483e-007 -4.911492e+002 -2.111234e+003 3.447722e-013
3.697252e+001 2.394460e-008 1.029273e-007 -4.928663e+002 -2.118616e+003 3.409012e-013
3.697252e+001 2.377819e-008 1.022120e-007 -4.945880e+002 -2.126017e+003 3.370568e-013
3.697252e+001 2.361309e-008 1.015023e-007 -4.963141e+002 -2.133436e+003 3.332413e-013
3.697252e+001 2.344926e-008 1.007981e-007 -4.980448e+002 -2.140876e+003 3.295119e-013
3.697252e+001 2.328672e-008 1.000994e-007 -4.997800e+002 -2.148334e+003 3.257925e-013
3.697252e+001 2.312544e-008 9.940611e-008 -5.015197e+002 -2.155813e+003 3.221408e-013
3.697252e+001 2.296542e-008 9.871826e-008 -5.032639e+002 -2.163310e+003 3.185120e-013
3.697252e+001 2.280664e-008 9.803574e-008 -5.050127e+002 -2.170828e+003 3.149522e-013
3.697252e+001 2.264911e-008 9.735857e-008 -5.067659e+002 -2.178364e+003 3.114008e-013
