Solution of SBHB orbit

v_0 = 1.200000e+000, A = 0.500000, B = 0.500000, delta = 1.000000e-008

       t           rx             ry            vx             vy             2h
2.000000e-003 9.999995e-001 2.399461e-003 -4.998865e-004 1.199461e+000 2.000000e-003
7.307840e-002 9.993373e-001 8.695026e-002 -1.805591e-002 1.179306e+000 7.107840e-002
1.490691e-001 9.972731e-001 1.756819e-001 -3.611748e-002 1.155673e+000 7.599068e-002
2.285220e-001 9.936903e-001 2.664495e-001 -5.384387e-002 1.128785e+000 7.945293e-002
3.123884e-001 9.884453e-001 3.598495e-001 -7.093955e-002 1.098213e+000 8.386637e-002
4.009134e-001 9.814410e-001 4.555608e-001 -8.694147e-002 1.063804e+000 8.852506e-002
4.936911e-001 9.726881e-001 5.525066e-001 -1.013354e-001 1.025733e+000 9.277767e-002
5.905003e-001 9.622552e-001 6.498089e-001 -1.137653e-001 9.841680e-001 9.680915e-002
6.921250e-001 9.501464e-001 7.475350e-001 -1.240883e-001 9.388391e-001 1.016248e-001
8.004596e-001 9.362364e-001 8.465527e-001 -1.322390e-001 8.889036e-001 1.083345e-001
9.180004e-001 9.203215e-001 9.477724e-001 -1.380639e-001 8.331350e-001 1.175408e-001
1.036568e+000 9.037448e-001 1.043151e+000 -1.411066e-001 7.755032e-001 1.185677e-001
1.146274e+000 8.882142e-001 1.125259e+000 -1.416904e-001 7.212548e-001 1.097060e-001
1.251332e+000 8.733773e-001 1.198281e+000 -1.404952e-001 6.688184e-001 1.050584e-001
1.355579e+000 8.588574e-001 1.265287e+000 -1.378508e-001 6.167354e-001 1.042469e-001
1.459827e+000 8.446782e-001 1.326883e+000 -1.339945e-001 5.651065e-001 1.042480e-001
1.567220e+000 8.305475e-001 1.384760e+000 -1.290182e-001 5.130027e-001 1.073928e-001
1.681175e+000 8.161858e-001 1.440157e+000 -1.229297e-001 4.596347e-001 1.139546e-001
1.797644e+000 8.022581e-001 1.490644e+000 -1.161717e-001 4.078580e-001 1.164688e-001
1.914125e+000 7.891328e-001 1.535299e+000 -1.091734e-001 3.594679e-001 1.164818e-001
2.030663e+000 7.768186e-001 1.574551e+000 -1.021807e-001 3.148282e-001 1.165371e-001
2.140885e+000 7.659130e-001 1.607092e+000 -9.574362e-002 2.762225e-001 1.102222e-001
2.244780e+000 7.562700e-001 1.634040e+000 -8.993275e-002 2.430311e-001 1.038954e-001
2.344825e+000 7.475406e-001 1.656874e+000 -8.462717e-002 2.138994e-001 1.000449e-001
2.442907e+000 7.394828e-001 1.676558e+000 -7.972962e-002 1.878893e-001 9.808237e-002
2.540322e+000 7.319404e-001 1.693699e+000 -7.517476e-002 1.643903e-001 9.741448e-002
2.637741e+000 7.248262e-001 1.708657e+000 -7.092875e-002 1.430420e-001 9.741957e-002
2.735397e+000 7.180951e-001 1.721662e+000 -6.697636e-002 1.236257e-001 9.765510e-002
2.833955e+000 7.116783e-001 1.732957e+000 -6.328469e-002 1.058688e-001 9.855847e-002
2.933914e+000 7.055274e-001 1.742711e+000 -5.983104e-002 8.957546e-002 9.995870e-002
3.035664e+000 6.996064e-001 1.751051e+000 -5.659887e-002 7.459694e-002 1.017507e-001
3.139530e+000 6.938870e-001 1.758070e+000 -5.357563e-002 6.081560e-002 1.038660e-001
3.245790e+000 6.883464e-001 1.763847e+000 -5.075132e-002 4.813459e-002 1.062600e-001
3.354694e+000 6.829651e-001 1.768442e+000 -4.811761e-002 3.647140e-002 1.089040e-001
3.466475e+000 6.777258e-001 1.771909e+000 -4.566727e-002 2.575353e-002 1.117807e-001
3.581357e+000 6.726123e-001 1.774292e+000 -4.339377e-002 1.591568e-002 1.148821e-001
3.699564e+000 6.676093e-001 1.775630e+000 -4.129101e-002 6.897741e-003 1.182071e-001
3.821325e+000 6.627019e-001 1.775957e+000 -3.935319e-002 -1.356490e-003 1.217609e-001
3.946879e+000 6.578748e-001 1.775304e+000 -3.757466e-002 -8.900234e-003 1.255541e-001
4.076482e+000 6.531126e-001 1.773695e+000 -3.594990e-002 -1.578432e-002 1.296023e-001
4.210407e+000 6.483990e-001 1.771152e+000 -3.447350e-002 -2.205762e-002 1.339258e-001
4.348958e+000 6.437172e-001 1.767692e+000 -3.314012e-002 -2.776728e-002 1.385501e-001
4.492464e+000 6.390493e-001 1.763326e+000 -3.194453e-002 -3.295902e-002 1.435065e-001
4.641297e+000 6.343761e-001 1.758062e+000 -3.088163e-002 -3.767718e-002 1.488325e-001
4.795870e+000 6.296770e-001 1.751899e+000 -2.994648e-002 -4.196494e-002 1.545730e-001
4.956651e+000 6.249295e-001 1.744832e+000 -2.913436e-002 -4.586433e-002 1.607812e-001
5.124172e+000 6.201090e-001 1.736844e+000 -2.844086e-002 -4.941648e-002 1.675212e-001
5.299043e+000 6.151882e-001 1.727913e+000 -2.786192e-002 -5.266173e-002 1.748709e-001
5.481970e+000 6.101363e-001 1.718001e+000 -2.739393e-002 -5.563991e-002 1.829271e-001
5.673783e+000 6.049183e-001 1.707059e+000 -2.703390e-002 -5.839069e-002 1.918127e-001
5.875470e+000 5.994935e-001 1.695019e+000 -2.677959e-002 -6.095405e-002 2.016872e-001
6.088235e+000 5.938137e-001 1.681789e+000 -2.662977e-002 -6.337096e-002 2.127646e-001
6.313577e+000 5.878200e-001 1.667244e+000 -2.658461e-002 -6.568445e-002 2.253425e-001
6.553430e+000 5.814383e-001 1.651215e+000 -2.664621e-002 -6.794123e-002 2.398532e-001
6.810388e+000 5.745713e-001 1.633464e+000 -2.681961e-002 -7.019447e-002 2.569578e-001
7.088111e+000 5.670843e-001 1.613646e+000 -2.711445e-002 -7.250865e-002 2.777232e-001
7.392049e+000 5.587800e-001 1.591233e+000 -2.754817e-002 -7.496846e-002 3.039379e-001
7.730317e+000 5.493627e-001 1.565414e+000 -2.815140e-002 -7.769277e-002 3.382682e-001
8.109367e+000 5.385423e-001 1.535376e+000 -2.896441e-002 -8.081328e-002 3.790496e-001
8.469408e+000 5.279557e-001 1.505727e+000 -2.986398e-002 -8.391610e-002 3.600406e-001
8.803049e+000 5.178373e-001 1.477225e+000 -3.080798e-002 -8.696778e-002 3.336416e-001
9.117699e+000 5.079903e-001 1.449382e+000 -3.179924e-002 -9.004539e-002 3.146503e-001
9.417365e+000 4.983076e-001 1.421933e+000 -3.284065e-002 -9.319516e-002 2.996660e-001
9.704269e+000 4.887309e-001 1.394734e+000 -3.393470e-002 -9.644695e-002 2.869040e-001
9.979726e+000 4.792274e-001 1.367708e+000 -3.508375e-002 -9.982215e-002 2.754569e-001
1.024457e+001 4.697784e-001 1.340812e+000 -3.629028e-002 -1.033375e-001 2.648412e-001
1.049935e+001 4.603730e-001 1.314022e+000 -3.755693e-002 -1.070071e-001 2.547874e-001
1.074450e+001 4.510057e-001 1.287326e+000 -3.888651e-002 -1.108437e-001 2.451404e-001
1.098030e+001 4.416738e-001 1.260722e+000 -4.028209e-002 -1.148593e-001 2.358089e-001
1.120704e+001 4.323767e-001 1.234209e+000 -4.174692e-002 -1.190657e-001 2.267379e-001
1.142494e+001 4.231152e-001 1.207792e+000 -4.328447e-002 -1.234743e-001 2.178942e-001
1.163419e+001 4.138913e-001 1.181477e+000 -4.489842e-002 -1.280970e-001 2.092578e-001
1.183501e+001 4.047074e-001 1.155274e+000 -4.659264e-002 -1.329457e-001 2.008163e-001
1.202757e+001 3.955667e-001 1.129191e+000 -4.837117e-002 -1.380328e-001 1.925625e-001
1.221207e+001 3.864730e-001 1.103240e+000 -5.023825e-002 -1.433708e-001 1.844922e-001
1.238867e+001 3.774304e-001 1.077433e+000 -5.219826e-002 -1.489726e-001 1.766035e-001
1.255756e+001 3.684433e-001 1.051784e+000 -5.425574e-002 -1.548516e-001 1.688957e-001
1.271893e+001 3.595166e-001 1.026305e+000 -5.641537e-002 -1.610212e-001 1.613692e-001
1.287296e+001 3.506554e-001 1.001013e+000 -5.868194e-002 -1.674953e-001 1.540251e-001
1.301982e+001 3.418653e-001 9.759234e-001 -6.106032e-002 -1.742881e-001 1.468649e-001
1.315971e+001 3.331518e-001 9.510517e-001 -6.355550e-002 -1.814139e-001 1.398908e-001
1.329282e+001 3.245209e-001 9.264154e-001 -6.617248e-002 -1.888869e-001 1.331051e-001
1.341933e+001 3.159787e-001 9.020318e-001 -6.891631e-002 -1.967218e-001 1.265104e-001
1.353944e+001 3.075313e-001 8.779187e-001 -7.179205e-002 -2.049329e-001 1.201095e-001
1.365334e+001 2.991851e-001 8.540939e-001 -7.480472e-002 -2.135348e-001 1.139054e-001
1.376125e+001 2.909463e-001 8.305755e-001 -7.795933e-002 -2.225417e-001 1.079010e-001
1.386334e+001 2.828210e-001 8.073812e-001 -8.126080e-002 -2.319676e-001 1.020990e-001
1.395985e+001 2.748153e-001 7.845281e-001 -8.471396e-002 -2.418265e-001 9.650221e-002
1.405096e+001 2.669352e-001 7.620331e-001 -8.832357e-002 -2.521319e-001 9.111299e-002
1.413689e+001 2.591860e-001 7.399119e-001 -9.209425e-002 -2.628971e-001 8.593337e-002
1.421786e+001 2.515729e-001 7.181793e-001 -9.603052e-002 -2.741349e-001 8.096489e-002
1.429407e+001 2.441008e-001 6.968489e-001 -1.001368e-001 -2.858579e-001 7.620852e-002
1.436573e+001 2.367738e-001 6.759326e-001 -1.044173e-001 -2.980784e-001 7.166458e-002
1.443306e+001 2.295956e-001 6.554410e-001 -1.088764e-001 -3.108084e-001 6.733264e-002
1.449628e+001 2.225692e-001 6.353828e-001 -1.135181e-001 -3.240598e-001 6.321146e-002
1.455557e+001 2.156970e-001 6.157647e-001 -1.183465e-001 -3.378441e-001 5.929898e-002
1.461117e+001 2.089807e-001 5.965917e-001 -1.233656e-001 -3.521730e-001 5.559228e-002
1.466325e+001 2.024214e-001 5.778669e-001 -1.285796e-001 -3.670581e-001 5.208756e-002
1.471203e+001 1.960195e-001 5.595913e-001 -1.339925e-001 -3.825111e-001 4.878018e-002
1.475770e+001 1.897748e-001 5.417642e-001 -1.396086e-001 -3.985439e-001 4.566472e-002
1.480043e+001 1.836863e-001 5.243833e-001 -1.454320e-001 -4.151687e-001 4.273497e-002
1.484042e+001 1.777527e-001 5.074446e-001 -1.514670e-001 -4.323975e-001 3.998410e-002
1.487782e+001 1.719722e-001 4.909428e-001 -1.577180e-001 -4.502430e-001 3.740467e-002
1.491281e+001 1.663426e-001 4.748716e-001 -1.641894e-001 -4.687176e-001 3.498877e-002
1.494554e+001 1.608612e-001 4.592238e-001 -1.708854e-001 -4.878335e-001 3.272814e-002
1.497615e+001 1.555255e-001 4.439915e-001 -1.778103e-001 -5.076028e-001 3.061424e-002
1.500479e+001 1.503325e-001 4.291668e-001 -1.849680e-001 -5.280366e-001 2.863845e-002
1.503158e+001 1.452793e-001 4.147415e-001 -1.923621e-001 -5.491452e-001 2.679212e-002
1.505665e+001 1.403633e-001 4.007075e-001 -1.999956e-001 -5.709373e-001 2.506678e-002
1.508011e+001 1.355818e-001 3.870573e-001 -2.078709e-001 -5.934198e-001 2.345416e-002
1.510205e+001 1.309321e-001 3.737836e-001 -2.159896e-001 -6.165971e-001 2.194639e-002
1.512259e+001 1.264120e-001 3.608800e-001 -2.243524e-001 -6.404712e-001 2.053603e-002
1.514180e+001 1.220194e-001 3.483402e-001 -2.329589e-001 -6.650411e-001 1.921617e-002
1.515978e+001 1.177524e-001 3.361589e-001 -2.418077e-001 -6.903029e-001 1.798044e-002
1.517661e+001 1.136092e-001 3.243310e-001 -2.508966e-001 -7.162496e-001 1.682308e-002
1.519235e+001 1.095881e-001 3.128518e-001 -2.602219e-001 -7.428717e-001 1.573883e-002
1.520707e+001 1.056876e-001 3.017167e-001 -2.697797e-001 -7.701572e-001 1.472298e-002
1.522084e+001 1.019060e-001 2.909212e-001 -2.795648e-001 -7.980920e-001 1.377126e-002
1.523372e+001 9.824179e-002 2.804607e-001 -2.895721e-001 -8.266607e-001 1.287977e-002
1.524577e+001 9.469324e-002 2.703304e-001 -2.997957e-001 -8.558471e-001 1.204494e-002
1.525703e+001 9.125860e-002 2.605253e-001 -3.102298e-001 -8.856343e-001 1.126345e-002
1.526756e+001 8.793599e-002 2.510400e-001 -3.208685e-001 -9.160059e-001 1.053217e-002
1.527741e+001 8.472341e-002 2.418688e-001 -3.317063e-001 -9.469457e-001 9.848170e-003
1.528662e+001 8.161877e-002 2.330058e-001 -3.427378e-001 -9.784386e-001 9.208641e-003
1.529523e+001 7.861985e-002 2.244446e-001 -3.539580e-001 -1.010470e+000 8.610908e-003
1.530328e+001 7.572435e-002 2.161786e-001 -3.653626e-001 -1.043028e+000 8.052421e-003
1.531081e+001 7.292988e-002 2.082010e-001 -3.769473e-001 -1.076100e+000 7.530742e-003
1.531786e+001 7.023397e-002 2.005048e-001 -3.887088e-001 -1.109677e+000 7.043555e-003
1.532444e+001 6.763412e-002 1.930827e-001 -4.006440e-001 -1.143750e+000 6.588655e-003
1.533061e+001 6.512775e-002 1.859276e-001 -4.127505e-001 -1.178312e+000 6.163957e-003
1.533638e+001 6.271229e-002 1.790320e-001 -4.250263e-001 -1.213357e+000 5.767486e-003
1.534177e+001 6.038513e-002 1.723885e-001 -4.374698e-001 -1.248881e+000 5.397385e-003
1.534682e+001 5.814364e-002 1.659895e-001 -4.500800e-001 -1.284881e+000 5.051902e-003
1.535155e+001 5.598522e-002 1.598277e-001 -4.628561e-001 -1.321354e+000 4.729394e-003
1.535598e+001 5.390726e-002 1.538956e-001 -4.757979e-001 -1.358301e+000 4.428319e-003
1.536013e+001 5.190719e-002 1.481858e-001 -4.889054e-001 -1.395720e+000 4.147234e-003
1.536401e+001 4.998245e-002 1.426911e-001 -5.021789e-001 -1.433614e+000 3.884789e-003
1.536765e+001 4.813052e-002 1.374042e-001 -5.156191e-001 -1.471983e+000 3.639720e-003
1.537106e+001 4.634891e-002 1.323181e-001 -5.292269e-001 -1.510831e+000 3.410851e-003
1.537426e+001 4.463519e-002 1.274258e-001 -5.430033e-001 -1.550160e+000 3.197080e-003
1.537726e+001 4.298696e-002 1.227204e-001 -5.569497e-001 -1.589975e+000 2.997382e-003
1.538007e+001 4.140190e-002 1.181954e-001 -5.710676e-001 -1.630279e+000 2.810800e-003
1.538271e+001 3.987771e-002 1.138442e-001 -5.853586e-001 -1.671077e+000 2.636445e-003
1.538518e+001 3.841217e-002 1.096604e-001 -5.998245e-001 -1.712375e+000 2.473485e-003
1.538750e+001 3.700311e-002 1.056378e-001 -6.144672e-001 -1.754178e+000 2.321146e-003
1.538968e+001 3.564842e-002 1.017704e-001 -6.292887e-001 -1.796491e+000 2.178711e-003
1.539173e+001 3.434606e-002 9.805244e-002 -6.442911e-001 -1.839320e+000 2.045507e-003
1.539365e+001 3.309403e-002 9.447815e-002 -6.594767e-001 -1.882673e+000 1.920912e-003
1.539545e+001 3.189041e-002 9.104206e-002 -6.748477e-001 -1.926554e+000 1.804344e-003
1.539715e+001 3.073334e-002 8.773887e-002 -6.904064e-001 -1.970972e+000 1.695263e-003
1.539874e+001 2.962102e-002 8.456341e-002 -7.061551e-001 -2.015932e+000 1.593166e-003
1.540024e+001 2.855170e-002 8.151072e-002 -7.220964e-001 -2.061442e+000 1.497584e-003
1.540164e+001 2.752371e-002 7.857601e-002 -7.382326e-001 -2.107508e+000 1.408082e-003
1.540297e+001 2.653542e-002 7.575464e-002 -7.545663e-001 -2.154139e+000 1.324254e-003
1.540421e+001 2.558527e-002 7.304214e-002 -7.710999e-001 -2.201340e+000 1.245722e-003
1.540539e+001 2.467175e-002 7.043421e-002 -7.878361e-001 -2.249119e+000 1.172135e-003
1.540649e+001 2.379340e-002 6.792671e-002 -8.047774e-001 -2.297484e+000 1.103165e-003
1.540753e+001 2.294884e-002 6.551564e-002 -8.219263e-001 -2.346441e+000 1.038508e-003
1.540851e+001 2.213671e-002 6.319716e-002 -8.392855e-001 -2.395999e+000 9.778787e-004
1.540943e+001 2.135572e-002 6.096759e-002 -8.568575e-001 -2.446165e+000 9.210140e-004
1.541030e+001 2.060463e-002 5.882337e-002 -8.746451e-001 -2.496946e+000 8.676670e-004
1.541111e+001 1.988224e-002 5.676108e-002 -8.926507e-001 -2.548350e+000 8.176083e-004
1.541188e+001 1.918740e-002 5.477745e-002 -9.108772e-001 -2.600384e+000 7.706241e-004
1.541261e+001 1.851901e-002 5.286932e-002 -9.293270e-001 -2.653056e+000 7.265149e-004
1.541330e+001 1.787601e-002 5.103368e-002 -9.480028e-001 -2.706373e+000 6.850950e-004
1.541394e+001 1.725739e-002 4.926761e-002 -9.669074e-001 -2.760343e+000 6.461910e-004
1.541455e+001 1.666215e-002 4.756834e-002 -9.860433e-001 -2.814973e+000 6.096416e-004
1.541513e+001 1.608938e-002 4.593317e-002 -1.005413e+000 -2.870272e+000 5.752959e-004
1.541567e+001 1.553817e-002 4.435956e-002 -1.025020e+000 -2.926246e+000 5.430135e-004
1.541618e+001 1.500765e-002 4.284502e-002 -1.044866e+000 -2.982904e+000 5.126632e-004
1.541667e+001 1.449700e-002 4.138721e-002 -1.064953e+000 -3.040252e+000 4.841225e-004
1.541712e+001 1.400542e-002 3.998385e-002 -1.085286e+000 -3.098299e+000 4.572772e-004
1.541756e+001 1.353216e-002 3.863278e-002 -1.105866e+000 -3.157052e+000 4.320206e-004
1.541796e+001 1.307649e-002 3.733190e-002 -1.126696e+000 -3.216519e+000 4.082531e-004
1.541835e+001 1.263769e-002 3.607923e-002 -1.147778e+000 -3.276707e+000 3.858817e-004
1.541871e+001 1.221512e-002 3.487283e-002 -1.169116e+000 -3.337623e+000 3.648193e-004
1.541906e+001 1.180810e-002 3.371089e-002 -1.190711e+000 -3.399277e+000 3.449849e-004
1.541939e+001 1.141605e-002 3.259163e-002 -1.212568e+000 -3.461674e+000 3.263024e-004
1.541969e+001 1.103835e-002 3.151337e-002 -1.234687e+000 -3.524824e+000 3.087009e-004
1.541999e+001 1.067445e-002 3.047449e-002 -1.257073e+000 -3.588733e+000 2.921140e-004
1.542026e+001 1.032380e-002 2.947344e-002 -1.279727e+000 -3.653409e+000 2.764796e-004
1.542052e+001 9.985874e-003 2.850873e-002 -1.302653e+000 -3.718859e+000 2.617396e-004
1.542077e+001 9.660181e-003 2.757893e-002 -1.325853e+000 -3.785092e+000 2.478398e-004
1.542101e+001 9.346240e-003 2.668268e-002 -1.349329e+000 -3.852115e+000 2.347292e-004
1.542123e+001 9.043591e-003 2.581866e-002 -1.373085e+000 -3.919936e+000 2.223603e-004
1.542144e+001 8.751793e-003 2.498563e-002 -1.397123e+000 -3.988562e+000 2.106884e-004
1.542164e+001 8.470425e-003 2.418237e-002 -1.421446e+000 -4.058001e+000 1.996719e-004
1.542183e+001 8.199082e-003 2.340773e-002 -1.446056e+000 -4.128261e+000 1.892716e-004
1.542201e+001 7.937376e-003 2.266060e-002 -1.470956e+000 -4.199349e+000 1.794509e-004
1.542218e+001 7.684935e-003 2.193992e-002 -1.496149e+000 -4.271274e+000 1.701754e-004
1.542234e+001 7.441402e-003 2.124467e-002 -1.521638e+000 -4.344042e+000 1.614129e-004
1.542249e+001 7.206435e-003 2.057387e-002 -1.547425e+000 -4.417662e+000 1.531334e-004
1.542264e+001 6.979706e-003 1.992660e-002 -1.573513e+000 -4.492141e+000 1.453084e-004
1.542278e+001 6.760901e-003 1.930194e-002 -1.599904e+000 -4.567488e+000 1.379114e-004
1.542291e+001 6.549716e-003 1.869904e-002 -1.626602e+000 -4.643709e+000 1.309175e-004
1.542303e+001 6.345863e-003 1.811707e-002 -1.653609e+000 -4.720813e+000 1.243034e-004
1.542315e+001 6.149064e-003 1.755523e-002 -1.680928e+000 -4.798807e+000 1.180470e-004
1.542326e+001 5.959052e-003 1.701278e-002 -1.708562e+000 -4.877699e+000 1.121279e-004
1.542337e+001 5.775571e-003 1.648897e-002 -1.736513e+000 -4.957497e+000 1.065266e-004
1.542347e+001 5.598377e-003 1.598310e-002 -1.764784e+000 -5.038209e+000 1.012250e-004
1.542357e+001 5.427233e-003 1.549451e-002 -1.793377e+000 -5.119843e+000 9.620595e-005
1.542366e+001 5.261914e-003 1.502255e-002 -1.822297e+000 -5.202407e+000 9.145351e-005
1.542374e+001 5.102202e-003 1.456659e-002 -1.851544e+000 -5.285907e+000 8.695255e-005
1.542383e+001 4.947889e-003 1.412605e-002 -1.881123e+000 -5.370353e+000 8.268892e-005
1.542391e+001 4.798776e-003 1.370035e-002 -1.911035e+000 -5.455753e+000 7.864927e-005
1.542398e+001 4.654670e-003 1.328895e-002 -1.941285e+000 -5.542113e+000 7.482108e-005
1.542405e+001 4.515387e-003 1.289131e-002 -1.971873e+000 -5.629442e+000 7.119256e-005
1.542412e+001 4.380750e-003 1.250694e-002 -2.002804e+000 -5.717748e+000 6.775260e-005
1.542418e+001 4.250590e-003 1.213535e-002 -2.034079e+000 -5.807040e+000 6.449077e-005
1.542425e+001 4.124742e-003 1.177607e-002 -2.065703e+000 -5.897324e+000 6.139724e-005
1.542430e+001 4.003050e-003 1.142865e-002 -2.097677e+000 -5.988609e+000 5.846276e-005
1.542436e+001 3.885363e-003 1.109267e-002 -2.130004e+000 -6.080903e+000 5.567861e-005
1.542441e+001 3.771537e-003 1.076771e-002 -2.162688e+000 -6.174214e+000 5.303659e-005
1.542446e+001 3.661432e-003 1.045338e-002 -2.195730e+000 -6.268551e+000 5.052896e-005
1.542451e+001 3.554915e-003 1.014928e-002 -2.229135e+000 -6.363920e+000 4.814843e-005
1.542456e+001 3.451857e-003 9.855063e-003 -2.262904e+000 -6.460331e+000 4.588813e-005
1.542460e+001 3.352134e-003 9.570367e-003 -2.297040e+000 -6.557791e+000 4.374160e-005
1.542464e+001 3.255629e-003 9.294855e-003 -2.331547e+000 -6.656309e+000 4.170273e-005
1.542468e+001 3.162226e-003 9.028201e-003 -2.366427e+000 -6.755892e+000 3.976575e-005
1.542472e+001 3.071817e-003 8.770092e-003 -2.401684e+000 -6.856549e+000 3.792525e-005
1.542476e+001 2.984295e-003 8.520226e-003 -2.437319e+000 -6.958289e+000 3.617609e-005
1.542479e+001 2.899559e-003 8.278315e-003 -2.473336e+000 -7.061118e+000 3.451344e-005
1.542482e+001 2.817512e-003 8.044078e-003 -2.509738e+000 -7.165046e+000 3.293275e-005
1.542486e+001 2.738059e-003 7.817247e-003 -2.546527e+000 -7.270082e+000 3.142970e-005
1.542489e+001 2.661110e-003 7.597566e-003 -2.583707e+000 -7.376232e+000 3.000021e-005
1.542491e+001 2.586579e-003 7.384786e-003 -2.621281e+000 -7.483505e+000 2.864047e-005
1.542494e+001 2.514381e-003 7.178668e-003 -2.659250e+000 -7.591911e+000 2.734682e-005
1.542497e+001 2.444436e-003 6.978981e-003 -2.697619e+000 -7.701456e+000 2.611585e-005
1.542499e+001 2.376666e-003 6.785506e-003 -2.736391e+000 -7.812150e+000 2.494432e-005
1.542502e+001 2.310998e-003 6.598029e-003 -2.775567e+000 -7.924001e+000 2.382916e-005
1.542504e+001 2.247359e-003 6.416345e-003 -2.815152e+000 -8.037017e+000 2.276748e-005
1.542506e+001 2.185680e-003 6.240256e-003 -2.855147e+000 -8.151207e+000 2.175655e-005
1.542508e+001 2.125894e-003 6.069574e-003 -2.895557e+000 -8.266579e+000 2.079378e-005
1.542510e+001 2.067938e-003 5.904113e-003 -2.936384e+000 -8.383142e+000 1.987671e-005
1.542512e+001 2.011750e-003 5.743700e-003 -2.977630e+000 -8.500904e+000 1.900303e-005
1.542514e+001 1.957269e-003 5.588162e-003 -3.019300e+000 -8.619874e+000 1.817056e-005
1.542516e+001 1.904440e-003 5.437338e-003 -3.061395e+000 -8.740060e+000 1.737722e-005
1.542517e+001 1.853206e-003 5.291070e-003 -3.103920e+000 -8.861472e+000 1.662104e-005
1.542519e+001 1.803515e-003 5.149205e-003 -3.146876e+000 -8.984116e+000 1.590017e-005
1.542520e+001 1.755315e-003 5.011597e-003 -3.190268e+000 -9.108003e+000 1.521285e-005
1.542522e+001 1.708557e-003 4.878105e-003 -3.234097e+000 -9.233141e+000 1.455741e-005
1.542523e+001 1.663193e-003 4.748594e-003 -3.278368e+000 -9.359539e+000 1.393227e-005
1.542525e+001 1.619177e-003 4.622932e-003 -3.323083e+000 -9.487204e+000 1.333594e-005
1.542526e+001 1.576466e-003 4.500993e-003 -3.368245e+000 -9.616147e+000 1.276701e-005
1.542527e+001 1.535015e-003 4.382655e-003 -3.413857e+000 -9.746375e+000 1.222412e-005
1.542528e+001 1.494786e-003 4.267801e-003 -3.459923e+000 -9.877898e+000 1.170600e-005
1.542529e+001 1.455736e-003 4.156317e-003 -3.506445e+000 -1.001072e+001 1.121146e-005
1.542530e+001 1.417829e-003 4.048095e-003 -3.553426e+000 -1.014486e+001 1.073934e-005
1.542531e+001 1.381028e-003 3.943028e-003 -3.600870e+000 -1.028032e+001 1.028855e-005
1.542532e+001 1.345296e-003 3.841016e-003 -3.648780e+000 -1.041711e+001 9.858076e-006
1.542533e+001 1.310600e-003 3.741959e-003 -3.697158e+000 -1.055524e+001 9.446934e-006
1.542534e+001 1.276906e-003 3.645764e-003 -3.746009e+000 -1.069471e+001 9.054195e-006
1.542535e+001 1.244182e-003 3.552339e-003 -3.795335e+000 -1.083555e+001 8.678983e-006
1.542536e+001 1.212398e-003 3.461596e-003 -3.845139e+000 -1.097775e+001 8.320460e-006
1.542537e+001 1.181523e-003 3.373449e-003 -3.895424e+000 -1.112132e+001 7.977835e-006
1.542538e+001 1.151529e-003 3.287818e-003 -3.946194e+000 -1.126627e+001 7.650355e-006
1.542538e+001 1.122388e-003 3.204621e-003 -3.997451e+000 -1.141262e+001 7.337306e-006
1.542539e+001 1.094074e-003 3.123784e-003 -4.049199e+000 -1.156038e+001 7.038007e-006
1.542540e+001 1.066559e-003 3.045231e-003 -4.101442e+000 -1.170954e+001 6.751815e-006
1.542540e+001 1.039820e-003 2.968891e-003 -4.154182e+000 -1.186012e+001 6.478116e-006
1.542541e+001 1.013832e-003 2.894697e-003 -4.207422e+000 -1.201213e+001 6.216328e-006
1.542542e+001 9.885724e-004 2.822580e-003 -4.261166e+000 -1.216558e+001 5.965897e-006
1.542542e+001 9.640177e-004 2.752476e-003 -4.315417e+000 -1.232048e+001 5.726297e-006
1.542543e+001 9.401464e-004 2.684324e-003 -4.370178e+000 -1.247683e+001 5.497028e-006
1.542543e+001 9.169377e-004 2.618063e-003 -4.425453e+000 -1.263466e+001 5.277615e-006
1.542544e+001 8.943710e-004 2.553635e-003 -4.481244e+000 -1.279395e+001 5.067604e-006
1.542544e+001 8.724269e-004 2.490985e-003 -4.537555e+000 -1.295473e+001 4.866566e-006
1.542545e+001 8.510862e-004 2.430057e-003 -4.594389e+000 -1.311701e+001 4.674091e-006
1.542545e+001 8.303307e-004 2.370800e-003 -4.651750e+000 -1.328079e+001 4.489789e-006
1.542545e+001 8.101425e-004 2.313162e-003 -4.709641e+000 -1.344608e+001 4.313290e-006
1.542546e+001 7.905045e-004 2.257096e-003 -4.768064e+000 -1.361289e+001 4.144240e-006
1.542546e+001 7.714002e-004 2.202552e-003 -4.827024e+000 -1.378124e+001 3.982306e-006
1.542547e+001 7.528135e-004 2.149487e-003 -4.886524e+000 -1.395113e+001 3.827165e-006
1.542547e+001 7.347288e-004 2.097855e-003 -4.946566e+000 -1.412257e+001 3.678514e-006
1.542547e+001 7.171312e-004 2.047613e-003 -5.007156e+000 -1.429556e+001 3.536062e-006
1.542548e+001 7.000061e-004 1.998720e-003 -5.068294e+000 -1.447013e+001 3.399535e-006
1.542548e+001 6.833395e-004 1.951137e-003 -5.129986e+000 -1.464628e+001 3.268668e-006
1.542548e+001 6.671178e-004 1.904823e-003 -5.192234e+000 -1.482402e+001 3.143210e-006
1.542549e+001 6.513279e-004 1.859743e-003 -5.255042e+000 -1.500336e+001 3.022924e-006
1.542549e+001 6.359571e-004 1.815858e-003 -5.318414e+000 -1.518430e+001 2.907580e-006
1.542549e+001 6.209930e-004 1.773135e-003 -5.382351e+000 -1.536686e+001 2.796963e-006
1.542550e+001 6.064237e-004 1.731539e-003 -5.446859e+000 -1.555105e+001 2.690865e-006
1.542550e+001 5.922377e-004 1.691037e-003 -5.511940e+000 -1.573688e+001 2.589089e-006
1.542550e+001 5.784238e-004 1.651598e-003 -5.577598e+000 -1.592436e+001 2.491448e-006
1.542550e+001 5.649713e-004 1.613190e-003 -5.643836e+000 -1.611349e+001 2.397760e-006
1.542551e+001 5.518696e-004 1.575784e-003 -5.710658e+000 -1.630429e+001 2.307857e-006
1.542551e+001 5.391087e-004 1.539351e-003 -5.778067e+000 -1.649677e+001 2.221573e-006
1.542551e+001 5.266787e-004 1.503862e-003 -5.846066e+000 -1.669093e+001 2.138754e-006
1.542551e+001 5.145701e-004 1.469291e-003 -5.914660e+000 -1.688679e+001 2.059251e-006
1.542551e+001 5.027737e-004 1.435612e-003 -5.983851e+000 -1.708436e+001 1.982922e-006
1.542552e+001 4.912806e-004 1.402798e-003 -6.053643e+000 -1.728364e+001 1.909632e-006
1.542552e+001 4.800822e-004 1.370826e-003 -6.124040e+000 -1.748465e+001 1.839250e-006
1.542552e+001 4.691701e-004 1.339671e-003 -6.195044e+000 -1.768740e+001 1.771655e-006
1.542552e+001 4.585362e-004 1.309310e-003 -6.266660e+000 -1.789189e+001 1.706728e-006
1.542552e+001 4.481726e-004 1.279721e-003 -6.338891e+000 -1.809814e+001 1.644357e-006
1.542552e+001 4.380718e-004 1.250882e-003 -6.411741e+000 -1.830616e+001 1.584434e-006
1.542553e+001 4.282263e-004 1.222772e-003 -6.485213e+000 -1.851595e+001 1.526856e-006
1.542553e+001 4.186291e-004 1.195371e-003 -6.559310e+000 -1.872753e+001 1.471526e-006
1.542553e+001 4.092731e-004 1.168659e-003 -6.634037e+000 -1.894091e+001 1.418349e-006
1.542553e+001 4.001517e-004 1.142616e-003 -6.709397e+000 -1.915609e+001 1.367237e-006
1.542553e+001 3.912583e-004 1.117224e-003 -6.785393e+000 -1.937310e+001 1.318103e-006
1.542553e+001 3.825866e-004 1.092466e-003 -6.862029e+000 -1.959193e+001 1.270865e-006
1.542553e+001 3.741306e-004 1.068323e-003 -6.939308e+000 -1.981260e+001 1.225446e-006
1.542553e+001 3.658842e-004 1.044778e-003 -7.017235e+000 -2.003512e+001 1.181771e-006
1.542554e+001 3.578417e-004 1.021816e-003 -7.095812e+000 -2.025950e+001 1.139767e-006
1.542554e+001 3.499976e-004 9.994200e-004 -7.175044e+000 -2.048574e+001 1.099367e-006
1.542554e+001 3.423464e-004 9.775747e-004 -7.254935e+000 -2.071387e+001 1.060506e-006
1.542554e+001 3.348828e-004 9.562651e-004 -7.335486e+000 -2.094389e+001 1.023120e-006
1.542554e+001 3.276018e-004 9.354767e-004 -7.416704e+000 -2.117580e+001 9.871496e-007
1.542554e+001 3.204984e-004 9.151954e-004 -7.498590e+000 -2.140963e+001 9.525380e-007
1.542554e+001 3.135678e-004 8.954075e-004 -7.581149e+000 -2.164538e+001 9.192300e-007
1.542554e+001 3.068053e-004 8.760996e-004 -7.664384e+000 -2.188307e+001 8.871731e-007
1.542554e+001 3.002065e-004 8.572589e-004 -7.748300e+000 -2.212269e+001 8.563173e-007
1.542554e+001 2.937670e-004 8.388729e-004 -7.832899e+000 -2.236427e+001 8.266142e-007
1.542555e+001 2.874824e-004 8.209293e-004 -7.918186e+000 -2.260782e+001 7.980179e-007
1.542555e+001 2.813487e-004 8.034164e-004 -8.004164e+000 -2.285333e+001 7.704845e-007
1.542555e+001 2.753618e-004 7.863228e-004 -8.090837e+000 -2.310084e+001 7.439716e-007
1.542555e+001 2.695178e-004 7.696373e-004 -8.178209e+000 -2.335034e+001 7.184386e-007
1.542555e+001 2.638131e-004 7.533490e-004 -8.266284e+000 -2.360184e+001 6.938475e-007
1.542555e+001 2.582438e-004 7.374477e-004 -8.355065e+000 -2.385537e+001 6.701602e-007
1.542555e+001 2.528065e-004 7.219230e-004 -8.444555e+000 -2.411092e+001 6.473420e-007
1.542555e+001 2.474976e-004 7.067650e-004 -8.534760e+000 -2.436851e+001 6.253583e-007
1.542555e+001 2.423138e-004 6.919643e-004 -8.625682e+000 -2.462815e+001 6.041765e-007
1.542555e+001 2.372519e-004 6.775113e-004 -8.717326e+000 -2.488986e+001 5.837659e-007
1.542555e+001 2.323086e-004 6.633972e-004 -8.809695e+000 -2.515363e+001 5.640956e-007
1.542555e+001 2.274809e-004 6.496131e-004 -8.902793e+000 -2.541949e+001 5.451379e-007
1.542555e+001 2.227658e-004 6.361503e-004 -8.996624e+000 -2.568744e+001 5.268643e-007
1.542555e+001 2.181604e-004 6.230008e-004 -9.091191e+000 -2.595750e+001 5.092490e-007
1.542555e+001 2.136618e-004 6.101562e-004 -9.186500e+000 -2.622967e+001 4.922665e-007
1.542555e+001 2.092673e-004 5.976089e-004 -9.282552e+000 -2.650397e+001 4.758924e-007
1.542555e+001 2.049742e-004 5.853512e-004 -9.379353e+000 -2.678041e+001 4.601033e-007
1.542556e+001 2.007800e-004 5.733756e-004 -9.476907e+000 -2.705899e+001 4.448774e-007
1.542556e+001 1.966821e-004 5.616751e-004 -9.575216e+000 -2.733974e+001 4.301927e-007
1.542556e+001 1.926781e-004 5.502425e-004 -9.674285e+000 -2.762266e+001 4.160287e-007
1.542556e+001 1.887655e-004 5.390711e-004 -9.774118e+000 -2.790776e+001 4.023659e-007
1.542556e+001 1.849422e-004 5.281543e-004 -9.874719e+000 -2.819505e+001 3.891850e-007
1.542556e+001 1.812057e-004 5.174857e-004 -9.976092e+000 -2.848455e+001 3.764681e-007
1.542556e+001 1.775539e-004 5.070589e-004 -1.007824e+001 -2.877627e+001 3.641978e-007
1.542556e+001 1.739848e-004 4.968679e-004 -1.018117e+001 -2.907021e+001 3.523572e-007
1.542556e+001 1.704962e-004 4.869069e-004 -1.028488e+001 -2.936639e+001 3.409302e-007
1.542556e+001 1.670860e-004 4.771700e-004 -1.038938e+001 -2.966482e+001 3.299013e-007
1.542556e+001 1.637525e-004 4.676516e-004 -1.049467e+001 -2.996552e+001 3.192559e-007
1.542556e+001 1.604936e-004 4.583464e-004 -1.060076e+001 -3.026848e+001 3.089795e-007
1.542556e+001 1.573074e-004 4.492490e-004 -1.070764e+001 -3.057373e+001 2.990586e-007
1.542556e+001 1.541923e-004 4.403543e-004 -1.081533e+001 -3.088128e+001 2.894799e-007
1.542556e+001 1.511464e-004 4.316573e-004 -1.092383e+001 -3.119114e+001 2.802309e-007
1.542556e+001 1.481681e-004 4.231531e-004 -1.103314e+001 -3.150331e+001 2.712994e-007
1.542556e+001 1.452556e-004 4.148370e-004 -1.114326e+001 -3.181781e+001 2.626738e-007
1.542556e+001 1.424074e-004 4.067043e-004 -1.125421e+001 -3.213466e+001 2.543428e-007
1.542556e+001 1.396218e-004 3.987506e-004 -1.136597e+001 -3.245386e+001 2.462958e-007
1.542556e+001 1.368974e-004 3.909716e-004 -1.147857e+001 -3.277542e+001 2.385226e-007
1.542556e+001 1.342327e-004 3.833628e-004 -1.159200e+001 -3.309937e+001 2.310128e-007
1.542556e+001 1.316262e-004 3.759204e-004 -1.170626e+001 -3.342570e+001 2.237570e-007
1.542556e+001 1.290766e-004 3.686401e-004 -1.182136e+001 -3.375443e+001 2.167462e-007
1.542556e+001 1.265823e-004 3.615181e-004 -1.193731e+001 -3.408557e+001 2.099714e-007
1.542556e+001 1.241422e-004 3.545505e-004 -1.205410e+001 -3.441914e+001 2.034242e-007
1.542556e+001 1.217548e-004 3.477337e-004 -1.217175e+001 -3.475515e+001 1.970963e-007
1.542556e+001 1.194190e-004 3.410641e-004 -1.229026e+001 -3.509360e+001 1.909800e-007
1.542556e+001 1.171335e-004 3.345381e-004 -1.240962e+001 -3.543451e+001 1.850677e-007
1.542556e+001 1.148971e-004 3.281522e-004 -1.252985e+001 -3.577789e+001 1.793520e-007
1.542556e+001 1.127087e-004 3.219032e-004 -1.265095e+001 -3.612375e+001 1.738260e-007
1.542556e+001 1.105670e-004 3.157878e-004 -1.277292e+001 -3.647212e+001 1.684830e-007
1.542556e+001 1.084710e-004 3.098029e-004 -1.289577e+001 -3.682298e+001 1.633165e-007
1.542556e+001 1.064196e-004 3.039452e-004 -1.301950e+001 -3.717637e+001 1.583203e-007
1.542556e+001 1.044117e-004 2.982120e-004 -1.314412e+001 -3.753229e+001 1.534883e-007
1.542556e+001 1.024464e-004 2.926001e-004 -1.326963e+001 -3.789075e+001 1.488148e-007
1.542556e+001 1.005226e-004 2.871068e-004 -1.339603e+001 -3.825177e+001 1.442942e-007
1.542556e+001 9.863939e-005 2.817293e-004 -1.352333e+001 -3.861535e+001 1.399212e-007
1.542556e+001 9.679576e-005 2.764649e-004 -1.365153e+001 -3.898152e+001 1.356906e-007
1.542556e+001 9.499081e-005 2.713109e-004 -1.378064e+001 -3.935027e+001 1.315974e-007
1.542557e+001 9.322365e-005 2.662648e-004 -1.391066e+001 -3.972164e+001 1.276370e-007
1.542557e+001 9.149339e-005 2.613241e-004 -1.404159e+001 -4.009561e+001 1.238046e-007
1.542557e+001 8.979918e-005 2.564863e-004 -1.417345e+001 -4.047222e+001 1.200960e-007
1.542557e+001 8.814020e-005 2.517490e-004 -1.430622e+001 -4.085146e+001 1.165067e-007
1.542557e+001 8.651561e-005 2.471100e-004 -1.443993e+001 -4.123336e+001 1.130328e-007
1.542557e+001 8.492465e-005 2.425670e-004 -1.457457e+001 -4.161793e+001 1.096700e-007
1.542557e+001 8.336653e-005 2.381178e-004 -1.471015e+001 -4.200517e+001 1.064149e-007
1.542557e+001 8.184050e-005 2.337601e-004 -1.484667e+001 -4.239510e+001 1.032636e-007
1.542557e+001 8.034583e-005 2.294921e-004 -1.498413e+001 -4.278774e+001 1.002125e-007
1.542557e+001 7.888181e-005 2.253115e-004 -1.512254e+001 -4.318309e+001 9.725838e-008
1.542557e+001 7.744774e-005 2.212164e-004 -1.526191e+001 -4.358117e+001 9.439782e-008
1.542557e+001 7.604294e-005 2.172049e-004 -1.540224e+001 -4.398199e+001 9.162772e-008
1.542557e+001 7.466674e-005 2.132751e-004 -1.554352e+001 -4.438556e+001 8.894499e-008
1.542557e+001 7.331850e-005 2.094251e-004 -1.568578e+001 -4.479190e+001 8.634667e-008
1.542557e+001 7.199760e-005 2.056532e-004 -1.582901e+001 -4.520101e+001 8.382986e-008
1.542557e+001 7.070341e-005 2.019575e-004 -1.597321e+001 -4.561292e+001 8.139197e-008
1.542557e+001 6.943534e-005 1.983365e-004 -1.611840e+001 -4.602763e+001 7.903024e-008
1.542557e+001 6.819281e-005 1.947883e-004 -1.626457e+001 -4.644515e+001 7.674215e-008
1.542557e+001 6.697523e-005 1.913114e-004 -1.641173e+001 -4.686550e+001 7.452533e-008
1.542557e+001 6.578207e-005 1.879041e-004 -1.655988e+001 -4.728870e+001 7.237726e-008
1.542557e+001 6.461277e-005 1.845651e-004 -1.670903e+001 -4.771475e+001 7.029582e-008
1.542557e+001 6.346680e-005 1.812926e-004 -1.685919e+001 -4.814366e+001 6.827863e-008
1.542557e+001 6.234365e-005 1.780853e-004 -1.701035e+001 -4.857546e+001 6.632371e-008
1.542557e+001 6.124282e-005 1.749417e-004 -1.716253e+001 -4.901014e+001 6.442890e-008
1.542557e+001 6.016381e-005 1.718604e-004 -1.731572e+001 -4.944774e+001 6.259233e-008
1.542557e+001 5.910615e-005 1.688401e-004 -1.746993e+001 -4.988825e+001 6.081194e-008
1.542557e+001 5.806936e-005 1.658794e-004 -1.762516e+001 -5.033169e+001 5.908606e-008
1.542557e+001 5.705299e-005 1.629770e-004 -1.778143e+001 -5.077808e+001 5.741279e-008
1.542557e+001 5.605660e-005 1.601316e-004 -1.793873e+001 -5.122742e+001 5.579051e-008
1.542557e+001 5.507974e-005 1.573420e-004 -1.809707e+001 -5.167974e+001 5.421744e-008
1.542557e+001 5.412199e-005 1.546069e-004 -1.825645e+001 -5.213503e+001 5.269204e-008
1.542557e+001 5.318294e-005 1.519253e-004 -1.841688e+001 -5.259333e+001 5.121281e-008
1.542557e+001 5.226219e-005 1.492959e-004 -1.857837e+001 -5.305463e+001 4.977820e-008
1.542557e+001 5.135933e-005 1.467176e-004 -1.874091e+001 -5.351896e+001 4.838674e-008
1.542557e+001 5.047399e-005 1.441892e-004 -1.890451e+001 -5.398632e+001 4.703719e-008
1.542557e+001 4.960578e-005 1.417099e-004 -1.906918e+001 -5.445673e+001 4.572805e-008
1.542557e+001 4.875434e-005 1.392784e-004 -1.923492e+001 -5.493020e+001 4.445803e-008
1.542557e+001 4.791930e-005 1.368937e-004 -1.940173e+001 -5.540675e+001 4.322596e-008
1.542557e+001 4.710033e-005 1.345549e-004 -1.956963e+001 -5.588639e+001 4.203057e-008
1.542557e+001 4.629707e-005 1.322610e-004 -1.973861e+001 -5.636913e+001 4.087078e-008
1.542557e+001 4.550919e-005 1.300110e-004 -1.990868e+001 -5.685499e+001 3.974533e-008
1.542557e+001 4.473637e-005 1.278040e-004 -2.007984e+001 -5.734397e+001 3.865322e-008
1.542557e+001 4.397828e-005 1.256390e-004 -2.025210e+001 -5.783610e+001 3.759330e-008
1.542557e+001 4.323462e-005 1.235152e-004 -2.042547e+001 -5.833138e+001 3.656469e-008
1.542557e+001 4.250507e-005 1.214318e-004 -2.059995e+001 -5.882983e+001 3.556635e-008
1.542557e+001 4.178935e-005 1.193878e-004 -2.077553e+001 -5.933146e+001 3.459726e-008
1.542557e+001 4.108716e-005 1.173825e-004 -2.095224e+001 -5.983629e+001 3.365657e-008
1.542557e+001 4.039822e-005 1.154150e-004 -2.113007e+001 -6.034433e+001 3.274338e-008
1.542557e+001 3.972225e-005 1.134845e-004 -2.130902e+001 -6.085559e+001 3.185681e-008
1.542557e+001 3.905898e-005 1.115903e-004 -2.148911e+001 -6.137009e+001 3.099607e-008
1.542557e+001 3.840814e-005 1.097316e-004 -2.167033e+001 -6.188784e+001 3.016028e-008
1.542557e+001 3.776948e-005 1.079076e-004 -2.185269e+001 -6.240886e+001 2.934873e-008
1.542557e+001 3.714275e-005 1.061177e-004 -2.203620e+001 -6.293315e+001 2.856070e-008
1.542557e+001 3.652769e-005 1.043612e-004 -2.222086e+001 -6.346073e+001 2.779537e-008
1.542557e+001 3.592407e-005 1.026373e-004 -2.240668e+001 -6.399162e+001 2.705212e-008
1.542557e+001 3.533165e-005 1.009454e-004 -2.259366e+001 -6.452582e+001 2.633021e-008
1.542557e+001 3.475020e-005 9.928483e-005 -2.278180e+001 -6.506336e+001 2.562900e-008
1.542557e+001 3.417950e-005 9.765493e-005 -2.297111e+001 -6.560425e+001 2.494787e-008
1.542557e+001 3.361931e-005 9.605508e-005 -2.316160e+001 -6.614850e+001 2.428622e-008
1.542557e+001 3.306944e-005 9.448466e-005 -2.335327e+001 -6.669612e+001 2.364343e-008
1.542557e+001 3.252967e-005 9.294308e-005 -2.354612e+001 -6.724712e+001 2.301893e-008
1.542557e+001 3.199979e-005 9.142975e-005 -2.374016e+001 -6.780154e+001 2.241213e-008
1.542557e+001 3.147960e-005 8.994409e-005 -2.393539e+001 -6.835936e+001 2.182255e-008
1.542557e+001 3.096890e-005 8.848555e-005 -2.413183e+001 -6.892062e+001 2.124963e-008
1.542557e+001 3.046751e-005 8.705358e-005 -2.432946e+001 -6.948532e+001 2.069288e-008
1.542557e+001 2.997524e-005 8.564763e-005 -2.452831e+001 -7.005348e+001 2.015182e-008
1.542557e+001 2.949189e-005 8.426718e-005 -2.472837e+001 -7.062511e+001 1.962597e-008
1.542557e+001 2.901730e-005 8.291172e-005 -2.492965e+001 -7.120023e+001 1.911486e-008
1.542557e+001 2.855128e-005 8.158075e-005 -2.513215e+001 -7.177884e+001 1.861808e-008
1.542557e+001 2.809367e-005 8.027378e-005 -2.533589e+001 -7.236098e+001 1.813519e-008
1.542557e+001 2.764429e-005 7.899033e-005 -2.554085e+001 -7.294664e+001 1.766572e-008
1.542557e+001 2.720298e-005 7.772992e-005 -2.574705e+001 -7.353584e+001 1.720936e-008
1.542557e+001 2.676959e-005 7.649210e-005 -2.595450e+001 -7.412860e+001 1.676564e-008
1.542557e+001 2.634395e-005 7.527642e-005 -2.616320e+001 -7.472494e+001 1.633423e-008
1.542557e+001 2.592590e-005 7.408245e-005 -2.637314e+001 -7.532485e+001 1.591475e-008
1.542557e+001 2.551531e-005 7.290974e-005 -2.658435e+001 -7.592837e+001 1.550685e-008
1.542557e+001 2.511202e-005 7.175789e-005 -2.679682e+001 -7.653551e+001 1.511020e-008
1.542557e+001 2.471589e-005 7.062647e-005 -2.701056e+001 -7.714627e+001 1.472445e-008
1.542557e+001 2.432677e-005 6.951509e-005 -2.722557e+001 -7.776067e+001 1.434928e-008
1.542557e+001 2.394453e-005 6.842336e-005 -2.744186e+001 -7.837874e+001 1.398439e-008
1.542557e+001 2.356904e-005 6.735088e-005 -2.765943e+001 -7.900047e+001 1.362950e-008
1.542557e+001 2.320016e-005 6.629728e-005 -2.787830e+001 -7.962589e+001 1.328427e-008
1.542557e+001 2.283776e-005 6.526220e-005 -2.809845e+001 -8.025502e+001 1.294843e-008
1.542557e+001 2.248172e-005 6.424527e-005 -2.831991e+001 -8.088786e+001 1.262174e-008
1.542557e+001 2.213191e-005 6.324614e-005 -2.854266e+001 -8.152443e+001 1.230390e-008
1.542557e+001 2.178821e-005 6.226446e-005 -2.876673e+001 -8.216474e+001 1.199467e-008
1.542557e+001 2.145051e-005 6.129990e-005 -2.899211e+001 -8.280882e+001 1.169379e-008
1.542557e+001 2.111868e-005 6.035212e-005 -2.921881e+001 -8.345666e+001 1.140103e-008
1.542557e+001 2.079262e-005 5.942080e-005 -2.944683e+001 -8.410830e+001 1.111614e-008
1.542557e+001 2.047221e-005 5.850562e-005 -2.967618e+001 -8.476374e+001 1.083890e-008
1.542557e+001 2.015735e-005 5.760628e-005 -2.990687e+001 -8.542300e+001 1.056911e-008
1.542557e+001 1.984792e-005 5.672246e-005 -3.013890e+001 -8.608610e+001 1.030655e-008
1.542557e+001 1.954383e-005 5.585388e-005 -3.037227e+001 -8.675304e+001 1.005098e-008
1.542557e+001 1.924497e-005 5.500024e-005 -3.060699e+001 -8.742384e+001 9.802236e-009
1.542557e+001 1.895124e-005 5.416125e-005 -3.084306e+001 -8.809852e+001 9.560102e-009
1.542557e+001 1.866255e-005 5.333663e-005 -3.108050e+001 -8.877710e+001 9.324393e-009
1.542557e+001 1.837879e-005 5.252612e-005 -3.131930e+001 -8.945958e+001 9.094938e-009
1.542557e+001 1.809988e-005 5.172945e-005 -3.155947e+001 -9.014599e+001 8.871561e-009
1.542557e+001 1.782572e-005 5.094635e-005 -3.180101e+001 -9.083633e+001 8.654080e-009
1.542557e+001 1.755623e-005 5.017656e-005 -3.204394e+001 -9.153063e+001 8.442324e-009
1.542557e+001 1.729131e-005 4.941984e-005 -3.228826e+001 -9.222889e+001 8.236129e-009
1.542557e+001 1.703088e-005 4.867594e-005 -3.253396e+001 -9.293114e+001 8.035367e-009
1.542557e+001 1.677485e-005 4.794462e-005 -3.278106e+001 -9.363738e+001 7.839871e-009
1.542557e+001 1.652315e-005 4.722564e-005 -3.302957e+001 -9.434764e+001 7.649470e-009
1.542557e+001 1.627569e-005 4.651877e-005 -3.327948e+001 -9.506192e+001 7.464055e-009
1.542557e+001 1.603239e-005 4.582379e-005 -3.353080e+001 -9.578025e+001 7.283469e-009
1.542557e+001 1.579317e-005 4.514047e-005 -3.378354e+001 -9.650264e+001 7.107582e-009
1.542557e+001 1.555796e-005 4.446859e-005 -3.403770e+001 -9.722910e+001 6.936253e-009
1.542557e+001 1.532669e-005 4.380795e-005 -3.429330e+001 -9.795965e+001 6.769369e-009
1.542557e+001 1.509927e-005 4.315834e-005 -3.455032e+001 -9.869431e+001 6.606803e-009
1.542557e+001 1.487565e-005 4.251955e-005 -3.480879e+001 -9.943308e+001 6.448424e-009
1.542557e+001 1.465575e-005 4.189137e-005 -3.506870e+001 -1.001760e+002 6.294134e-009
1.542557e+001 1.443949e-005 4.127363e-005 -3.533005e+001 -1.009230e+002 6.143829e-009
1.542557e+001 1.422682e-005 4.066611e-005 -3.559287e+001 -1.016743e+002 5.997367e-009
1.542557e+001 1.401767e-005 4.006864e-005 -3.585714e+001 -1.024297e+002 5.854656e-009
1.542557e+001 1.381196e-005 3.948104e-005 -3.612288e+001 -1.031893e+002 5.715604e-009
1.542557e+001 1.360965e-005 3.890311e-005 -3.639009e+001 -1.039531e+002 5.580118e-009
1.542557e+001 1.341067e-005 3.833468e-005 -3.665878e+001 -1.047211e+002 5.448062e-009
1.542557e+001 1.321495e-005 3.777559e-005 -3.692895e+001 -1.054934e+002 5.319369e-009
1.542557e+001 1.302244e-005 3.722565e-005 -3.720060e+001 -1.062700e+002 5.193942e-009
1.542557e+001 1.283308e-005 3.668471e-005 -3.747375e+001 -1.070508e+002 5.071702e-009
1.542557e+001 1.264682e-005 3.615260e-005 -3.774840e+001 -1.078359e+002 4.952564e-009
1.542557e+001 1.246358e-005 3.562916e-005 -3.802455e+001 -1.086253e+002 4.836425e-009
1.542557e+001 1.228333e-005 3.511424e-005 -3.830221e+001 -1.094191e+002 4.723214e-009
1.542557e+001 1.210601e-005 3.460767e-005 -3.858138e+001 -1.102171e+002 4.612846e-009
1.542557e+001 1.193156e-005 3.410932e-005 -3.886208e+001 -1.110196e+002 4.505265e-009
1.542557e+001 1.175994e-005 3.361902e-005 -3.914430e+001 -1.118264e+002 4.400371e-009
1.542557e+001 1.159108e-005 3.313665e-005 -3.942805e+001 -1.126375e+002 4.298112e-009
1.542557e+001 1.142495e-005 3.266204e-005 -3.971333e+001 -1.134531e+002 4.198411e-009
1.542557e+001 1.126149e-005 3.219508e-005 -4.000016e+001 -1.142731e+002 4.101176e-009
1.542557e+001 1.110066e-005 3.173561e-005 -4.028854e+001 -1.150976e+002 4.006385e-009
1.542557e+001 1.094241e-005 3.128352e-005 -4.057847e+001 -1.159264e+002 3.913928e-009
1.542557e+001 1.078670e-005 3.083865e-005 -4.086995e+001 -1.167598e+002 3.823776e-009
1.542557e+001 1.063347e-005 3.040090e-005 -4.116301e+001 -1.175976e+002 3.735861e-009
1.542557e+001 1.048268e-005 2.997012e-005 -4.145763e+001 -1.184399e+002 3.650121e-009
1.542557e+001 1.033430e-005 2.954620e-005 -4.175382e+001 -1.192868e+002 3.566491e-009
1.542557e+001 1.018827e-005 2.912902e-005 -4.205160e+001 -1.201381e+002 3.484924e-009
1.542557e+001 1.004456e-005 2.871846e-005 -4.235096e+001 -1.209940e+002 3.405358e-009
1.542557e+001 9.903131e-006 2.831439e-005 -4.265192e+001 -1.218545e+002 3.327752e-009
1.542557e+001 9.763936e-006 2.791672e-005 -4.295447e+001 -1.227195e+002 3.252042e-009
1.542557e+001 9.626938e-006 2.752532e-005 -4.325863e+001 -1.235892e+002 3.178184e-009
1.542557e+001 9.492098e-006 2.714008e-005 -4.356439e+001 -1.244634e+002 3.106135e-009
1.542557e+001 9.359379e-006 2.676090e-005 -4.387177e+001 -1.253423e+002 3.035839e-009
1.542557e+001 9.228744e-006 2.638768e-005 -4.418077e+001 -1.262258e+002 2.967255e-009
1.542557e+001 9.100157e-006 2.602030e-005 -4.449139e+001 -1.271140e+002 2.900332e-009
1.542557e+001 8.973581e-006 2.565866e-005 -4.480364e+001 -1.280068e+002 2.835040e-009
1.542557e+001 8.848983e-006 2.530268e-005 -4.511754e+001 -1.289044e+002 2.771321e-009
1.542557e+001 8.726328e-006 2.495224e-005 -4.543307e+001 -1.298066e+002 2.709147e-009
1.542557e+001 8.605581e-006 2.460726e-005 -4.575025e+001 -1.307136e+002 2.648470e-009
1.542557e+001 8.486712e-006 2.426763e-005 -4.606909e+001 -1.316253e+002 2.589256e-009
1.542557e+001 8.369685e-006 2.393327e-005 -4.638959e+001 -1.325417e+002 2.531470e-009
1.542557e+001 8.254471e-006 2.360409e-005 -4.671175e+001 -1.334630e+002 2.475064e-009
1.542557e+001 8.141038e-006 2.327999e-005 -4.703558e+001 -1.343890e+002 2.420009e-009
1.542557e+001 8.029356e-006 2.296089e-005 -4.736109e+001 -1.353198e+002 2.366277e-009
1.542557e+001 7.919394e-006 2.264671e-005 -4.768828e+001 -1.362555e+002 2.313824e-009
1.542557e+001 7.811123e-006 2.233736e-005 -4.801716e+001 -1.371959e+002 2.262622e-009
1.542557e+001 7.704514e-006 2.203275e-005 -4.834774e+001 -1.381413e+002 2.212637e-009
1.542557e+001 7.599539e-006 2.173281e-005 -4.868001e+001 -1.390915e+002 2.163842e-009
1.542557e+001 7.496171e-006 2.143746e-005 -4.901400e+001 -1.400466e+002 2.116204e-009
1.542557e+001 7.394381e-006 2.114662e-005 -4.934969e+001 -1.410066e+002 2.069694e-009
1.542557e+001 7.294144e-006 2.086021e-005 -4.968710e+001 -1.419716e+002 2.024279e-009
1.542557e+001 7.195432e-006 2.057816e-005 -5.002623e+001 -1.429414e+002 1.979937e-009
1.542557e+001 7.098221e-006 2.030039e-005 -5.036709e+001 -1.439163e+002 1.936640e-009
1.542557e+001 7.002484e-006 2.002684e-005 -5.070969e+001 -1.448961e+002 1.894361e-009
1.542557e+001 6.908198e-006 1.975743e-005 -5.105402e+001 -1.458809e+002 1.853073e-009
1.542557e+001 6.815337e-006 1.949209e-005 -5.140010e+001 -1.468707e+002 1.812759e-009
1.542557e+001 6.723878e-006 1.923075e-005 -5.174794e+001 -1.478655e+002 1.773385e-009
1.542557e+001 6.633797e-006 1.897335e-005 -5.209753e+001 -1.488654e+002 1.734926e-009
1.542557e+001 6.545071e-006 1.871982e-005 -5.244889e+001 -1.498703e+002 1.697371e-009
1.542557e+001 6.457678e-006 1.847010e-005 -5.280201e+001 -1.508803e+002 1.660687e-009
1.542557e+001 6.371595e-006 1.822412e-005 -5.315692e+001 -1.518954e+002 1.624857e-009
1.542557e+001 6.286801e-006 1.798182e-005 -5.351360e+001 -1.529156e+002 1.589855e-009
1.542557e+001 6.203275e-006 1.774314e-005 -5.387207e+001 -1.539409e+002 1.555665e-009
1.542557e+001 6.120994e-006 1.750802e-005 -5.423234e+001 -1.549714e+002 1.522270e-009
1.542557e+001 6.039938e-006 1.727640e-005 -5.459440e+001 -1.560070e+002 1.489644e-009
1.542557e+001 5.960089e-006 1.704822e-005 -5.495827e+001 -1.570478e+002 1.457766e-009
1.542557e+001 5.881424e-006 1.682343e-005 -5.532395e+001 -1.580938e+002 1.426617e-009
1.542557e+001 5.803926e-006 1.660197e-005 -5.569145e+001 -1.591450e+002 1.396194e-009
1.542557e+001 5.727574e-006 1.638379e-005 -5.606077e+001 -1.602015e+002 1.366466e-009
1.542557e+001 5.652351e-006 1.616883e-005 -5.643192e+001 -1.612631e+002 1.337413e-009
1.542557e+001 5.578236e-006 1.595703e-005 -5.680491e+001 -1.623301e+002 1.309037e-009
1.542557e+001 5.505213e-006 1.574835e-005 -5.717974e+001 -1.634023e+002 1.281298e-009
1.542557e+001 5.433263e-006 1.554274e-005 -5.755641e+001 -1.644799e+002 1.254196e-009
1.542557e+001 5.362370e-006 1.534015e-005 -5.793494e+001 -1.655627e+002 1.227703e-009
1.542557e+001 5.292515e-006 1.514052e-005 -5.831533e+001 -1.666509e+002 1.201821e-009
1.542557e+001 5.223682e-006 1.494381e-005 -5.869758e+001 -1.677444e+002 1.176517e-009
1.542557e+001 5.155854e-006 1.474998e-005 -5.908170e+001 -1.688433e+002 1.151792e-009
1.542557e+001 5.089016e-006 1.455896e-005 -5.946770e+001 -1.699476e+002 1.127625e-009
1.542557e+001 5.023150e-006 1.437073e-005 -5.985558e+001 -1.710573e+002 1.104004e-009
1.542557e+001 4.958242e-006 1.418523e-005 -6.024536e+001 -1.721724e+002 1.080912e-009
1.542557e+001 4.894275e-006 1.400243e-005 -6.063702e+001 -1.732929e+002 1.058340e-009
1.542557e+001 4.831235e-006 1.382227e-005 -6.103059e+001 -1.744189e+002 1.036278e-009
1.542557e+001 4.769107e-006 1.364471e-005 -6.142607e+001 -1.755504e+002 1.014710e-009
1.542557e+001 4.707876e-006 1.346972e-005 -6.182346e+001 -1.766874e+002 9.936243e-010
1.542557e+001 4.647528e-006 1.329724e-005 -6.222277e+001 -1.778299e+002 9.730080e-010
1.542557e+001 4.588048e-006 1.312725e-005 -6.262401e+001 -1.789779e+002 9.528528e-010
1.542557e+001 4.529424e-006 1.295971e-005 -6.302718e+001 -1.801314e+002 9.331444e-010
1.542557e+001 4.471640e-006 1.279456e-005 -6.343229e+001 -1.812905e+002 9.138773e-010
1.542557e+001 4.414685e-006 1.263178e-005 -6.383934e+001 -1.824552e+002 8.950363e-010
1.542557e+001 4.358544e-006 1.247133e-005 -6.424834e+001 -1.836255e+002 8.766145e-010
1.542557e+001 4.303205e-006 1.231316e-005 -6.465930e+001 -1.848014e+002 8.585995e-010
1.542557e+001 4.248654e-006 1.215725e-005 -6.507223e+001 -1.859830e+002 8.409849e-010
1.542557e+001 4.194880e-006 1.200356e-005 -6.548712e+001 -1.871702e+002 8.237554e-010
1.542557e+001 4.141871e-006 1.185205e-005 -6.590398e+001 -1.883630e+002 8.069064e-010
1.542557e+001 4.089614e-006 1.170269e-005 -6.632283e+001 -1.895616e+002 7.904286e-010
1.542557e+001 4.038097e-006 1.155545e-005 -6.674367e+001 -1.907658e+002 7.743146e-010
1.542557e+001 3.987309e-006 1.141029e-005 -6.716650e+001 -1.919758e+002 7.585511e-010
1.542557e+001 3.937238e-006 1.126717e-005 -6.759133e+001 -1.931916e+002 7.431326e-010
1.542557e+001 3.887873e-006 1.112608e-005 -6.801816e+001 -1.944130e+002 7.280532e-010
1.542557e+001 3.839203e-006 1.098697e-005 -6.844701e+001 -1.956403e+002 7.133038e-010
1.542557e+001 3.791217e-006 1.084981e-005 -6.887788e+001 -1.968734e+002 6.988757e-010
1.542557e+001 3.743905e-006 1.071457e-005 -6.931078e+001 -1.981122e+002 6.847583e-010
1.542557e+001 3.697256e-006 1.058124e-005 -6.974570e+001 -1.993570e+002 6.709490e-010
1.542557e+001 3.651259e-006 1.044976e-005 -7.018267e+001 -2.006075e+002 6.574397e-010
1.542557e+001 3.605905e-006 1.032012e-005 -7.062168e+001 -2.018640e+002 6.442229e-010
1.542557e+001 3.561183e-006 1.019229e-005 -7.106273e+001 -2.031263e+002 6.312899e-010
1.542557e+001 3.517085e-006 1.006624e-005 -7.150585e+001 -2.043945e+002 6.186389e-010
1.542557e+001 3.473599e-006 9.941937e-006 -7.195103e+001 -2.056687e+002 6.062592e-010
1.542557e+001 3.430718e-006 9.819362e-006 -7.239827e+001 -2.069488e+002 5.941438e-010
1.542557e+001 3.388430e-006 9.698484e-006 -7.284760e+001 -2.082348e+002 5.822929e-010
1.542557e+001 3.346728e-006 9.579279e-006 -7.329900e+001 -2.095269e+002 5.706953e-010
1.542557e+001 3.305603e-006 9.461719e-006 -7.375250e+001 -2.108249e+002 5.593440e-010
1.542557e+001 3.265045e-006 9.345781e-006 -7.420809e+001 -2.121290e+002 5.482368e-010
1.542557e+001 3.225045e-006 9.231440e-006 -7.466578e+001 -2.134390e+002 5.373668e-010
1.542557e+001 3.185596e-006 9.118670e-006 -7.512557e+001 -2.147552e+002 5.267278e-010
1.542557e+001 3.146689e-006 9.007449e-006 -7.558749e+001 -2.160774e+002 5.163168e-010
1.542557e+001 3.108315e-006 8.897751e-006 -7.605152e+001 -2.174057e+002 5.061274e-010
1.542557e+001 3.070467e-006 8.789555e-006 -7.651768e+001 -2.187401e+002 4.961512e-010
1.542557e+001 3.033136e-006 8.682838e-006 -7.698597e+001 -2.200807e+002 4.863905e-010
1.542557e+001 2.996314e-006 8.577576e-006 -7.745640e+001 -2.214274e+002 4.768336e-010
1.542557e+001 2.959995e-006 8.473748e-006 -7.792898e+001 -2.227803e+002 4.674811e-010
1.542557e+001 2.924170e-006 8.371333e-006 -7.840371e+001 -2.241393e+002 4.583197e-010
1.542557e+001 2.888832e-006 8.270309e-006 -7.888060e+001 -2.255046e+002 4.493582e-010
1.542557e+001 2.853974e-006 8.170654e-006 -7.935966e+001 -2.268760e+002 4.405846e-010
1.542557e+001 2.819587e-006 8.072349e-006 -7.984089e+001 -2.282538e+002 4.319922e-010
1.542557e+001 2.785666e-006 7.975373e-006 -8.032429e+001 -2.296377e+002 4.235800e-010
1.542557e+001 2.752203e-006 7.879706e-006 -8.080989e+001 -2.310280e+002 4.153476e-010
1.542557e+001 2.719192e-006 7.785329e-006 -8.129767e+001 -2.324246e+002 4.072844e-010
1.542557e+001 2.686625e-006 7.692222e-006 -8.178765e+001 -2.338274e+002 3.993881e-010
1.542557e+001 2.654496e-006 7.600367e-006 -8.227983e+001 -2.352367e+002 3.916590e-010
1.542557e+001 2.622799e-006 7.509744e-006 -8.277423e+001 -2.366522e+002 3.840900e-010
1.542557e+001 2.591526e-006 7.420335e-006 -8.327084e+001 -2.380742e+002 3.766797e-010
1.542557e+001 2.560672e-006 7.332123e-006 -8.376968e+001 -2.395025e+002 3.694210e-010
1.542557e+001 2.530231e-006 7.245089e-006 -8.427075e+001 -2.409373e+002 3.623151e-010
1.542557e+001 2.500196e-006 7.159216e-006 -8.477405e+001 -2.423785e+002 3.553534e-010
1.542557e+001 2.470561e-006 7.074486e-006 -8.527961e+001 -2.438261e+002 3.485383e-010
1.542557e+001 2.441321e-006 6.990884e-006 -8.578741e+001 -2.452802e+002 3.418615e-010
1.542557e+001 2.412469e-006 6.908391e-006 -8.629746e+001 -2.467408e+002 3.353245e-010
1.542557e+001 2.384000e-006 6.826993e-006 -8.680979e+001 -2.482079e+002 3.289206e-010
1.542557e+001 2.355909e-006 6.746673e-006 -8.732438e+001 -2.496815e+002 3.226471e-010
1.542557e+001 2.328189e-006 6.667414e-006 -8.784125e+001 -2.511617e+002 3.165029e-010
1.542557e+001 2.300835e-006 6.589202e-006 -8.836040e+001 -2.526485e+002 3.104858e-010
1.542557e+001 2.273842e-006 6.512021e-006 -8.888184e+001 -2.541418e+002 3.045916e-010
1.542557e+001 2.247205e-006 6.435856e-006 -8.940558e+001 -2.556417e+002 2.988180e-010
1.542557e+001 2.220918e-006 6.360692e-006 -8.993162e+001 -2.571483e+002 2.931599e-010
1.542557e+001 2.194976e-006 6.286514e-006 -9.045997e+001 -2.586615e+002 2.876196e-010
1.542557e+001 2.169374e-006 6.213309e-006 -9.099065e+001 -2.601814e+002 2.821912e-010
1.542557e+001 2.144108e-006 6.141061e-006 -9.152364e+001 -2.617080e+002 2.768718e-010
1.542557e+001 2.119172e-006 6.069758e-006 -9.205896e+001 -2.632412e+002 2.716611e-010
1.542557e+001 2.094562e-006 5.999385e-006 -9.259663e+001 -2.647812e+002 2.665566e-010
1.542557e+001 2.070273e-006 5.929929e-006 -9.313663e+001 -2.663280e+002 2.615533e-010
1.542557e+001 2.046300e-006 5.861377e-006 -9.367898e+001 -2.678815e+002 2.566528e-010
1.542557e+001 2.022638e-006 5.793715e-006 -9.422369e+001 -2.694417e+002 2.518501e-010
1.542557e+001 1.999284e-006 5.726931e-006 -9.477077e+001 -2.710088e+002 2.471453e-010
1.542557e+001 1.976233e-006 5.661012e-006 -9.532022e+001 -2.725827e+002 2.425325e-010
1.542557e+001 1.953479e-006 5.595946e-006 -9.587204e+001 -2.741635e+002 2.380156e-010
1.542557e+001 1.931020e-006 5.531720e-006 -9.642625e+001 -2.757511e+002 2.335873e-010
1.542557e+001 1.908852e-006 5.468323e-006 -9.698285e+001 -2.773455e+002 2.292463e-010
1.542557e+001 1.886968e-006 5.405742e-006 -9.754184e+001 -2.789469e+002 2.249951e-010
1.542557e+001 1.865367e-006 5.343966e-006 -9.810325e+001 -2.805552e+002 2.208279e-010
1.542557e+001 1.844043e-006 5.282984e-006 -9.866706e+001 -2.821705e+002 2.167420e-010
1.542557e+001 1.822992e-006 5.222783e-006 -9.923329e+001 -2.837927e+002 2.127384e-010
1.542557e+001 1.802212e-006 5.163354e-006 -9.980195e+001 -2.854219e+002 2.088147e-010
1.542557e+001 1.781697e-006 5.104684e-006 -1.003730e+002 -2.870581e+002 2.049687e-010
1.542557e+001 1.761445e-006 5.046764e-006 -1.009466e+002 -2.887013e+002 2.011980e-010
1.542557e+001 1.741451e-006 4.989582e-006 -1.015225e+002 -2.903515e+002 1.975039e-010
1.542557e+001 1.721712e-006 4.933128e-006 -1.021010e+002 -2.920088e+002 1.938804e-010
1.542557e+001 1.702224e-006 4.877392e-006 -1.026818e+002 -2.936732e+002 1.903301e-010
1.542557e+001 1.682984e-006 4.822364e-006 -1.032652e+002 -2.953447e+002 1.868488e-010
1.542557e+001 1.663987e-006 4.768034e-006 -1.038510e+002 -2.970233e+002 1.834371e-010
1.542557e+001 1.645232e-006 4.714391e-006 -1.044393e+002 -2.987091e+002 1.800918e-010
1.542557e+001 1.626714e-006 4.661427e-006 -1.050301e+002 -3.004020e+002 1.768099e-010
1.542557e+001 1.608430e-006 4.609132e-006 -1.056234e+002 -3.021021e+002 1.735956e-010
1.542557e+001 1.590377e-006 4.557496e-006 -1.062192e+002 -3.038094e+002 1.704425e-010
1.542557e+001 1.572551e-006 4.506510e-006 -1.068175e+002 -3.055239e+002 1.673514e-010
1.542557e+001 1.554949e-006 4.456165e-006 -1.074183e+002 -3.072457e+002 1.643201e-010
1.542557e+001 1.537569e-006 4.406453e-006 -1.080216e+002 -3.089747e+002 1.613492e-010
1.542557e+001 1.520407e-006 4.357363e-006 -1.086275e+002 -3.107110e+002 1.584354e-010
1.542557e+001 1.503460e-006 4.308888e-006 -1.092358e+002 -3.124547e+002 1.555778e-010
1.542557e+001 1.486724e-006 4.261019e-006 -1.098468e+002 -3.142056e+002 1.527763e-010
1.542557e+001 1.470198e-006 4.213748e-006 -1.104603e+002 -3.159639e+002 1.500276e-010
1.542557e+001 1.453879e-006 4.167066e-006 -1.110763e+002 -3.177295e+002 1.473343e-010
1.542557e+001 1.437762e-006 4.120966e-006 -1.116949e+002 -3.195026e+002 1.446908e-010
1.542557e+001 1.421847e-006 4.075439e-006 -1.123161e+002 -3.212830e+002 1.421003e-010
1.542557e+001 1.406128e-006 4.030476e-006 -1.129398e+002 -3.230709e+002 1.395589e-010
1.542557e+001 1.390606e-006 3.986072e-006 -1.135661e+002 -3.248662e+002 1.370646e-010
1.542557e+001 1.375275e-006 3.942217e-006 -1.141951e+002 -3.266690e+002 1.346216e-010
1.542557e+001 1.360134e-006 3.898905e-006 -1.148266e+002 -3.284793e+002 1.322223e-010
1.542557e+001 1.345181e-006 3.856128e-006 -1.154607e+002 -3.302971e+002 1.298712e-010
1.542557e+001 1.330411e-006 3.813877e-006 -1.160975e+002 -3.321224e+002 1.275642e-010
1.542557e+001 1.315824e-006 3.772148e-006 -1.167368e+002 -3.339552e+002 1.253016e-010
1.542557e+001 1.301417e-006 3.730931e-006 -1.173788e+002 -3.357957e+002 1.230819e-010
1.542557e+001 1.287186e-006 3.690220e-006 -1.180234e+002 -3.376437e+002 1.209044e-010
1.542557e+001 1.273131e-006 3.650009e-006 -1.186707e+002 -3.394994e+002 1.187687e-010
1.542557e+001 1.259247e-006 3.610291e-006 -1.193206e+002 -3.413626e+002 1.166726e-010
1.542557e+001 1.245534e-006 3.571058e-006 -1.199732e+002 -3.432336e+002 1.146178e-010
1.542557e+001 1.231988e-006 3.532304e-006 -1.206284e+002 -3.451122e+002 1.126010e-010
1.542557e+001 1.218607e-006 3.494023e-006 -1.212863e+002 -3.469985e+002 1.106222e-010
1.542557e+001 1.205390e-006 3.456208e-006 -1.219469e+002 -3.488925e+002 1.086819e-010
1.542557e+001 1.192334e-006 3.418853e-006 -1.226101e+002 -3.507943e+002 1.067773e-010
1.542557e+001 1.179436e-006 3.381952e-006 -1.232761e+002 -3.527039e+002 1.049085e-010
1.542557e+001 1.166695e-006 3.345498e-006 -1.239447e+002 -3.546212e+002 1.030752e-010
1.542557e+001 1.154108e-006 3.309486e-006 -1.246161e+002 -3.565463e+002 1.012766e-010
1.542557e+001 1.141674e-006 3.273910e-006 -1.252901e+002 -3.584792e+002 9.951140e-011
1.542557e+001 1.129390e-006 3.238764e-006 -1.259669e+002 -3.604200e+002 9.777922e-011
1.542557e+001 1.117255e-006 3.204041e-006 -1.266464e+002 -3.623687e+002 9.607989e-011
1.542557e+001 1.105266e-006 3.169737e-006 -1.273287e+002 -3.643252e+002 9.441168e-011
1.542557e+001 1.093421e-006 3.135846e-006 -1.280136e+002 -3.662897e+002 9.277501e-011
1.542557e+001 1.081719e-006 3.102362e-006 -1.287014e+002 -3.682621e+002 9.116917e-011
1.542557e+001 1.070158e-006 3.069280e-006 -1.293919e+002 -3.702424e+002 8.959246e-011
1.542557e+001 1.058735e-006 3.036595e-006 -1.300851e+002 -3.722307e+002 8.804529e-011
1.542557e+001 1.047449e-006 3.004301e-006 -1.307811e+002 -3.742270e+002 8.652733e-011
1.542557e+001 1.036298e-006 2.972392e-006 -1.314799e+002 -3.762313e+002 8.503789e-011
1.542557e+001 1.025281e-006 2.940865e-006 -1.321815e+002 -3.782437e+002 8.357431e-011
1.542557e+001 1.014394e-006 2.909714e-006 -1.328859e+002 -3.802641e+002 8.213944e-011
1.542557e+001 1.003638e-006 2.878934e-006 -1.335930e+002 -3.822925e+002 8.073020e-011
1.542557e+001 9.930098e-007 2.848519e-006 -1.343030e+002 -3.843291e+002 7.934764e-011
1.542557e+001 9.825077e-007 2.818466e-006 -1.350158e+002 -3.863739e+002 7.799076e-011
1.542557e+001 9.721303e-007 2.788769e-006 -1.357314e+002 -3.884267e+002 7.665779e-011
1.542557e+001 9.618760e-007 2.759423e-006 -1.364498e+002 -3.904877e+002 7.535003e-011
1.542557e+001 9.517431e-007 2.730425e-006 -1.371711e+002 -3.925570e+002 7.406591e-011
1.542557e+001 9.417300e-007 2.701769e-006 -1.378952e+002 -3.946344e+002 7.280547e-011
1.542557e+001 9.318352e-007 2.673452e-006 -1.386222e+002 -3.967200e+002 7.156794e-011
1.542557e+001 9.220570e-007 2.645468e-006 -1.393520e+002 -3.988139e+002 7.035398e-011
1.542557e+001 9.123940e-007 2.617813e-006 -1.400847e+002 -4.009161e+002 6.916123e-011
1.542557e+001 9.028446e-007 2.590483e-006 -1.408203e+002 -4.030266e+002 6.799071e-011
1.542557e+001 8.934075e-007 2.563473e-006 -1.415587e+002 -4.051454e+002 6.684089e-011
1.542557e+001 8.840811e-007 2.536781e-006 -1.423001e+002 -4.072725e+002 6.571229e-011
1.542557e+001 8.748639e-007 2.510400e-006 -1.430443e+002 -4.094081e+002 6.460440e-011
1.542557e+001 8.657546e-007 2.484328e-006 -1.437914e+002 -4.115519e+002 6.351640e-011
1.542557e+001 8.567517e-007 2.458561e-006 -1.445414e+002 -4.137043e+002 6.244863e-011
1.542557e+001 8.478539e-007 2.433093e-006 -1.452944e+002 -4.158650e+002 6.139919e-011
1.542557e+001 8.390599e-007 2.407923e-006 -1.460503e+002 -4.180341e+002 6.036902e-011
1.542557e+001 8.303682e-007 2.383045e-006 -1.468091e+002 -4.202118e+002 5.935810e-011
1.542557e+001 8.217776e-007 2.358456e-006 -1.475708e+002 -4.223979e+002 5.836471e-011
1.542557e+001 8.132868e-007 2.334152e-006 -1.483355e+002 -4.245926e+002 5.738904e-011
1.542557e+001 8.048944e-007 2.310129e-006 -1.491032e+002 -4.267958e+002 5.643157e-011
1.542557e+001 7.965992e-007 2.286385e-006 -1.498738e+002 -4.290075e+002 5.549062e-011
1.542557e+001 7.884001e-007 2.262915e-006 -1.506473e+002 -4.312278e+002 5.456680e-011
1.542557e+001 7.802956e-007 2.239716e-006 -1.514239e+002 -4.334568e+002 5.366000e-011
1.542557e+001 7.722845e-007 2.216784e-006 -1.522034e+002 -4.356943e+002 5.276972e-011
1.542557e+001 7.643658e-007 2.194116e-006 -1.529860e+002 -4.379406e+002 5.189403e-011
1.542557e+001 7.565383e-007 2.171708e-006 -1.537715e+002 -4.401954e+002 5.103437e-011
1.542557e+001 7.488006e-007 2.149558e-006 -1.545600e+002 -4.424590e+002 5.019102e-011
1.542557e+001 7.411518e-007 2.127661e-006 -1.553516e+002 -4.447313e+002 4.936184e-011
1.542557e+001 7.335907e-007 2.106016e-006 -1.561461e+002 -4.470123e+002 4.854707e-011
1.542557e+001 7.261161e-007 2.084618e-006 -1.569437e+002 -4.493022e+002 4.774749e-011
1.542557e+001 7.187270e-007 2.063464e-006 -1.577444e+002 -4.516007e+002 4.696191e-011
1.542557e+001 7.114223e-007 2.042551e-006 -1.585480e+002 -4.539081e+002 4.618975e-011
1.542557e+001 7.042010e-007 2.021877e-006 -1.593548e+002 -4.562243e+002 4.543146e-011
1.542557e+001 6.970619e-007 2.001438e-006 -1.601645e+002 -4.585494e+002 4.468713e-011
1.542557e+001 6.900040e-007 1.981231e-006 -1.609774e+002 -4.608833e+002 4.395497e-011
1.542557e+001 6.830263e-007 1.961254e-006 -1.617933e+002 -4.632262e+002 4.323663e-011
1.542557e+001 6.761278e-007 1.941503e-006 -1.626123e+002 -4.655779e+002 4.253070e-011
1.542557e+001 6.693075e-007 1.921975e-006 -1.634344e+002 -4.679386e+002 4.183663e-011
1.542557e+001 6.625644e-007 1.902668e-006 -1.642596e+002 -4.703083e+002 4.115531e-011
1.542557e+001 6.558975e-007 1.883580e-006 -1.650879e+002 -4.726869e+002 4.048553e-011
1.542557e+001 6.493060e-007 1.864706e-006 -1.659193e+002 -4.750746e+002 3.982757e-011
1.542557e+001 6.427887e-007 1.846046e-006 -1.667539e+002 -4.774713e+002 3.918141e-011
1.542557e+001 6.363449e-007 1.827595e-006 -1.675915e+002 -4.798770e+002 3.854607e-011
1.542557e+001 6.299736e-007 1.809351e-006 -1.684323e+002 -4.822918e+002 3.792219e-011
1.542557e+001 6.236739e-007 1.791312e-006 -1.692763e+002 -4.847158e+002 3.730908e-011
1.542557e+001 6.174448e-007 1.773475e-006 -1.701234e+002 -4.871488e+002 3.670652e-011
1.542557e+001 6.112856e-007 1.755838e-006 -1.709736e+002 -4.895910e+002 3.611466e-011
1.542557e+001 6.051953e-007 1.738398e-006 -1.718270e+002 -4.920424e+002 3.553282e-011
1.542557e+001 5.991731e-007 1.721153e-006 -1.726836e+002 -4.945029e+002 3.496109e-011
1.542557e+001 5.932181e-007 1.704100e-006 -1.735434e+002 -4.969727e+002 3.439951e-011
1.542557e+001 5.873296e-007 1.687237e-006 -1.744064e+002 -4.994517e+002 3.384729e-011
1.542557e+001 5.815067e-007 1.670562e-006 -1.752725e+002 -5.019400e+002 3.330488e-011
1.542557e+001 5.757485e-007 1.654072e-006 -1.761419e+002 -5.044375e+002 3.277143e-011
1.542557e+001 5.700544e-007 1.637764e-006 -1.770144e+002 -5.069443e+002 3.224745e-011
1.542557e+001 5.644234e-007 1.621638e-006 -1.778902e+002 -5.094605e+002 3.173267e-011
1.542557e+001 5.588549e-007 1.605690e-006 -1.787692e+002 -5.119861e+002 3.122626e-011
1.542557e+001 5.533480e-007 1.589918e-006 -1.796515e+002 -5.145210e+002 3.072894e-011
1.542557e+001 5.479019e-007 1.574321e-006 -1.805370e+002 -5.170653e+002 3.024010e-011
1.542557e+001 5.425161e-007 1.558896e-006 -1.814257e+002 -5.196190e+002 2.975942e-011
1.542557e+001 5.371896e-007 1.543640e-006 -1.823177e+002 -5.221822e+002 2.928699e-011
1.542557e+001 5.319219e-007 1.528552e-006 -1.832130e+002 -5.247548e+002 2.882275e-011
1.542557e+001 5.267121e-007 1.513630e-006 -1.841115e+002 -5.273369e+002 2.836629e-011
1.542557e+001 5.215596e-007 1.498872e-006 -1.850134e+002 -5.299286e+002 2.791784e-011
1.542557e+001 5.164635e-007 1.484276e-006 -1.859185e+002 -5.325298e+002 2.747710e-011
1.542557e+001 5.114234e-007 1.469839e-006 -1.868269e+002 -5.351405e+002 2.704352e-011
1.542557e+001 5.064385e-007 1.455560e-006 -1.877386e+002 -5.377609e+002 2.661750e-011
1.542557e+001 5.015080e-007 1.441437e-006 -1.886537e+002 -5.403908e+002 2.619858e-011
1.542557e+001 4.966314e-007 1.427468e-006 -1.895720e+002 -5.430304e+002 2.578690e-011
1.542557e+001 4.918080e-007 1.413652e-006 -1.904937e+002 -5.456797e+002 2.538216e-011
1.542557e+001 4.870372e-007 1.399985e-006 -1.914187e+002 -5.483386e+002 2.498396e-011
1.542557e+001 4.823183e-007 1.386467e-006 -1.923471e+002 -5.510073e+002 2.459294e-011
1.542557e+001 4.776507e-007 1.373096e-006 -1.932788e+002 -5.536856e+002 2.420795e-011
1.542557e+001 4.730338e-007 1.359870e-006 -1.942139e+002 -5.563737e+002 2.382978e-011
1.542557e+001 4.684670e-007 1.346787e-006 -1.951524e+002 -5.590716e+002 2.345795e-011
1.542557e+001 4.639496e-007 1.333846e-006 -1.960942e+002 -5.617793e+002 2.309246e-011
1.542557e+001 4.594811e-007 1.321044e-006 -1.970394e+002 -5.644968e+002 2.273265e-011
1.542557e+001 4.550609e-007 1.308381e-006 -1.979880e+002 -5.672242e+002 2.237952e-011
1.542557e+001 4.506884e-007 1.295853e-006 -1.989400e+002 -5.699614e+002 2.203216e-011
1.542557e+001 4.463630e-007 1.283461e-006 -1.998954e+002 -5.727086e+002 2.169025e-011
1.542557e+001 4.420842e-007 1.271202e-006 -2.008542e+002 -5.754656e+002 2.135389e-011
1.542557e+001 4.378515e-007 1.259075e-006 -2.018165e+002 -5.782326e+002 2.102367e-011
1.542557e+001 4.336641e-007 1.247077e-006 -2.027822e+002 -5.810095e+002 2.069872e-011
1.542557e+001 4.295218e-007 1.235209e-006 -2.037513e+002 -5.837964e+002 2.037900e-011
1.542557e+001 4.254238e-007 1.223467e-006 -2.047239e+002 -5.865934e+002 2.006509e-011
1.542557e+001 4.213697e-007 1.211851e-006 -2.056999e+002 -5.894003e+002 1.975566e-011
1.542557e+001 4.173589e-007 1.200358e-006 -2.066794e+002 -5.922174e+002 1.945211e-011
1.542557e+001 4.133909e-007 1.188988e-006 -2.076624e+002 -5.950446e+002 1.915337e-011
1.542557e+001 4.094653e-007 1.177740e-006 -2.086488e+002 -5.978818e+002 1.885909e-011
1.542557e+001 4.055815e-007 1.166610e-006 -2.096387e+002 -6.007292e+002 1.857029e-011
1.542557e+001 4.017390e-007 1.155600e-006 -2.106322e+002 -6.035867e+002 1.828589e-011
1.542557e+001 3.979374e-007 1.144706e-006 -2.116291e+002 -6.064544e+002 1.800620e-011
1.542557e+001 3.941762e-007 1.133927e-006 -2.126295e+002 -6.093323e+002 1.773090e-011
1.542557e+001 3.904548e-007 1.123263e-006 -2.136335e+002 -6.122204e+002 1.746048e-011
1.542557e+001 3.867728e-007 1.112711e-006 -2.146409e+002 -6.151188e+002 1.719467e-011
1.542557e+001 3.831298e-007 1.102271e-006 -2.156520e+002 -6.180275e+002 1.693290e-011
1.542557e+001 3.795253e-007 1.091941e-006 -2.166665e+002 -6.209464e+002 1.667537e-011
1.542557e+001 3.759588e-007 1.081719e-006 -2.176846e+002 -6.238757e+002 1.642229e-011
1.542557e+001 3.724299e-007 1.071605e-006 -2.187063e+002 -6.268154e+002 1.617320e-011
1.542557e+001 3.689381e-007 1.061598e-006 -2.197316e+002 -6.297654e+002 1.592834e-011
1.542557e+001 3.654831e-007 1.051695e-006 -2.207604e+002 -6.327259e+002 1.568750e-011
1.542557e+001 3.620643e-007 1.041897e-006 -2.217928e+002 -6.356968e+002 1.545008e-011
1.542557e+001 3.586814e-007 1.032201e-006 -2.228288e+002 -6.386781e+002 1.521711e-011
1.542557e+001 3.553341e-007 1.022606e-006 -2.238684e+002 -6.416699e+002 1.498740e-011
1.542557e+001 3.520216e-007 1.013112e-006 -2.249117e+002 -6.446722e+002 1.476194e-011
1.542557e+001 3.487439e-007 1.003717e-006 -2.259585e+002 -6.476851e+002 1.453967e-011
1.542557e+001 3.455004e-007 9.944194e-007 -2.270090e+002 -6.507084e+002 1.432126e-011
1.542557e+001 3.422907e-007 9.852190e-007 -2.280631e+002 -6.537424e+002 1.410635e-011
1.542557e+001 3.391145e-007 9.761141e-007 -2.291208e+002 -6.567870e+002 1.389504e-011
1.542557e+001 3.359713e-007 9.671040e-007 -2.301822e+002 -6.598421e+002 1.368670e-011
1.542557e+001 3.328608e-007 9.581874e-007 -2.312472e+002 -6.629080e+002 1.348206e-011
1.542557e+001 3.297826e-007 9.493632e-007 -2.323159e+002 -6.659845e+002 1.328068e-011
1.542557e+001 3.267364e-007 9.406304e-007 -2.333883e+002 -6.690716e+002 1.308238e-011
1.542557e+001 3.237217e-007 9.319879e-007 -2.344644e+002 -6.721695e+002 1.288740e-011
1.542557e+001 3.207382e-007 9.234346e-007 -2.355441e+002 -6.752782e+002 1.269563e-011
1.542557e+001 3.177856e-007 9.149696e-007 -2.366276e+002 -6.783976e+002 1.250670e-011
1.542557e+001 3.148634e-007 9.065919e-007 -2.377147e+002 -6.815278e+002 1.232092e-011
1.542557e+001 3.119714e-007 8.983005e-007 -2.388056e+002 -6.846688e+002 1.213810e-011
1.542557e+001 3.091092e-007 8.900941e-007 -2.399002e+002 -6.878207e+002 1.195838e-011
1.542557e+001 3.062764e-007 8.819721e-007 -2.409985e+002 -6.909834e+002 1.178133e-011
1.542557e+001 3.034727e-007 8.739335e-007 -2.421006e+002 -6.941571e+002 1.160701e-011
1.542557e+001 3.006979e-007 8.659773e-007 -2.432064e+002 -6.973416e+002 1.143556e-011
1.542557e+001 2.979514e-007 8.581024e-007 -2.443160e+002 -7.005371e+002 1.126694e-011
1.542557e+001 2.952332e-007 8.503081e-007 -2.454293e+002 -7.037436e+002 1.110086e-011
1.542557e+001 2.925427e-007 8.425934e-007 -2.465464e+002 -7.069611e+002 1.093756e-011
1.542557e+001 2.898797e-007 8.349574e-007 -2.476673e+002 -7.101895e+002 1.077656e-011
1.542557e+001 2.872439e-007 8.273992e-007 -2.487920e+002 -7.134291e+002 1.061836e-011
1.542557e+001 2.846351e-007 8.199181e-007 -2.499204e+002 -7.166796e+002 1.046242e-011
1.542557e+001 2.820528e-007 8.125129e-007 -2.510527e+002 -7.199413e+002 1.030926e-011
1.542557e+001 2.794967e-007 8.051828e-007 -2.521888e+002 -7.232141e+002 1.015843e-011
1.542557e+001 2.769666e-007 7.979270e-007 -2.533287e+002 -7.264981e+002 1.001009e-011
1.542557e+001 2.744622e-007 7.907448e-007 -2.544724e+002 -7.297932e+002 9.863749e-012
1.542557e+001 2.719832e-007 7.836352e-007 -2.556200e+002 -7.330996e+002 9.719919e-012
1.542557e+001 2.695293e-007 7.765975e-007 -2.567715e+002 -7.364172e+002 9.578322e-012
1.542557e+001 2.671002e-007 7.696310e-007 -2.579268e+002 -7.397460e+002 9.438810e-012
1.542557e+001 2.646957e-007 7.627347e-007 -2.590859e+002 -7.430861e+002 9.301610e-012
1.542557e+001 2.623155e-007 7.559078e-007 -2.602489e+002 -7.464374e+002 9.166493e-012
1.542557e+001 2.599593e-007 7.491497e-007 -2.614158e+002 -7.498002e+002 9.033606e-012
1.542557e+001 2.576268e-007 7.424595e-007 -2.625866e+002 -7.531742e+002 8.902674e-012
1.542557e+001 2.553177e-007 7.358364e-007 -2.637613e+002 -7.565597e+002 8.773844e-012
1.542557e+001 2.530319e-007 7.292798e-007 -2.649399e+002 -7.599565e+002 8.647021e-012
1.542557e+001 2.507690e-007 7.227888e-007 -2.661225e+002 -7.633648e+002 8.522290e-012
1.542557e+001 2.485288e-007 7.163629e-007 -2.673089e+002 -7.667845e+002 8.399098e-012
1.542557e+001 2.463111e-007 7.100011e-007 -2.684992e+002 -7.702157e+002 8.278222e-012
1.542557e+001 2.441155e-007 7.037029e-007 -2.696935e+002 -7.736584e+002 8.159001e-012
1.542557e+001 2.419419e-007 6.974674e-007 -2.708918e+002 -7.771127e+002 8.041906e-012
1.542557e+001 2.397900e-007 6.912942e-007 -2.720940e+002 -7.805785e+002 7.926127e-012
1.542557e+001 2.376596e-007 6.851824e-007 -2.733002e+002 -7.840558e+002 7.812449e-012
1.542557e+001 2.355504e-007 6.791313e-007 -2.745103e+002 -7.875448e+002 7.700637e-012
1.542557e+001 2.334621e-007 6.731403e-007 -2.757244e+002 -7.910454e+002 7.590331e-012
1.542557e+001 2.313946e-007 6.672086e-007 -2.769426e+002 -7.945577e+002 7.481959e-012
1.542557e+001 2.293477e-007 6.613357e-007 -2.781647e+002 -7.980817e+002 7.375130e-012
1.542557e+001 2.273210e-007 6.555210e-007 -2.793908e+002 -8.016174e+002 7.269764e-012
1.542557e+001 2.253144e-007 6.497638e-007 -2.806210e+002 -8.051648e+002 7.166231e-012
1.542557e+001 2.233277e-007 6.440634e-007 -2.818551e+002 -8.087240e+002 7.064236e-012
1.542557e+001 2.213607e-007 6.384193e-007 -2.830933e+002 -8.122949e+002 6.963706e-012
1.542557e+001 2.194131e-007 6.328308e-007 -2.843356e+002 -8.158777e+002 6.864767e-012
1.542557e+001 2.174847e-007 6.272974e-007 -2.855818e+002 -8.194722e+002 6.767326e-012
1.542557e+001 2.155752e-007 6.218183e-007 -2.868322e+002 -8.230787e+002 6.671491e-012
1.542557e+001 2.136846e-007 6.163930e-007 -2.880866e+002 -8.266970e+002 6.577020e-012
1.542557e+001 2.118126e-007 6.110210e-007 -2.893450e+002 -8.303273e+002 6.483973e-012
1.542557e+001 2.099590e-007 6.057016e-007 -2.906076e+002 -8.339695e+002 6.392366e-012
1.542557e+001 2.081236e-007 6.004343e-007 -2.918742e+002 -8.376236e+002 6.302160e-012
1.542557e+001 2.063061e-007 5.952185e-007 -2.931450e+002 -8.412898e+002 6.213317e-012
1.542557e+001 2.045065e-007 5.900538e-007 -2.944198e+002 -8.449679e+002 6.125765e-012
1.542557e+001 2.027244e-007 5.849392e-007 -2.956988e+002 -8.486582e+002 6.039785e-012
1.542557e+001 2.009597e-007 5.798745e-007 -2.969819e+002 -8.523606e+002 5.954930e-012
1.542557e+001 1.992123e-007 5.748592e-007 -2.982691e+002 -8.560750e+002 5.871332e-012
1.542557e+001 1.974818e-007 5.698925e-007 -2.995605e+002 -8.598017e+002 5.789168e-012
1.542557e+001 1.957683e-007 5.649741e-007 -3.008561e+002 -8.635404e+002 5.707923e-012
1.542557e+001 1.940714e-007 5.601036e-007 -3.021558e+002 -8.672913e+002 5.628046e-012
1.542557e+001 1.923910e-007 5.552802e-007 -3.034596e+002 -8.710544e+002 5.549444e-012
1.542557e+001 1.907269e-007 5.505034e-007 -3.047677e+002 -8.748299e+002 5.472039e-012
1.542557e+001 1.890789e-007 5.457729e-007 -3.060799e+002 -8.786176e+002 5.395766e-012
1.542557e+001 1.874469e-007 5.410880e-007 -3.073964e+002 -8.824175e+002 5.320585e-012
1.542557e+001 1.858306e-007 5.364483e-007 -3.087170e+002 -8.862299e+002 5.246613e-012
1.542557e+001 1.842301e-007 5.318536e-007 -3.100419e+002 -8.900544e+002 5.173506e-012
1.542557e+001 1.826450e-007 5.273031e-007 -3.113709e+002 -8.938913e+002 5.101644e-012
1.542557e+001 1.810751e-007 5.227961e-007 -3.127042e+002 -8.977407e+002 5.031113e-012
1.542557e+001 1.795204e-007 5.183327e-007 -3.140417e+002 -9.016025e+002 4.961257e-012
1.542557e+001 1.779806e-007 5.139119e-007 -3.153835e+002 -9.054768e+002 4.892699e-012
1.542557e+001 1.764556e-007 5.095336e-007 -3.167296e+002 -9.093636e+002 4.825075e-012
1.542557e+001 1.749453e-007 5.051973e-007 -3.180799e+002 -9.132628e+002 4.758319e-012
1.542557e+001 1.734494e-007 5.009024e-007 -3.194345e+002 -9.171746e+002 4.692777e-012
1.542557e+001 1.719679e-007 4.966487e-007 -3.207933e+002 -9.210989e+002 4.628015e-012
1.542557e+001 1.705007e-007 4.924356e-007 -3.221564e+002 -9.250357e+002 4.564266e-012
1.542557e+001 1.690474e-007 4.882625e-007 -3.235239e+002 -9.289853e+002 4.501633e-012
1.542557e+001 1.676080e-007 4.841293e-007 -3.248957e+002 -9.329474e+002 4.439760e-012
1.542557e+001 1.661823e-007 4.800354e-007 -3.262717e+002 -9.369223e+002 4.378857e-012
1.542557e+001 1.647702e-007 4.759805e-007 -3.276521e+002 -9.409098e+002 4.318715e-012
1.542557e+001 1.633716e-007 4.719641e-007 -3.290368e+002 -9.449100e+002 4.259614e-012
1.542557e+001 1.619863e-007 4.679858e-007 -3.304259e+002 -9.489229e+002 4.201273e-012
1.542557e+001 1.606142e-007 4.640453e-007 -3.318193e+002 -9.529486e+002 4.143928e-012
1.542557e+001 1.592551e-007 4.601419e-007 -3.332171e+002 -9.569872e+002 4.087420e-012
1.542557e+001 1.579088e-007 4.562755e-007 -3.346192e+002 -9.610385e+002 4.031644e-012
1.542557e+001 1.565754e-007 4.524457e-007 -3.360257e+002 -9.651028e+002 3.976731e-012
1.542557e+001 1.552545e-007 4.486520e-007 -3.374366e+002 -9.691799e+002 3.922628e-012
1.542557e+001 1.539461e-007 4.448940e-007 -3.388520e+002 -9.732700e+002 3.869350e-012
1.542557e+001 1.526501e-007 4.411715e-007 -3.402717e+002 -9.773730e+002 3.816748e-012
1.542557e+001 1.513663e-007 4.374839e-007 -3.416958e+002 -9.814889e+002 3.764994e-012
1.542557e+001 1.500946e-007 4.338311e-007 -3.431243e+002 -9.856178e+002 3.713943e-012
1.542557e+001 1.488349e-007 4.302126e-007 -3.445573e+002 -9.897597e+002 3.663657e-012
1.542557e+001 1.475870e-007 4.266279e-007 -3.459947e+002 -9.939147e+002 3.614160e-012
1.542557e+001 1.463509e-007 4.230769e-007 -3.474366e+002 -9.980827e+002 3.565294e-012
1.542557e+001 1.451264e-007 4.195592e-007 -3.488828e+002 -1.002264e+003 3.517166e-012
1.542557e+001 1.439133e-007 4.160743e-007 -3.503336e+002 -1.006458e+003 3.469797e-012
1.542557e+001 1.427116e-007 4.126219e-007 -3.517889e+002 -1.010666e+003 3.423045e-012
1.542557e+001 1.415211e-007 4.092018e-007 -3.532486e+002 -1.014886e+003 3.377036e-012
1.542557e+001 1.403418e-007 4.058135e-007 -3.547128e+002 -1.019120e+003 3.331587e-012
1.542557e+001 1.391735e-007 4.024568e-007 -3.561815e+002 -1.023367e+003 3.286941e-012
1.542557e+001 1.380161e-007 3.991313e-007 -3.576548e+002 -1.027627e+003 3.242854e-012
1.542557e+001 1.368694e-007 3.958367e-007 -3.591325e+002 -1.031901e+003 3.199393e-012
1.542557e+001 1.357335e-007 3.925726e-007 -3.606148e+002 -1.036188e+003 3.156613e-012
1.542557e+001 1.346081e-007 3.893389e-007 -3.621016e+002 -1.040488e+003 3.114352e-012
1.542557e+001 1.334932e-007 3.861352e-007 -3.635930e+002 -1.044802e+003 3.072713e-012
1.542557e+001 1.323886e-007 3.829611e-007 -3.650888e+002 -1.049129e+003 3.031714e-012
1.542557e+001 1.312942e-007 3.798162e-007 -3.665893e+002 -1.053470e+003 2.991465e-012
1.542557e+001 1.302100e-007 3.767004e-007 -3.680944e+002 -1.057824e+003 2.951493e-012
1.542557e+001 1.291358e-007 3.736135e-007 -3.696040e+002 -1.062191e+003 2.912248e-012
1.542557e+001 1.280716e-007 3.705549e-007 -3.711182e+002 -1.066572e+003 2.873578e-012
1.542557e+001 1.270171e-007 3.675244e-007 -3.726370e+002 -1.070967e+003 2.835468e-012
1.542557e+001 1.259724e-007 3.645219e-007 -3.741604e+002 -1.075375e+003 2.797809e-012
1.542557e+001 1.249374e-007 3.615470e-007 -3.756884e+002 -1.079796e+003 2.760724e-012
1.542557e+001 1.239118e-007 3.585993e-007 -3.772211e+002 -1.084232e+003 2.724304e-012
1.542557e+001 1.228957e-007 3.556787e-007 -3.787583e+002 -1.088681e+003 2.688218e-012
1.542557e+001 1.218889e-007 3.527848e-007 -3.803003e+002 -1.093144e+003 2.652740e-012
1.542557e+001 1.208914e-007 3.499174e-007 -3.818468e+002 -1.097620e+003 2.617713e-012
1.542557e+001 1.199030e-007 3.470763e-007 -3.833980e+002 -1.102110e+003 2.583172e-012
1.542557e+001 1.189236e-007 3.442610e-007 -3.849539e+002 -1.106614e+003 2.549261e-012
1.542557e+001 1.179532e-007 3.414714e-007 -3.865146e+002 -1.111132e+003 2.515732e-012
1.542557e+001 1.169917e-007 3.387072e-007 -3.880799e+002 -1.115663e+003 2.482690e-012
1.542557e+001 1.160390e-007 3.359682e-007 -3.896498e+002 -1.120209e+003 2.450081e-012
1.542557e+001 1.150949e-007 3.332542e-007 -3.912245e+002 -1.124768e+003 2.417869e-012
1.542557e+001 1.141595e-007 3.305648e-007 -3.928038e+002 -1.129341e+003 2.386186e-012
1.542557e+001 1.132326e-007 3.278998e-007 -3.943879e+002 -1.133928e+003 2.355047e-012
1.542557e+001 1.123141e-007 3.252589e-007 -3.959768e+002 -1.138529e+003 2.324286e-012
1.542557e+001 1.114039e-007 3.226419e-007 -3.975704e+002 -1.143144e+003 2.293890e-012
1.542557e+001 1.105020e-007 3.200486e-007 -3.991687e+002 -1.147774e+003 2.263988e-012
1.542557e+001 1.096083e-007 3.174789e-007 -4.007718e+002 -1.152417e+003 2.234429e-012
1.542557e+001 1.087227e-007 3.149322e-007 -4.023797e+002 -1.157074e+003 2.205391e-012
1.542557e+001 1.078451e-007 3.124086e-007 -4.039923e+002 -1.161745e+003 2.176637e-012
1.542557e+001 1.069754e-007 3.099077e-007 -4.056097e+002 -1.166431e+003 2.148431e-012
1.542557e+001 1.061136e-007 3.074292e-007 -4.072320e+002 -1.171131e+003 2.120552e-012
1.542557e+001 1.052596e-007 3.049732e-007 -4.088589e+002 -1.175845e+003 2.092944e-012
1.542557e+001 1.044133e-007 3.025392e-007 -4.104907e+002 -1.180572e+003 2.065817e-012
1.542557e+001 1.035746e-007 3.001270e-007 -4.121274e+002 -1.185315e+003 2.039176e-012
1.542557e+001 1.027434e-007 2.977364e-007 -4.137689e+002 -1.190072e+003 2.012805e-012
1.542557e+001 1.019196e-007 2.953672e-007 -4.154153e+002 -1.194843e+003 1.986862e-012
1.542557e+001 1.011034e-007 2.930193e-007 -4.170664e+002 -1.199628e+003 1.961109e-012
1.542557e+001 1.002944e-007 2.906924e-007 -4.187224e+002 -1.204428e+003 1.935852e-012
1.542557e+001 9.949261e-008 2.883861e-007 -4.203834e+002 -1.209242e+003 1.911009e-012
1.542557e+001 9.869804e-008 2.861005e-007 -4.220492e+002 -1.214070e+003 1.886381e-012
1.542557e+001 9.791058e-008 2.838352e-007 -4.237199e+002 -1.218913e+003 1.862139e-012
1.542557e+001 9.713014e-008 2.815901e-007 -4.253955e+002 -1.223771e+003 1.838245e-012
1.542557e+001 9.635667e-008 2.793650e-007 -4.270760e+002 -1.228643e+003 1.814653e-012
1.542557e+001 9.559014e-008 2.771597e-007 -4.287613e+002 -1.233529e+003 1.791308e-012
1.542557e+001 9.483039e-008 2.749739e-007 -4.304516e+002 -1.238431e+003 1.768495e-012
1.542557e+001 9.407742e-008 2.728075e-007 -4.321469e+002 -1.243346e+003 1.745822e-012
1.542557e+001 9.333113e-008 2.706603e-007 -4.338471e+002 -1.248277e+003 1.723556e-012
1.542557e+001 9.259148e-008 2.685322e-007 -4.355522e+002 -1.253222e+003 1.701527e-012
1.542557e+001 9.185841e-008 2.664228e-007 -4.372623e+002 -1.258182e+003 1.679793e-012
1.542557e+001 9.113182e-008 2.643321e-007 -4.389773e+002 -1.263156e+003 1.658455e-012
1.542557e+001 9.041165e-008 2.622598e-007 -4.406974e+002 -1.268145e+003 1.637362e-012
1.542557e+001 8.969789e-008 2.602058e-007 -4.424224e+002 -1.273149e+003 1.616456e-012
1.542557e+001 8.899040e-008 2.581699e-007 -4.441524e+002 -1.278168e+003 1.596006e-012
1.542557e+001 8.828920e-008 2.561520e-007 -4.458874e+002 -1.283202e+003 1.575677e-012
1.542557e+001 8.759417e-008 2.541517e-007 -4.476274e+002 -1.288250e+003 1.555722e-012
1.542557e+001 8.690529e-008 2.521691e-007 -4.493724e+002 -1.293313e+003 1.535976e-012
1.542557e+001 8.622245e-008 2.502039e-007 -4.511224e+002 -1.298391e+003 1.516592e-012
1.542557e+001 8.554566e-008 2.482559e-007 -4.528774e+002 -1.303484e+003 1.497329e-012
1.542557e+001 8.487477e-008 2.463249e-007 -4.546376e+002 -1.308593e+003 1.478531e-012
1.542557e+001 8.420977e-008 2.444108e-007 -4.564028e+002 -1.313716e+003 1.459875e-012
1.542557e+001 8.355063e-008 2.425135e-007 -4.581731e+002 -1.318854e+003 1.441428e-012
1.542557e+001 8.289725e-008 2.406327e-007 -4.599484e+002 -1.324007e+003 1.423293e-012
1.542557e+001 8.224961e-008 2.387684e-007 -4.617288e+002 -1.329175e+003 1.405374e-012
1.542557e+001 8.160761e-008 2.369203e-007 -4.635143e+002 -1.334359e+003 1.387739e-012
1.542557e+001 8.097124e-008 2.350882e-007 -4.653049e+002 -1.339557e+003 1.370289e-012
1.542557e+001 8.034040e-008 2.332721e-007 -4.671007e+002 -1.344771e+003 1.353150e-012
1.542557e+001 7.971506e-008 2.314717e-007 -4.689016e+002 -1.350000e+003 1.336199e-012
1.542557e+001 7.909517e-008 2.296870e-007 -4.707076e+002 -1.355245e+003 1.319479e-012
1.542557e+001 7.848067e-008 2.279177e-007 -4.725188e+002 -1.360505e+003 1.302978e-012
1.542557e+001 7.787153e-008 2.261638e-007 -4.743350e+002 -1.365779e+003 1.286654e-012
1.542557e+001 7.726769e-008 2.244251e-007 -4.761565e+002 -1.371070e+003 1.270593e-012
1.542557e+001 7.666907e-008 2.227014e-007 -4.779831e+002 -1.376375e+003 1.254787e-012
1.542557e+001 7.607565e-008 2.209926e-007 -4.798149e+002 -1.381696e+003 1.239142e-012
1.542557e+001 7.548737e-008 2.192985e-007 -4.816519e+002 -1.387033e+003 1.223733e-012
1.542557e+001 7.490419e-008 2.176191e-007 -4.834941e+002 -1.392385e+003 1.208489e-012
1.542557e+001 7.432605e-008 2.159541e-007 -4.853415e+002 -1.397752e+003 1.193467e-012
1.542557e+001 7.375291e-008 2.143035e-007 -4.871940e+002 -1.403135e+003 1.178668e-012
1.542557e+001 7.318471e-008 2.126670e-007 -4.890519e+002 -1.408533e+003 1.164060e-012
1.542557e+001 7.262140e-008 2.110446e-007 -4.909149e+002 -1.413947e+003 1.149653e-012
1.542557e+001 7.206295e-008 2.094361e-007 -4.927832e+002 -1.419377e+003 1.135414e-012
1.542557e+001 7.150930e-008 2.078414e-007 -4.946568e+002 -1.424822e+003 1.121382e-012
1.542557e+001 7.096041e-008 2.062603e-007 -4.965356e+002 -1.430283e+003 1.107538e-012
1.542557e+001 7.041624e-008 2.046928e-007 -4.984197e+002 -1.435760e+003 1.093879e-012
1.542557e+001 6.987674e-008 2.031386e-007 -5.003091e+002 -1.441253e+003 1.080372e-012
1.542557e+001 6.934187e-008 2.015978e-007 -5.022037e+002 -1.446761e+003 1.067056e-012
1.542557e+001 6.881158e-008 2.000701e-007 -5.041037e+002 -1.452285e+003 1.053945e-012
1.542557e+001 6.828583e-008 1.985554e-007 -5.060089e+002 -1.457824e+003 1.040983e-012
1.542557e+001 6.776456e-008 1.970536e-007 -5.079195e+002 -1.463380e+003 1.028208e-012
1.542557e+001 6.724776e-008 1.955646e-007 -5.098354e+002 -1.468951e+003 1.015572e-012
1.542557e+001 6.673537e-008 1.940883e-007 -5.117567e+002 -1.474539e+003 1.003143e-012
1.542557e+001 6.622733e-008 1.926244e-007 -5.136833e+002 -1.480142e+003 9.908632e-013
1.542557e+001 6.572364e-008 1.911731e-007 -5.156152e+002 -1.485761e+003 9.787084e-013
1.542557e+001 6.522420e-008 1.897339e-007 -5.175526e+002 -1.491397e+003 9.668159e-013
1.542557e+001 6.472905e-008 1.883070e-007 -5.194952e+002 -1.497048e+003 9.549416e-013
1.542557e+001 6.423810e-008 1.868922e-007 -5.214432e+002 -1.502715e+003 9.432878e-013
1.542557e+001 6.375132e-008 1.854894e-007 -5.233966e+002 -1.508399e+003 9.317844e-013
1.542557e+001 6.326864e-008 1.840983e-007 -5.253555e+002 -1.514098e+003 9.204851e-013
1.542557e+001 6.279008e-008 1.827190e-007 -5.273196e+002 -1.519814e+003 9.092181e-013
1.542557e+001 6.231554e-008 1.813513e-007 -5.292894e+002 -1.525546e+003 8.982394e-013
1.542557e+001 6.184503e-008 1.799951e-007 -5.312645e+002 -1.531294e+003 8.873039e-013
1.542557e+001 6.137847e-008 1.786503e-007 -5.332451e+002 -1.537059e+003 8.765763e-013
1.542557e+001 6.091587e-008 1.773169e-007 -5.352310e+002 -1.542839e+003 8.658988e-013
1.542557e+001 6.045716e-008 1.759946e-007 -5.372225e+002 -1.548637e+003 8.554442e-013
1.542557e+001 6.000235e-008 1.746835e-007 -5.392193e+002 -1.554450e+003 8.450376e-013
1.542557e+001 5.955133e-008 1.733833e-007 -5.412217e+002 -1.560279e+003 8.348858e-013
1.542557e+001 5.910412e-008 1.720940e-007 -5.432296e+002 -1.566125e+003 8.247690e-013
1.542557e+001 5.866067e-008 1.708155e-007 -5.452429e+002 -1.571988e+003 8.148157e-013
1.542557e+001 5.822095e-008 1.695477e-007 -5.472617e+002 -1.577867e+003 8.049847e-013
1.542557e+001 5.778488e-008 1.682904e-007 -5.492861e+002 -1.583762e+003 7.953498e-013
1.542557e+001 5.735249e-008 1.670437e-007 -5.513160e+002 -1.589674e+003 7.857448e-013
1.542557e+001 5.692370e-008 1.658073e-007 -5.533514e+002 -1.595603e+003 7.763186e-013
1.542557e+001 5.649851e-008 1.645812e-007 -5.553924e+002 -1.601548e+003 7.669800e-013
1.542557e+001 5.607688e-008 1.633654e-007 -5.574389e+002 -1.607510e+003 7.577733e-013
1.542557e+001 5.565875e-008 1.621596e-007 -5.594910e+002 -1.613488e+003 7.487079e-013
1.542557e+001 5.524412e-008 1.609638e-007 -5.615486e+002 -1.619483e+003 7.397309e-013
1.542557e+001 5.483294e-008 1.597780e-007 -5.636118e+002 -1.625495e+003 7.308864e-013
1.542557e+001 5.442517e-008 1.586019e-007 -5.656807e+002 -1.631524e+003 7.221691e-013
1.542557e+001 5.402080e-008 1.574356e-007 -5.677552e+002 -1.637569e+003 7.135328e-013
1.542557e+001 5.361980e-008 1.562790e-007 -5.698351e+002 -1.643631e+003 7.050035e-013
1.542557e+001 5.322213e-008 1.551319e-007 -5.719208e+002 -1.649710e+003 6.966024e-013
1.542557e+001 5.282772e-008 1.539943e-007 -5.740122e+002 -1.655806e+003 6.883571e-013
1.542557e+001 5.243660e-008 1.528660e-007 -5.761091e+002 -1.661919e+003 6.801367e-013
1.542557e+001 5.204874e-008 1.517471e-007 -5.782116e+002 -1.668049e+003 6.720196e-013
1.542557e+001 5.166407e-008 1.506374e-007 -5.803198e+002 -1.674196e+003 6.640713e-013
1.542557e+001 5.128259e-008 1.495368e-007 -5.824337e+002 -1.680359e+003 6.561683e-013
1.542557e+001 5.090425e-008 1.484452e-007 -5.845532e+002 -1.686540e+003 6.484048e-013
1.542557e+001 5.052904e-008 1.473627e-007 -5.866784e+002 -1.692738e+003 6.407188e-013
1.542557e+001 5.015693e-008 1.462890e-007 -5.888093e+002 -1.698952e+003 6.331153e-013
1.542557e+001 4.978786e-008 1.452241e-007 -5.909460e+002 -1.705184e+003 6.256753e-013
1.542557e+001 4.942183e-008 1.441679e-007 -5.930883e+002 -1.711434e+003 6.182737e-013
1.542557e+001 4.905883e-008 1.431204e-007 -5.952363e+002 -1.717700e+003 6.109502e-013
1.542557e+001 4.869878e-008 1.420813e-007 -5.973902e+002 -1.723984e+003 6.037955e-013
1.542557e+001 4.834171e-008 1.410508e-007 -5.995497e+002 -1.730284e+003 5.966438e-013
1.542557e+001 4.798756e-008 1.400288e-007 -6.017150e+002 -1.736602e+003 5.896347e-013
1.542557e+001 4.763632e-008 1.390150e-007 -6.038859e+002 -1.742937e+003 5.826771e-013
1.542557e+001 4.728796e-008 1.380096e-007 -6.060626e+002 -1.749290e+003 5.758353e-013
1.542557e+001 4.694245e-008 1.370123e-007 -6.082451e+002 -1.755660e+003 5.690679e-013
1.542557e+001 4.659975e-008 1.360231e-007 -6.104334e+002 -1.762047e+003 5.624077e-013
1.542557e+001 4.625985e-008 1.350419e-007 -6.126275e+002 -1.768452e+003 5.558243e-013
1.542557e+001 4.592271e-008 1.340687e-007 -6.148275e+002 -1.774874e+003 5.493387e-013
1.542557e+001 4.558831e-008 1.331034e-007 -6.170334e+002 -1.781314e+003 5.429149e-013
1.542557e+001 4.525664e-008 1.321458e-007 -6.192450e+002 -1.787772e+003 5.365662e-013
1.542557e+001 4.492767e-008 1.311961e-007 -6.214624e+002 -1.794247e+003 5.302915e-013
1.542557e+001 4.460137e-008 1.302540e-007 -6.236857e+002 -1.800740e+003 5.241178e-013
1.542557e+001 4.427773e-008 1.293195e-007 -6.259148e+002 -1.807250e+003 5.179938e-013
1.542557e+001 4.395671e-008 1.283926e-007 -6.281497e+002 -1.813777e+003 5.119685e-013
1.542557e+001 4.363829e-008 1.274732e-007 -6.303906e+002 -1.820323e+003 5.060133e-013
1.542557e+001 4.332246e-008 1.265611e-007 -6.326373e+002 -1.826886e+003 5.001205e-013
1.542557e+001 4.300919e-008 1.256565e-007 -6.348898e+002 -1.833467e+003 4.943051e-013
1.542557e+001 4.269843e-008 1.247590e-007 -6.371484e+002 -1.840066e+003 4.886069e-013
1.542557e+001 4.239018e-008 1.238688e-007 -6.394128e+002 -1.846683e+003 4.829419e-013
1.542557e+001 4.208442e-008 1.229857e-007 -6.416832e+002 -1.853317e+003 4.773336e-013
1.542557e+001 4.178113e-008 1.221097e-007 -6.439595e+002 -1.859969e+003 4.718217e-013
1.542557e+001 4.148029e-008 1.212408e-007 -6.462416e+002 -1.866639e+003 4.663433e-013
1.542557e+001 4.118187e-008 1.203788e-007 -6.485297e+002 -1.873328e+003 4.609683e-013
1.542557e+001 4.088585e-008 1.195237e-007 -6.508238e+002 -1.880034e+003 4.556433e-013
1.542557e+001 4.059219e-008 1.186754e-007 -6.531239e+002 -1.886758e+003 4.504128e-013
1.542557e+001 4.030089e-008 1.178339e-007 -6.554300e+002 -1.893500e+003 4.452233e-013
1.542557e+001 4.001194e-008 1.169991e-007 -6.577420e+002 -1.900261e+003 4.400907e-013
1.542557e+001 3.972529e-008 1.161709e-007 -6.600602e+002 -1.907039e+003 4.350463e-013
1.542557e+001 3.944095e-008 1.153494e-007 -6.623842e+002 -1.913836e+003 4.300255e-013
1.542557e+001 3.915887e-008 1.145344e-007 -6.647142e+002 -1.920651e+003 4.251003e-013
1.542557e+001 3.887905e-008 1.137258e-007 -6.670503e+002 -1.927484e+003 4.202259e-013
1.542557e+001 3.860147e-008 1.129237e-007 -6.693924e+002 -1.934335e+003 4.154117e-013
1.542557e+001 3.832609e-008 1.121279e-007 -6.717406e+002 -1.941205e+003 4.106575e-013
1.542557e+001 3.805292e-008 1.113385e-007 -6.740948e+002 -1.948093e+003 4.059601e-013
1.542557e+001 3.778192e-008 1.105553e-007 -6.764551e+002 -1.954999e+003 4.013217e-013
1.542557e+001 3.751307e-008 1.097783e-007 -6.788215e+002 -1.961924e+003 3.967393e-013
1.542557e+001 3.724637e-008 1.090075e-007 -6.811939e+002 -1.968866e+003 3.922043e-013
1.542557e+001 3.698178e-008 1.082427e-007 -6.835724e+002 -1.975828e+003 3.877485e-013
1.542557e+001 3.671929e-008 1.074840e-007 -6.859571e+002 -1.982808e+003 3.833301e-013
1.542557e+001 3.645888e-008 1.067312e-007 -6.883479e+002 -1.989807e+003 3.789770e-013
1.542557e+001 3.620053e-008 1.059844e-007 -6.907448e+002 -1.996824e+003 3.746606e-013
1.542557e+001 3.594423e-008 1.052434e-007 -6.931478e+002 -2.003859e+003 3.704091e-013
1.542557e+001 3.568997e-008 1.045084e-007 -6.955568e+002 -2.010913e+003 3.661866e-013
1.542557e+001 3.543771e-008 1.037791e-007 -6.979720e+002 -2.017986e+003 3.620353e-013
1.542557e+001 3.518744e-008 1.030555e-007 -7.003935e+002 -2.025077e+003 3.579574e-013
1.542557e+001 3.493914e-008 1.023375e-007 -7.028211e+002 -2.032187e+003 3.538971e-013
1.542557e+001 3.469282e-008 1.016253e-007 -7.052547e+002 -2.039316e+003 3.498793e-013
1.542557e+001 3.444843e-008 1.009186e-007 -7.076946e+002 -2.046463e+003 3.459256e-013
1.542557e+001 3.420596e-008 1.002174e-007 -7.101406e+002 -2.053629e+003 3.420207e-013
1.542557e+001 3.396540e-008 9.952172e-008 -7.125929e+002 -2.060815e+003 3.381787e-013
1.542557e+001 3.372672e-008 9.883145e-008 -7.150515e+002 -2.068019e+003 3.343669e-013
1.542557e+001 3.348992e-008 9.814658e-008 -7.175162e+002 -2.075242e+003 3.305978e-013
1.542557e+001 3.325498e-008 9.746705e-008 -7.199872e+002 -2.082483e+003 3.268779e-013
1.542557e+001 3.302188e-008 9.679283e-008 -7.224643e+002 -2.089744e+003 3.231925e-013
1.542557e+001 3.279061e-008 9.612385e-008 -7.249478e+002 -2.097024e+003 3.195728e-013
1.542557e+001 3.256113e-008 9.546005e-008 -7.274375e+002 -2.104323e+003 3.159928e-013
1.542557e+001 3.233346e-008 9.480143e-008 -7.299335e+002 -2.111640e+003 3.124458e-013
1.542557e+001 3.210755e-008 9.414787e-008 -7.324359e+002 -2.118978e+003 3.089638e-013
