Solution of SBHB orbit

v_0 = 1.200000e+000, A = 1.000000, B = 1.000000, delta = 1.000000e-008

       t           rx             ry            vx             vy             2h
2.000000e-003 9.999995e-001 2.399120e-003 -4.998153e-004 1.199119e+000 2.000000e-003
7.494131e-002 9.993058e-001 8.866321e-002 -1.840644e-002 1.165791e+000 7.294131e-002
1.491717e-001 9.972898e-001 1.738682e-001 -3.572959e-002 1.129511e+000 7.423044e-002
2.276192e-001 9.938116e-001 2.608921e-001 -5.268928e-002 1.088747e+000 7.844748e-002
3.120321e-001 9.886578e-001 3.508569e-001 -6.907795e-002 1.042392e+000 8.441291e-002
4.052521e-001 9.814696e-001 4.455423e-001 -8.469577e-002 9.886466e-001 9.321992e-002
5.135584e-001 9.714645e-001 5.491163e-001 -9.945394e-002 9.235601e-001 1.083064e-001
6.252715e-001 9.596777e-001 6.484406e-001 -1.109536e-001 8.543826e-001 1.117131e-001
7.267637e-001 9.480178e-001 7.319215e-001 -1.183560e-001 7.906149e-001 1.014921e-001
8.248462e-001 9.361608e-001 8.064405e-001 -1.230404e-001 7.289625e-001 9.808249e-002
9.218509e-001 9.240862e-001 8.742225e-001 -1.255917e-001 6.687213e-001 9.700469e-002
1.017910e+000 9.119711e-001 9.356487e-001 -1.263917e-001 6.105037e-001 9.605871e-002
1.112790e+000 8.999974e-001 9.909238e-001 -1.258011e-001 5.550393e-001 9.488007e-002
1.207256e+000 8.881846e-001 1.040846e+000 -1.241368e-001 5.023544e-001 9.446685e-002
1.301725e+000 8.765691e-001 1.085929e+000 -1.216599e-001 4.525943e-001 9.446853e-002
1.396811e+000 8.651437e-001 1.126709e+000 -1.185780e-001 4.057201e-001 9.508547e-002
1.491799e+000 8.540427e-001 1.163156e+000 -1.151045e-001 3.622320e-001 9.498830e-002
1.584956e+000 8.434880e-001 1.195040e+000 -1.114675e-001 3.228298e-001 9.315677e-002
1.676323e+000 8.334710e-001 1.222887e+000 -1.077922e-001 2.872338e-001 9.136744e-002
1.766531e+000 8.239120e-001 1.247320e+000 -1.041414e-001 2.549273e-001 9.020810e-002
1.856284e+000 8.147268e-001 1.268858e+000 -1.005476e-001 2.254277e-001 8.975292e-002
1.946040e+000 8.058603e-001 1.287860e+000 -9.703576e-002 1.983941e-001 8.975628e-002
2.035954e+000 7.972895e-001 1.304568e+000 -9.363118e-002 1.736087e-001 8.991342e-002
2.126533e+000 7.889587e-001 1.319244e+000 -9.033782e-002 1.507832e-001 9.057921e-002
2.218184e+000 7.808260e-001 1.332082e+000 -8.715928e-002 1.296976e-001 9.165137e-002
2.311241e+000 7.728590e-001 1.343229e+000 -8.409918e-002 1.101799e-001 9.305628e-002
2.405982e+000 7.650320e-001 1.352797e+000 -8.116116e-002 9.209188e-002 9.474102e-002
2.502650e+000 7.573237e-001 1.360876e+000 -7.834885e-002 7.531878e-002 9.666807e-002
2.601461e+000 7.497161e-001 1.367537e+000 -7.566576e-002 5.976291e-002 9.881156e-002
2.702616e+000 7.421928e-001 1.372841e+000 -7.311523e-002 4.533868e-002 1.011545e-001
2.806303e+000 7.347386e-001 1.376837e+000 -7.070032e-002 3.196932e-002 1.036870e-001
2.912708e+000 7.273386e-001 1.379569e+000 -6.842386e-002 1.958443e-002 1.064052e-001
3.022018e+000 7.199777e-001 1.381072e+000 -6.628836e-002 8.118301e-003 1.093101e-001
3.134426e+000 7.126403e-001 1.381377e+000 -6.429608e-002 -2.491288e-003 1.124078e-001
3.250134e+000 7.053095e-001 1.380511e+000 -6.244904e-002 -1.230398e-002 1.157082e-001
3.369360e+000 6.979672e-001 1.378494e+000 -6.074906e-002 -2.137746e-002 1.192260e-001
3.492340e+000 6.905937e-001 1.375339e+000 -5.919786e-002 -2.976796e-002 1.229802e-001
3.619335e+000 6.831669e-001 1.371057e+000 -5.779712e-002 -3.753067e-002 1.269952e-001
3.750637e+000 6.756621e-001 1.365648e+000 -5.654861e-002 -4.472009e-002 1.313019e-001
3.886576e+000 6.680516e-001 1.359108e+000 -5.545433e-002 -5.139040e-002 1.359386e-001
4.027529e+000 6.603035e-001 1.351419e+000 -5.451668e-002 -5.759579e-002 1.409534e-001
4.173937e+000 6.523811e-001 1.342555e+000 -5.373871e-002 -6.339105e-002 1.464076e-001
4.326318e+000 6.442416e-001 1.332474e+000 -5.312447e-002 -6.883215e-002 1.523806e-001
4.485297e+000 6.358338e-001 1.321115e+000 -5.267937e-002 -7.397726e-002 1.589790e-001
4.651647e+000 6.270956e-001 1.308395e+000 -5.241091e-002 -7.888814e-002 1.663502e-001
4.826353e+000 6.179491e-001 1.294193e+000 -5.232958e-002 -8.363234e-002 1.747066e-001
5.010722e+000 6.082931e-001 1.278339e+000 -5.245042e-002 -8.828680e-002 1.843687e-001
5.206567e+000 5.979907e-001 1.260589e+000 -5.279571e-002 -9.294392e-002 1.958445e-001
5.416541e+000 5.868457e-001 1.240569e+000 -5.339982e-002 -9.772255e-002 2.099742e-001
5.644664e+000 5.745643e-001 1.217697e+000 -5.431831e-002 -1.027870e-001 2.281229e-001
5.896176e+000 5.607432e-001 1.191145e+000 -5.563962e-002 -1.083610e-001 2.515124e-001
6.154513e+000 5.461579e-001 1.162398e+000 -5.733488e-002 -1.142281e-001 2.583368e-001
6.388072e+000 5.325580e-001 1.135076e+000 -5.917315e-002 -1.197843e-001 2.335596e-001
6.603444e+000 5.196066e-001 1.108699e+000 -6.114246e-002 -1.252233e-001 2.153720e-001
6.804940e+000 5.070793e-001 1.082924e+000 -6.324406e-002 -1.306743e-001 2.014959e-001
6.995000e+000 4.948508e-001 1.057568e+000 -6.548007e-002 -1.362179e-001 1.900593e-001
7.175091e+000 4.828487e-001 1.032531e+000 -6.785292e-002 -1.419093e-001 1.800916e-001
7.346165e+000 4.710297e-001 1.007758e+000 -7.036541e-002 -1.477889e-001 1.710737e-001
7.508877e+000 4.593681e-001 9.832222e-001 -7.302080e-002 -1.538885e-001 1.627125e-001
7.663713e+000 4.478487e-001 9.589109e-001 -7.582278e-002 -1.602343e-001 1.548355e-001
7.811051e+000 4.364633e-001 9.348225e-001 -7.877541e-002 -1.668489e-001 1.473381e-001
7.951207e+000 4.252083e-001 9.109615e-001 -8.188307e-002 -1.737524e-001 1.401556e-001
8.084454e+000 4.140836e-001 8.873366e-001 -8.515045e-002 -1.809632e-001 1.332475e-001
8.211043e+000 4.030909e-001 8.639594e-001 -8.858240e-002 -1.884981e-001 1.265885e-001
8.331205e+000 3.922339e-001 8.408434e-001 -9.218394e-002 -1.963732e-001 1.201628e-001
8.445166e+000 3.815169e-001 8.180032e-001 -9.596019e-002 -2.046036e-001 1.139610e-001
8.553144e+000 3.709454e-001 7.954539e-001 -9.991628e-002 -2.132037e-001 1.079774e-001
8.655353e+000 3.605250e-001 7.732111e-001 -1.040574e-001 -2.221871e-001 1.022089e-001
8.752006e+000 3.502616e-001 7.512901e-001 -1.083886e-001 -2.315672e-001 9.665359e-002
8.843317e+000 3.401614e-001 7.297060e-001 -1.129149e-001 -2.413564e-001 9.131077e-002
8.929497e+000 3.302302e-001 7.084733e-001 -1.176412e-001 -2.515669e-001 8.617984e-002
9.010757e+000 3.204737e-001 6.876057e-001 -1.225723e-001 -2.622100e-001 8.126023e-002
9.087308e+000 3.108972e-001 6.671160e-001 -1.277128e-001 -2.732969e-001 7.655118e-002
9.159360e+000 3.015057e-001 6.470158e-001 -1.330672e-001 -2.848379e-001 7.205146e-002
9.227119e+000 2.923035e-001 6.273155e-001 -1.386397e-001 -2.968430e-001 6.775935e-002
9.290792e+000 2.832946e-001 6.080241e-001 -1.444346e-001 -3.093218e-001 6.367254e-002
9.350580e+000 2.744822e-001 5.891494e-001 -1.504558e-001 -3.222834e-001 5.978804e-002
9.406682e+000 2.658689e-001 5.706976e-001 -1.567072e-001 -3.357366e-001 5.610225e-002
9.459293e+000 2.574566e-001 5.526732e-001 -1.631926e-001 -3.496899e-001 5.261093e-002
9.508602e+000 2.492468e-001 5.350797e-001 -1.699157e-001 -3.641515e-001 4.930924e-002
9.554794e+000 2.412399e-001 5.179188e-001 -1.768800e-001 -3.791296e-001 4.619178e-002
9.598047e+000 2.334361e-001 5.011907e-001 -1.840892e-001 -3.946319e-001 4.325268e-002
9.638532e+000 2.258346e-001 4.848946e-001 -1.915467e-001 -4.106665e-001 4.048563e-002
9.676416e+000 2.184345e-001 4.690282e-001 -1.992562e-001 -4.272411e-001 3.788398e-002
9.711857e+000 2.112339e-001 4.535880e-001 -2.072213e-001 -4.443636e-001 3.544082e-002
9.745006e+000 2.042306e-001 4.385696e-001 -2.154454e-001 -4.620418e-001 3.314900e-002
9.776007e+000 1.974221e-001 4.239676e-001 -2.239323e-001 -4.802838e-001 3.100128e-002
9.804998e+000 1.908054e-001 4.097757e-001 -2.326855e-001 -4.990974e-001 2.899032e-002
9.832107e+000 1.843773e-001 3.959872e-001 -2.417088e-001 -5.184906e-001 2.710880e-002
9.857456e+000 1.781342e-001 3.825946e-001 -2.510056e-001 -5.384712e-001 2.534945e-002
9.881161e+000 1.720724e-001 3.695901e-001 -2.605795e-001 -5.590467e-001 2.370511e-002
9.903330e+000 1.661882e-001 3.569657e-001 -2.704338e-001 -5.802245e-001 2.216878e-002
9.924064e+000 1.604777e-001 3.447132e-001 -2.805715e-001 -6.020111e-001 2.073367e-002
9.943457e+000 1.549370e-001 3.328245e-001 -2.909955e-001 -6.244127e-001 1.939323e-002
9.961598e+000 1.495623e-001 3.212913e-001 -3.017080e-001 -6.474343e-001 1.814120e-002
9.978570e+000 1.443500e-001 3.101058e-001 -3.127110e-001 -6.710801e-001 1.697160e-002
9.994448e+000 1.392962e-001 2.992601e-001 -3.240056e-001 -6.953528e-001 1.587882e-002
1.000931e+001 1.343975e-001 2.887467e-001 -3.355926e-001 -7.202538e-001 1.485756e-002
1.002321e+001 1.296505e-001 2.785583e-001 -3.474717e-001 -7.457829e-001 1.390288e-002
1.003622e+001 1.250518e-001 2.686879e-001 -3.596421e-001 -7.719384e-001 1.301022e-002
1.004839e+001 1.205983e-001 2.591287e-001 -3.721022e-001 -7.987167e-001 1.217533e-002
1.005979e+001 1.162869e-001 2.498741e-001 -3.848496e-001 -8.261130e-001 1.139433e-002
1.007045e+001 1.121146e-001 2.409176e-001 -3.978814e-001 -8.541211e-001 1.066362e-002
1.008043e+001 1.080783e-001 2.322529e-001 -4.111941e-001 -8.827332e-001 9.979916e-003
1.008977e+001 1.041751e-001 2.238735e-001 -4.247835e-001 -9.119409e-001 9.340175e-003
1.009851e+001 1.004021e-001 2.157734e-001 -4.386454e-001 -9.417348e-001 8.741593e-003
1.010670e+001 9.675629e-002 2.079460e-001 -4.527752e-001 -9.721052e-001 8.181575e-003
1.011435e+001 9.323474e-002 2.003851e-001 -4.671682e-001 -1.003042e+000 7.657702e-003
1.012152e+001 8.983443e-002 1.930843e-001 -4.818197e-001 -1.034536e+000 7.167716e-003
1.012823e+001 8.655235e-002 1.860371e-001 -4.967253e-001 -1.066576e+000 6.709500e-003
1.013451e+001 8.338544e-002 1.792370e-001 -5.118806e-001 -1.099154e+000 6.281064e-003
1.014039e+001 8.033064e-002 1.726773e-001 -5.272816e-001 -1.132262e+000 5.880533e-003
1.014590e+001 7.738487e-002 1.663516e-001 -5.429248e-001 -1.165891e+000 5.506139e-003
1.015105e+001 7.454504e-002 1.602532e-001 -5.588067e-001 -1.200035e+000 5.156214e-003
1.015588e+001 7.180806e-002 1.543754e-001 -5.749247e-001 -1.234687e+000 4.829188e-003
1.016041e+001 6.917085e-002 1.487118e-001 -5.912763e-001 -1.269842e+000 4.523577e-003
1.016465e+001 6.663035e-002 1.432556e-001 -6.078595e-001 -1.305497e+000 4.237988e-003
1.016862e+001 6.418353e-002 1.380005e-001 -6.246728e-001 -1.341648e+000 3.971108e-003
1.017234e+001 6.182738e-002 1.329400e-001 -6.417151e-001 -1.378292e+000 3.721705e-003
1.017583e+001 5.955894e-002 1.280677e-001 -6.589856e-001 -1.415429e+000 3.488623e-003
1.017910e+001 5.737530e-002 1.233774e-001 -6.764842e-001 -1.453057e+000 3.270779e-003
1.018216e+001 5.527358e-002 1.188630e-001 -6.942107e-001 -1.491178e+000 3.067158e-003
1.018504e+001 5.325097e-002 1.145183e-001 -7.121656e-001 -1.529790e+000 2.876811e-003
1.018774e+001 5.130472e-002 1.103375e-001 -7.303495e-001 -1.568897e+000 2.698851e-003
1.019027e+001 4.943212e-002 1.063149e-001 -7.487634e-001 -1.608500e+000 2.532450e-003
1.019265e+001 4.763056e-002 1.024447e-001 -7.674085e-001 -1.648602e+000 2.376833e-003
1.019488e+001 4.589746e-002 9.872144e-002 -7.862864e-001 -1.689207e+000 2.231278e-003
1.019698e+001 4.423033e-002 9.513984e-002 -8.053986e-001 -1.730317e+000 2.095112e-003
1.019894e+001 4.262675e-002 9.169465e-002 -8.247471e-001 -1.771937e+000 1.967707e-003
1.020079e+001 4.108434e-002 8.838081e-002 -8.443339e-001 -1.814072e+000 1.848476e-003
1.020253e+001 3.960083e-002 8.519341e-002 -8.641613e-001 -1.856726e+000 1.736875e-003
1.020416e+001 3.817400e-002 8.212769e-002 -8.842315e-001 -1.899905e+000 1.632395e-003
1.020570e+001 3.680170e-002 7.917904e-002 -9.045471e-001 -1.943613e+000 1.534561e-003
1.020714e+001 3.548185e-002 7.634301e-002 -9.251107e-001 -1.987857e+000 1.442932e-003
1.020850e+001 3.421243e-002 7.361528e-002 -9.459249e-001 -2.032642e+000 1.357097e-003
1.020977e+001 3.299151e-002 7.099168e-002 -9.669926e-001 -2.077975e+000 1.276671e-003
1.021097e+001 3.181721e-002 6.846819e-002 -9.883165e-001 -2.123862e+000 1.201298e-003
1.021210e+001 3.068772e-002 6.604091e-002 -1.009900e+000 -2.170309e+000 1.130644e-003
1.021317e+001 2.960130e-002 6.370612e-002 -1.031745e+000 -2.217322e+000 1.064400e-003
1.021417e+001 2.855626e-002 6.146019e-002 -1.053856e+000 -2.264908e+000 1.002276e-003
1.021512e+001 2.755098e-002 5.929965e-002 -1.076234e+000 -2.313075e+000 9.440034e-004
1.021600e+001 2.658390e-002 5.722114e-002 -1.098885e+000 -2.361828e+000 8.893304e-004
1.021684e+001 2.565352e-002 5.522144e-002 -1.121810e+000 -2.411174e+000 8.380231e-004
1.021763e+001 2.475839e-002 5.329745e-002 -1.145012e+000 -2.461122e+000 7.898632e-004
1.021838e+001 2.389712e-002 5.144618e-002 -1.168496e+000 -2.511676e+000 7.446475e-004
1.021908e+001 2.306837e-002 4.966477e-002 -1.192264e+000 -2.562846e+000 7.021859e-004
1.021974e+001 2.227086e-002 4.795044e-002 -1.216319e+000 -2.614637e+000 6.623016e-004
1.022037e+001 2.150335e-002 4.630055e-002 -1.240665e+000 -2.667057e+000 6.248294e-004
1.022096e+001 2.076465e-002 4.471256e-002 -1.265305e+000 -2.720113e+000 5.896153e-004
1.022151e+001 2.005363e-002 4.318400e-002 -1.290243e+000 -2.773812e+000 5.565155e-004
1.022204e+001 1.936919e-002 4.171254e-002 -1.315481e+000 -2.828162e+000 5.253960e-004
1.022253e+001 1.871028e-002 4.029591e-002 -1.341023e+000 -2.883170e+000 4.961313e-004
1.022300e+001 1.807588e-002 3.893195e-002 -1.366872e+000 -2.938843e+000 4.686046e-004
1.022345e+001 1.746503e-002 3.761858e-002 -1.393032e+000 -2.995188e+000 4.427067e-004
1.022386e+001 1.687680e-002 3.635379e-002 -1.419506e+000 -3.052213e+000 4.183355e-004
1.022426e+001 1.631030e-002 3.513568e-002 -1.446297e+000 -3.109925e+000 3.953958e-004
1.022463e+001 1.576467e-002 3.396240e-002 -1.473409e+000 -3.168331e+000 3.737985e-004
1.022499e+001 1.523908e-002 3.283219e-002 -1.500845e+000 -3.227439e+000 3.534604e-004
1.022532e+001 1.473276e-002 3.174336e-002 -1.528608e+000 -3.287257e+000 3.343036e-004
1.022564e+001 1.424493e-002 3.069428e-002 -1.556702e+000 -3.347790e+000 3.162556e-004
1.022594e+001 1.377489e-002 2.968340e-002 -1.585130e+000 -3.409048e+000 2.992481e-004
1.022622e+001 1.332192e-002 2.870922e-002 -1.613896e+000 -3.471037e+000 2.832176e-004
1.022649e+001 1.288537e-002 2.777030e-002 -1.643002e+000 -3.533764e+000 2.681046e-004
1.022674e+001 1.246459e-002 2.686528e-002 -1.672453e+000 -3.597238e+000 2.538532e-004
1.022698e+001 1.205897e-002 2.599283e-002 -1.702251e+000 -3.661465e+000 2.404115e-004
1.022721e+001 1.166792e-002 2.515168e-002 -1.732400e+000 -3.726453e+000 2.277305e-004
1.022743e+001 1.129088e-002 2.434063e-002 -1.762904e+000 -3.792210e+000 2.157646e-004
1.022763e+001 1.092729e-002 2.355850e-002 -1.793765e+000 -3.858742e+000 2.044709e-004
1.022782e+001 1.057665e-002 2.280419e-002 -1.824988e+000 -3.926058e+000 1.938093e-004
1.022801e+001 1.023845e-002 2.207662e-002 -1.856574e+000 -3.994165e+000 1.837423e-004
1.022818e+001 9.912221e-003 2.137476e-002 -1.888529e+000 -4.063070e+000 1.742345e-004
1.022835e+001 9.597493e-003 2.069762e-002 -1.920855e+000 -4.132781e+000 1.652530e-004
1.022850e+001 9.293831e-003 2.004427e-002 -1.953556e+000 -4.203305e+000 1.567669e-004
1.022865e+001 9.000812e-003 1.941379e-002 -1.986635e+000 -4.274650e+000 1.487470e-004
1.022879e+001 8.718029e-003 1.880532e-002 -2.020096e+000 -4.346823e+000 1.411661e-004
1.022893e+001 8.445096e-003 1.821801e-002 -2.053941e+000 -4.419832e+000 1.339987e-004
1.022905e+001 8.181637e-003 1.765107e-002 -2.088175e+000 -4.493685e+000 1.272208e-004
1.022918e+001 7.927295e-003 1.710372e-002 -2.122800e+000 -4.568389e+000 1.208099e-004
1.022929e+001 7.681727e-003 1.657523e-002 -2.157820e+000 -4.643951e+000 1.147448e-004
1.022940e+001 7.444602e-003 1.606489e-002 -2.193239e+000 -4.720380e+000 1.090057e-004
1.022950e+001 7.215604e-003 1.557202e-002 -2.229060e+000 -4.797682e+000 1.035739e-004
1.022960e+001 6.994428e-003 1.509597e-002 -2.265287e+000 -4.875866e+000 9.843200e-005
1.022969e+001 6.780784e-003 1.463611e-002 -2.301922e+000 -4.954939e+000 9.356344e-005
1.022978e+001 6.574391e-003 1.419183e-002 -2.338970e+000 -5.034908e+000 8.895277e-005
1.022987e+001 6.374980e-003 1.376256e-002 -2.376433e+000 -5.115782e+000 8.458545e-005
1.022995e+001 6.182293e-003 1.334775e-002 -2.414316e+000 -5.197568e+000 8.044781e-005
1.023003e+001 5.996082e-003 1.294687e-002 -2.452621e+000 -5.280274e+000 7.652698e-005
1.023010e+001 5.816108e-003 1.255939e-002 -2.491352e+000 -5.363907e+000 7.281087e-005
1.023017e+001 5.642144e-003 1.218484e-002 -2.530513e+000 -5.448475e+000 6.928809e-005
1.023023e+001 5.473970e-003 1.182273e-002 -2.570107e+000 -5.533986e+000 6.594792e-005
1.023030e+001 5.311374e-003 1.147262e-002 -2.610137e+000 -5.620448e+000 6.278030e-005
1.023036e+001 5.154153e-003 1.113407e-002 -2.650607e+000 -5.707868e+000 5.977571e-005
1.023041e+001 5.002114e-003 1.080665e-002 -2.691521e+000 -5.796255e+000 5.692522e-005
1.023047e+001 4.855069e-003 1.048998e-002 -2.732882e+000 -5.885616e+000 5.422041e-005
1.023052e+001 4.712837e-003 1.018366e-002 -2.774693e+000 -5.975958e+000 5.165334e-005
1.023057e+001 4.575246e-003 9.887316e-003 -2.816958e+000 -6.067290e+000 4.921654e-005
1.023061e+001 4.442130e-003 9.600599e-003 -2.859680e+000 -6.159620e+000 4.690297e-005
1.023066e+001 4.313330e-003 9.323161e-003 -2.902864e+000 -6.252955e+000 4.470597e-005
1.023070e+001 4.188691e-003 9.054673e-003 -2.946512e+000 -6.347304e+000 4.261930e-005
1.023074e+001 4.068066e-003 8.794819e-003 -2.990628e+000 -6.442674e+000 4.063704e-005
1.023078e+001 3.951312e-003 8.543292e-003 -3.035215e+000 -6.539074e+000 3.875363e-005
1.023082e+001 3.838294e-003 8.299799e-003 -3.080278e+000 -6.636510e+000 3.696381e-005
1.023085e+001 3.728880e-003 8.064059e-003 -3.125819e+000 -6.734992e+000 3.526263e-005
1.023089e+001 3.622944e-003 7.835799e-003 -3.171842e+000 -6.834527e+000 3.364539e-005
1.023092e+001 3.520364e-003 7.614759e-003 -3.218351e+000 -6.935124e+000 3.210769e-005
1.023095e+001 3.421023e-003 7.400686e-003 -3.265349e+000 -7.036789e+000 3.064535e-005
1.023098e+001 3.324809e-003 7.193340e-003 -3.312841e+000 -7.139532e+000 2.925444e-005
1.023101e+001 3.231614e-003 6.992488e-003 -3.360828e+000 -7.243361e+000 2.793123e-005
1.023103e+001 3.141332e-003 6.797906e-003 -3.409316e+000 -7.348283e+000 2.667221e-005
1.023106e+001 3.053865e-003 6.609377e-003 -3.458307e+000 -7.454307e+000 2.547406e-005
1.023108e+001 2.969115e-003 6.426696e-003 -3.507805e+000 -7.561441e+000 2.433363e-005
1.023111e+001 2.886990e-003 6.249661e-003 -3.557815e+000 -7.669693e+000 2.324797e-005
1.023113e+001 2.807400e-003 6.078081e-003 -3.608338e+000 -7.779072e+000 2.221427e-005
1.023115e+001 2.730259e-003 5.911770e-003 -3.659380e+000 -7.889584e+000 2.122987e-005
1.023117e+001 2.655483e-003 5.750550e-003 -3.710943e+000 -8.001240e+000 2.029227e-005
1.023119e+001 2.582994e-003 5.594249e-003 -3.763032e+000 -8.114047e+000 1.939908e-005
1.023121e+001 2.512713e-003 5.442702e-003 -3.815650e+000 -8.228013e+000 1.854808e-005
1.023123e+001 2.444567e-003 5.295749e-003 -3.868800e+000 -8.343147e+000 1.773713e-005
1.023124e+001 2.378485e-003 5.153236e-003 -3.922486e+000 -8.459457e+000 1.696421e-005
1.023126e+001 2.314397e-003 5.015016e-003 -3.976712e+000 -8.576951e+000 1.622743e-005
1.023128e+001 2.252237e-003 4.880946e-003 -4.031482e+000 -8.695638e+000 1.552499e-005
1.023129e+001 2.191942e-003 4.750889e-003 -4.086799e+000 -8.815527e+000 1.485517e-005
1.023130e+001 2.133449e-003 4.624711e-003 -4.142667e+000 -8.936625e+000 1.421636e-005
1.023132e+001 2.076699e-003 4.502285e-003 -4.199090e+000 -9.058941e+000 1.360703e-005
1.023133e+001 2.021635e-003 4.383488e-003 -4.256071e+000 -9.182484e+000 1.302572e-005
1.023134e+001 1.968202e-003 4.268202e-003 -4.313614e+000 -9.307262e+000 1.247107e-005
1.023136e+001 1.916346e-003 4.156311e-003 -4.371722e+000 -9.433284e+000 1.194175e-005
1.023137e+001 1.866016e-003 4.047705e-003 -4.430400e+000 -9.560558e+000 1.143655e-005
1.023138e+001 1.817162e-003 3.942279e-003 -4.489652e+000 -9.689092e+000 1.095428e-005
1.023139e+001 1.769737e-003 3.839928e-003 -4.549480e+000 -9.818897e+000 1.049384e-005
1.023140e+001 1.723695e-003 3.740554e-003 -4.609888e+000 -9.949979e+000 1.005417e-005
1.023141e+001 1.678991e-003 3.644061e-003 -4.670882e+000 -1.008235e+001 9.634273e-006
1.023142e+001 1.635582e-003 3.550357e-003 -4.732463e+000 -1.021601e+001 9.233195e-006
1.023143e+001 1.593426e-003 3.459353e-003 -4.794636e+000 -1.035098e+001 8.850039e-006
1.023143e+001 1.552485e-003 3.370962e-003 -4.857405e+000 -1.048726e+001 8.483948e-006
1.023144e+001 1.512719e-003 3.285103e-003 -4.920773e+000 -1.062487e+001 8.134112e-006
1.023145e+001 1.474091e-003 3.201694e-003 -4.984745e+000 -1.076380e+001 7.799760e-006
1.023146e+001 1.436565e-003 3.120659e-003 -5.049323e+000 -1.090408e+001 7.480160e-006
1.023147e+001 1.400106e-003 3.041923e-003 -5.114512e+000 -1.104570e+001 7.174618e-006
1.023147e+001 1.364681e-003 2.965413e-003 -5.180316e+000 -1.118868e+001 6.882473e-006
1.023148e+001 1.330257e-003 2.891061e-003 -5.246738e+000 -1.133302e+001 6.603097e-006
1.023148e+001 1.296804e-003 2.818798e-003 -5.313783e+000 -1.147874e+001 6.335895e-006
1.023149e+001 1.264290e-003 2.748561e-003 -5.381454e+000 -1.162585e+001 6.080302e-006
1.023150e+001 1.232688e-003 2.680285e-003 -5.449754e+000 -1.177434e+001 5.835777e-006
1.023150e+001 1.201968e-003 2.613911e-003 -5.518688e+000 -1.192424e+001 5.601809e-006
1.023151e+001 1.172103e-003 2.549380e-003 -5.588260e+000 -1.207555e+001 5.377911e-006
1.023151e+001 1.143068e-003 2.486636e-003 -5.658473e+000 -1.222828e+001 5.163621e-006
1.023152e+001 1.114836e-003 2.425623e-003 -5.729332e+000 -1.238244e+001 4.958498e-006
1.023152e+001 1.087383e-003 2.366289e-003 -5.800839e+000 -1.253804e+001 4.762124e-006
1.023153e+001 1.060686e-003 2.308582e-003 -5.873000e+000 -1.269508e+001 4.574099e-006
1.023153e+001 1.034721e-003 2.252454e-003 -5.945818e+000 -1.285358e+001 4.394044e-006
1.023154e+001 1.009467e-003 2.197856e-003 -6.019296e+000 -1.301355e+001 4.221601e-006
1.023154e+001 9.849006e-004 2.144743e-003 -6.093439e+000 -1.317499e+001 4.056423e-006
1.023154e+001 9.610026e-004 2.093070e-003 -6.168251e+000 -1.333792e+001 3.898184e-006
1.023155e+001 9.377525e-004 2.042793e-003 -6.243735e+000 -1.350234e+001 3.746573e-006
1.023155e+001 9.151310e-004 1.993870e-003 -6.319895e+000 -1.366826e+001 3.601294e-006
1.023155e+001 8.931192e-004 1.946263e-003 -6.396736e+000 -1.383569e+001 3.462064e-006
1.023156e+001 8.716989e-004 1.899930e-003 -6.474261e+000 -1.400465e+001 3.328614e-006
1.023156e+001 8.508527e-004 1.854835e-003 -6.552475e+000 -1.417514e+001 3.200687e-006
1.023156e+001 8.305634e-004 1.810941e-003 -6.631380e+000 -1.434716e+001 3.078040e-006
1.023157e+001 8.108147e-004 1.768212e-003 -6.710981e+000 -1.452074e+001 2.960439e-006
1.023157e+001 7.915907e-004 1.726614e-003 -6.791283e+000 -1.469588e+001 2.847664e-006
1.023157e+001 7.728759e-004 1.686115e-003 -6.872288e+000 -1.487258e+001 2.739501e-006
1.023158e+001 7.546554e-004 1.646681e-003 -6.954002e+000 -1.505087e+001 2.635751e-006
1.023158e+001 7.369148e-004 1.608283e-003 -7.036427e+000 -1.523074e+001 2.536220e-006
1.023158e+001 7.196402e-004 1.570889e-003 -7.119568e+000 -1.541221e+001 2.440725e-006
1.023158e+001 7.028179e-004 1.534471e-003 -7.203429e+000 -1.559528e+001 2.349092e-006
1.023158e+001 6.864350e-004 1.499000e-003 -7.288014e+000 -1.577998e+001 2.261153e-006
1.023159e+001 6.704786e-004 1.464450e-003 -7.373327e+000 -1.596630e+001 2.176750e-006
1.023159e+001 6.549367e-004 1.430794e-003 -7.459371e+000 -1.615425e+001 2.095730e-006
1.023159e+001 6.397972e-004 1.398005e-003 -7.546151e+000 -1.634386e+001 2.017949e-006
1.023159e+001 6.250486e-004 1.366060e-003 -7.633671e+000 -1.653511e+001 1.943268e-006
1.023160e+001 6.106798e-004 1.334935e-003 -7.721936e+000 -1.672804e+001 1.871556e-006
1.023160e+001 5.966799e-004 1.304605e-003 -7.810947e+000 -1.692264e+001 1.802686e-006
1.023160e+001 5.830386e-004 1.275049e-003 -7.900711e+000 -1.711892e+001 1.736538e-006
1.023160e+001 5.697456e-004 1.246245e-003 -7.991231e+000 -1.731690e+001 1.672996e-006
1.023160e+001 5.567911e-004 1.218172e-003 -8.082511e+000 -1.751658e+001 1.611952e-006
1.023160e+001 5.441656e-004 1.190808e-003 -8.174555e+000 -1.771798e+001 1.553300e-006
1.023160e+001 5.318598e-004 1.164134e-003 -8.267366e+000 -1.792111e+001 1.496940e-006
1.023161e+001 5.198648e-004 1.138131e-003 -8.360950e+000 -1.812597e+001 1.442778e-006
1.023161e+001 5.081720e-004 1.112781e-003 -8.455311e+000 -1.833257e+001 1.390719e-006
1.023161e+001 4.967728e-004 1.088064e-003 -8.550451e+000 -1.854093e+001 1.340678e-006
1.023161e+001 4.856592e-004 1.063964e-003 -8.646376e+000 -1.875105e+001 1.292572e-006
1.023161e+001 4.748232e-004 1.040463e-003 -8.743089e+000 -1.896295e+001 1.246320e-006
1.023161e+001 4.642572e-004 1.017545e-003 -8.840595e+000 -1.917664e+001 1.201845e-006
1.023161e+001 4.539538e-004 9.951936e-004 -8.938897e+000 -1.939212e+001 1.159075e-006
1.023162e+001 4.439057e-004 9.733939e-004 -9.038000e+000 -1.960941e+001 1.117939e-006
1.023162e+001 4.341058e-004 9.521303e-004 -9.137907e+000 -1.982851e+001 1.078373e-006
1.023162e+001 4.245476e-004 9.313885e-004 -9.238623e+000 -2.004944e+001 1.040310e-006
1.023162e+001 4.152243e-004 9.111541e-004 -9.340153e+000 -2.027220e+001 1.003691e-006
1.023162e+001 4.061296e-004 8.914134e-004 -9.442499e+000 -2.049682e+001 9.684559e-007
1.023162e+001 3.972572e-004 8.721530e-004 -9.545667e+000 -2.072329e+001 9.345499e-007
1.023162e+001 3.886012e-004 8.533601e-004 -9.649659e+000 -2.095162e+001 9.019189e-007
1.023162e+001 3.801558e-004 8.350220e-004 -9.754481e+000 -2.118184e+001 8.705119e-007
1.023162e+001 3.719152e-004 8.171265e-004 -9.860137e+000 -2.141394e+001 8.402798e-007
1.023162e+001 3.638741e-004 7.996618e-004 -9.966630e+000 -2.164795e+001 8.111755e-007
1.023162e+001 3.560269e-004 7.826164e-004 -1.007397e+001 -2.188386e+001 7.831542e-007
1.023163e+001 3.483687e-004 7.659791e-004 -1.018215e+001 -2.212169e+001 7.561728e-007
1.023163e+001 3.408942e-004 7.497392e-004 -1.029118e+001 -2.236146e+001 7.301901e-007
1.023163e+001 3.335988e-004 7.338860e-004 -1.040106e+001 -2.260316e+001 7.051663e-007
1.023163e+001 3.264775e-004 7.184094e-004 -1.051181e+001 -2.284682e+001 6.810639e-007
1.023163e+001 3.195259e-004 7.032995e-004 -1.062341e+001 -2.309244e+001 6.578465e-007
1.023163e+001 3.127395e-004 6.885466e-004 -1.073588e+001 -2.334003e+001 6.354795e-007
1.023163e+001 3.061139e-004 6.741414e-004 -1.084923e+001 -2.358961e+001 6.139294e-007
1.023163e+001 2.996448e-004 6.600748e-004 -1.096345e+001 -2.384118e+001 5.931645e-007
1.023163e+001 2.933283e-004 6.463380e-004 -1.107854e+001 -2.409476e+001 5.731542e-007
1.023163e+001 2.871604e-004 6.329224e-004 -1.119452e+001 -2.435035e+001 5.538690e-007
1.023163e+001 2.811371e-004 6.198196e-004 -1.131139e+001 -2.460798e+001 5.352811e-007
1.023163e+001 2.752548e-004 6.070217e-004 -1.142915e+001 -2.486764e+001 5.173632e-007
1.023163e+001 2.695097e-004 5.945206e-004 -1.154781e+001 -2.512934e+001 5.000899e-007
1.023163e+001 2.638984e-004 5.823089e-004 -1.166736e+001 -2.539311e+001 4.834362e-007
1.023163e+001 2.584173e-004 5.703790e-004 -1.178782e+001 -2.565895e+001 4.673782e-007
1.023163e+001 2.530633e-004 5.587238e-004 -1.190919e+001 -2.592687e+001 4.518934e-007
1.023163e+001 2.478329e-004 5.473362e-004 -1.203147e+001 -2.619689e+001 4.369597e-007
1.023163e+001 2.427231e-004 5.362094e-004 -1.215467e+001 -2.646901e+001 4.225563e-007
1.023164e+001 2.377307e-004 5.253369e-004 -1.227878e+001 -2.674324e+001 4.086631e-007
1.023164e+001 2.328529e-004 5.147121e-004 -1.240383e+001 -2.701960e+001 3.952605e-007
1.023164e+001 2.280866e-004 5.043288e-004 -1.252980e+001 -2.729810e+001 3.823304e-007
1.023164e+001 2.234291e-004 4.941809e-004 -1.265670e+001 -2.757875e+001 3.698546e-007
1.023164e+001 2.188776e-004 4.842625e-004 -1.278455e+001 -2.786155e+001 3.578163e-007
1.023164e+001 2.144294e-004 4.745679e-004 -1.291333e+001 -2.814653e+001 3.461990e-007
1.023164e+001 2.100821e-004 4.650914e-004 -1.304306e+001 -2.843369e+001 3.349870e-007
1.023164e+001 2.058329e-004 4.558276e-004 -1.317374e+001 -2.872305e+001 3.241651e-007
1.023164e+001 2.016796e-004 4.467712e-004 -1.330538e+001 -2.901460e+001 3.137189e-007
1.023164e+001 1.976196e-004 4.379171e-004 -1.343797e+001 -2.930838e+001 3.036344e-007
1.023164e+001 1.936507e-004 4.292602e-004 -1.357153e+001 -2.960438e+001 2.938982e-007
1.023164e+001 1.897706e-004 4.207957e-004 -1.370605e+001 -2.990263e+001 2.844975e-007
1.023164e+001 1.859772e-004 4.125188e-004 -1.384155e+001 -3.020312e+001 2.754199e-007
1.023164e+001 1.822682e-004 4.044249e-004 -1.397802e+001 -3.050588e+001 2.666535e-007
1.023164e+001 1.786416e-004 3.965096e-004 -1.411547e+001 -3.081091e+001 2.581870e-007
1.023164e+001 1.750954e-004 3.887684e-004 -1.425390e+001 -3.111822e+001 2.500092e-007
1.023164e+001 1.716277e-004 3.811971e-004 -1.439332e+001 -3.142784e+001 2.421099e-007
1.023164e+001 1.682364e-004 3.737917e-004 -1.453373e+001 -3.173976e+001 2.344787e-007
1.023164e+001 1.649197e-004 3.665479e-004 -1.467515e+001 -3.205400e+001 2.271060e-007
1.023164e+001 1.616759e-004 3.594620e-004 -1.481756e+001 -3.237058e+001 2.199824e-007
1.023164e+001 1.585031e-004 3.525301e-004 -1.496097e+001 -3.268949e+001 2.130988e-007
1.023164e+001 1.553996e-004 3.457485e-004 -1.510540e+001 -3.301077e+001 2.064469e-007
1.023164e+001 1.523638e-004 3.391136e-004 -1.525083e+001 -3.333441e+001 2.000181e-007
1.023164e+001 1.493941e-004 3.326219e-004 -1.539729e+001 -3.366043e+001 1.938042e-007
1.023164e+001 1.464887e-004 3.262699e-004 -1.554477e+001 -3.398884e+001 1.877979e-007
1.023164e+001 1.436463e-004 3.200543e-004 -1.569327e+001 -3.431966e+001 1.819916e-007
1.023164e+001 1.408652e-004 3.139719e-004 -1.584280e+001 -3.465289e+001 1.763782e-007
1.023164e+001 1.381441e-004 3.080194e-004 -1.599337e+001 -3.498855e+001 1.709509e-007
1.023164e+001 1.354815e-004 3.021939e-004 -1.614498e+001 -3.532665e+001 1.657031e-007
1.023164e+001 1.328759e-004 2.964922e-004 -1.629762e+001 -3.566719e+001 1.606284e-007
1.023164e+001 1.303262e-004 2.909116e-004 -1.645132e+001 -3.601020e+001 1.557207e-007
1.023164e+001 1.278308e-004 2.854490e-004 -1.660606e+001 -3.635569e+001 1.509742e-007
1.023164e+001 1.253887e-004 2.801019e-004 -1.676187e+001 -3.670366e+001 1.463831e-007
1.023164e+001 1.229984e-004 2.748674e-004 -1.691873e+001 -3.705414e+001 1.419421e-007
1.023164e+001 1.206588e-004 2.697429e-004 -1.707665e+001 -3.740712e+001 1.376458e-007
1.023164e+001 1.183687e-004 2.647258e-004 -1.723564e+001 -3.776263e+001 1.334893e-007
1.023164e+001 1.161269e-004 2.598138e-004 -1.739571e+001 -3.812068e+001 1.294677e-007
1.023164e+001 1.139324e-004 2.550042e-004 -1.755685e+001 -3.848127e+001 1.255763e-007
1.023164e+001 1.117840e-004 2.502948e-004 -1.771907e+001 -3.884442e+001 1.218106e-007
1.023164e+001 1.096806e-004 2.456832e-004 -1.788237e+001 -3.921015e+001 1.181664e-007
1.023164e+001 1.076212e-004 2.411672e-004 -1.804677e+001 -3.957847e+001 1.146391e-007
1.023164e+001 1.056048e-004 2.367446e-004 -1.821225e+001 -3.994938e+001 1.112251e-007
1.023164e+001 1.036304e-004 2.324132e-004 -1.837884e+001 -4.032290e+001 1.079203e-007
1.023164e+001 1.016970e-004 2.281710e-004 -1.854652e+001 -4.069905e+001 1.047211e-007
1.023164e+001 9.980371e-005 2.240159e-004 -1.871531e+001 -4.107783e+001 1.016239e-007
1.023164e+001 9.794959e-005 2.199459e-004 -1.888521e+001 -4.145926e+001 9.862505e-008
1.023164e+001 9.613373e-005 2.159591e-004 -1.905622e+001 -4.184335e+001 9.572130e-008
1.023164e+001 9.435528e-005 2.120536e-004 -1.922835e+001 -4.223011e+001 9.290953e-008
1.023164e+001 9.261338e-005 2.082275e-004 -1.940161e+001 -4.261956e+001 9.018640e-008
1.023165e+001 9.090720e-005 2.044792e-004 -1.957598e+001 -4.301171e+001 8.754909e-008
1.023165e+001 8.923593e-005 2.008067e-004 -1.975149e+001 -4.340657e+001 8.499473e-008
1.023165e+001 8.759878e-005 1.972085e-004 -1.992814e+001 -4.380416e+001 8.252043e-008
1.023165e+001 8.599499e-005 1.936828e-004 -2.010592e+001 -4.420448e+001 8.012354e-008
1.023165e+001 8.442380e-005 1.902280e-004 -2.028484e+001 -4.460755e+001 7.780147e-008
1.023165e+001 8.288449e-005 1.868426e-004 -2.046491e+001 -4.501339e+001 7.555175e-008
1.023165e+001 8.137633e-005 1.835250e-004 -2.064614e+001 -4.542200e+001 7.337194e-008
1.023165e+001 7.989863e-005 1.802737e-004 -2.082851e+001 -4.583340e+001 7.125973e-008
1.023165e+001 7.845071e-005 1.770872e-004 -2.101205e+001 -4.624760e+001 6.921286e-008
1.023165e+001 7.703192e-005 1.739640e-004 -2.119675e+001 -4.666462e+001 6.722920e-008
1.023165e+001 7.564160e-005 1.709029e-004 -2.138261e+001 -4.708446e+001 6.530668e-008
1.023165e+001 7.427912e-005 1.679024e-004 -2.156965e+001 -4.750715e+001 6.344321e-008
1.023165e+001 7.294386e-005 1.649612e-004 -2.175786e+001 -4.793269e+001 6.163688e-008
1.023165e+001 7.163524e-005 1.620779e-004 -2.194725e+001 -4.836109e+001 5.988583e-008
1.023165e+001 7.035265e-005 1.592514e-004 -2.213783e+001 -4.879238e+001 5.818829e-008
1.023165e+001 6.909554e-005 1.564804e-004 -2.232959e+001 -4.922656e+001 5.654245e-008
1.023165e+001 6.786333e-005 1.537636e-004 -2.252255e+001 -4.966365e+001 5.494666e-008
1.023165e+001 6.665549e-005 1.510999e-004 -2.271670e+001 -5.010366e+001 5.339924e-008
1.023165e+001 6.547148e-005 1.484882e-004 -2.291205e+001 -5.054660e+001 5.189869e-008
1.023165e+001 6.431079e-005 1.459272e-004 -2.310860e+001 -5.099249e+001 5.044348e-008
1.023165e+001 6.317291e-005 1.434160e-004 -2.330636e+001 -5.144134e+001 4.903207e-008
1.023165e+001 6.205734e-005 1.409535e-004 -2.350534e+001 -5.189316e+001 4.766317e-008
1.023165e+001 6.096360e-005 1.385385e-004 -2.370552e+001 -5.234797e+001 4.633536e-008
1.023165e+001 5.989122e-005 1.361701e-004 -2.390693e+001 -5.280579e+001 4.504726e-008
1.023165e+001 5.883974e-005 1.338473e-004 -2.410956e+001 -5.326661e+001 4.379766e-008
1.023165e+001 5.780871e-005 1.315691e-004 -2.431342e+001 -5.373047e+001 4.258532e-008
1.023165e+001 5.679769e-005 1.293346e-004 -2.451852e+001 -5.419736e+001 4.140904e-008
1.023165e+001 5.580625e-005 1.271428e-004 -2.472484e+001 -5.466731e+001 4.026773e-008
1.023165e+001 5.483398e-005 1.249928e-004 -2.493241e+001 -5.514033e+001 3.916017e-008
1.023165e+001 5.388047e-005 1.228837e-004 -2.514122e+001 -5.561644e+001 3.808544e-008
1.023165e+001 5.294531e-005 1.208147e-004 -2.535128e+001 -5.609564e+001 3.704235e-008
1.023165e+001 5.202812e-005 1.187850e-004 -2.556259e+001 -5.657795e+001 3.602998e-008
1.023165e+001 5.112851e-005 1.167936e-004 -2.577515e+001 -5.706338e+001 3.504737e-008
1.023165e+001 5.024612e-005 1.148398e-004 -2.598898e+001 -5.755195e+001 3.409356e-008
1.023165e+001 4.938058e-005 1.129228e-004 -2.620406e+001 -5.804368e+001 3.316763e-008
1.023165e+001 4.853154e-005 1.110419e-004 -2.642042e+001 -5.853857e+001 3.226876e-008
1.023165e+001 4.769864e-005 1.091963e-004 -2.663804e+001 -5.903664e+001 3.139607e-008
1.023165e+001 4.688156e-005 1.073851e-004 -2.685694e+001 -5.953790e+001 3.054875e-008
1.023165e+001 4.607996e-005 1.056079e-004 -2.707712e+001 -6.004237e+001 2.972599e-008
1.023165e+001 4.529351e-005 1.038637e-004 -2.729858e+001 -6.055007e+001 2.892710e-008
1.023165e+001 4.452190e-005 1.021520e-004 -2.752132e+001 -6.106100e+001 2.815124e-008
1.023165e+001 4.376483e-005 1.004721e-004 -2.774536e+001 -6.157518e+001 2.739776e-008
1.023165e+001 4.302198e-005 9.882324e-005 -2.797069e+001 -6.209262e+001 2.666599e-008
1.023165e+001 4.229307e-005 9.720489e-005 -2.819732e+001 -6.261335e+001 2.595520e-008
1.023165e+001 4.157781e-005 9.561640e-005 -2.842525e+001 -6.313736e+001 2.526479e-008
1.023165e+001 4.087591e-005 9.405714e-005 -2.865448e+001 -6.366469e+001 2.459414e-008
1.023165e+001 4.018710e-005 9.252652e-005 -2.888503e+001 -6.419534e+001 2.394261e-008
1.023165e+001 3.951111e-005 9.102396e-005 -2.911688e+001 -6.472932e+001 2.330964e-008
1.023165e+001 3.884769e-005 8.954889e-005 -2.935006e+001 -6.526665e+001 2.269462e-008
1.023165e+001 3.819656e-005 8.810075e-005 -2.958455e+001 -6.580735e+001 2.209710e-008
1.023165e+001 3.755748e-005 8.667899e-005 -2.982037e+001 -6.635143e+001 2.151646e-008
1.023165e+001 3.693020e-005 8.528307e-005 -3.005751e+001 -6.689890e+001 2.095224e-008
1.023165e+001 3.631449e-005 8.391248e-005 -3.029599e+001 -6.744978e+001 2.040390e-008
1.023165e+001 3.571011e-005 8.256671e-005 -3.053580e+001 -6.800409e+001 1.987101e-008
1.023165e+001 3.511683e-005 8.124525e-005 -3.077695e+001 -6.856183e+001 1.935310e-008
1.023165e+001 3.453442e-005 7.994762e-005 -3.101944e+001 -6.912303e+001 1.884966e-008
1.023165e+001 3.396267e-005 7.867335e-005 -3.126328e+001 -6.968769e+001 1.836032e-008
1.023165e+001 3.340135e-005 7.742196e-005 -3.150846e+001 -7.025584e+001 1.788464e-008
1.023165e+001 3.285027e-005 7.619299e-005 -3.175500e+001 -7.082748e+001 1.742220e-008
1.023165e+001 3.230921e-005 7.498601e-005 -3.200290e+001 -7.140263e+001 1.697262e-008
1.023165e+001 3.177798e-005 7.380057e-005 -3.225216e+001 -7.198132e+001 1.653552e-008
1.023165e+001 3.125637e-005 7.263625e-005 -3.250278e+001 -7.256354e+001 1.611049e-008
1.023165e+001 3.074420e-005 7.149263e-005 -3.275476e+001 -7.314932e+001 1.569725e-008
1.023165e+001 3.024128e-005 7.036930e-005 -3.300812e+001 -7.373867e+001 1.529538e-008
1.023165e+001 2.974742e-005 6.926586e-005 -3.326285e+001 -7.433161e+001 1.490458e-008
1.023165e+001 2.926244e-005 6.818192e-005 -3.351896e+001 -7.492815e+001 1.452451e-008
1.023165e+001 2.878617e-005 6.711710e-005 -3.377645e+001 -7.552831e+001 1.415486e-008
1.023165e+001 2.831844e-005 6.607102e-005 -3.403533e+001 -7.613210e+001 1.379532e-008
1.023165e+001 2.785907e-005 6.504331e-005 -3.429559e+001 -7.673954e+001 1.344561e-008
1.023165e+001 2.740791e-005 6.403363e-005 -3.455725e+001 -7.735064e+001 1.310543e-008
1.023165e+001 2.696478e-005 6.304160e-005 -3.482030e+001 -7.796542e+001 1.277450e-008
1.023165e+001 2.652954e-005 6.206691e-005 -3.508475e+001 -7.858389e+001 1.245256e-008
1.023165e+001 2.610203e-005 6.110919e-005 -3.535059e+001 -7.920607e+001 1.213930e-008
1.023165e+001 2.568210e-005 6.016814e-005 -3.561785e+001 -7.983198e+001 1.183458e-008
1.023165e+001 2.526960e-005 5.924342e-005 -3.588651e+001 -8.046162e+001 1.153804e-008
1.023165e+001 2.486438e-005 5.833472e-005 -3.615659e+001 -8.109502e+001 1.124951e-008
1.023165e+001 2.446631e-005 5.744174e-005 -3.642807e+001 -8.173220e+001 1.096873e-008
1.023165e+001 2.407524e-005 5.656416e-005 -3.670098e+001 -8.237315e+001 1.069548e-008
1.023165e+001 2.369104e-005 5.570170e-005 -3.697531e+001 -8.301791e+001 1.042955e-008
1.023165e+001 2.331358e-005 5.485407e-005 -3.725106e+001 -8.366649e+001 1.017073e-008
1.023165e+001 2.294273e-005 5.402098e-005 -3.752824e+001 -8.431889e+001 9.918812e-009
1.023165e+001 2.257835e-005 5.320215e-005 -3.780685e+001 -8.497515e+001 9.673609e-009
1.023165e+001 2.222033e-005 5.239732e-005 -3.808689e+001 -8.563527e+001 9.434928e-009
1.023165e+001 2.186855e-005 5.160622e-005 -3.836837e+001 -8.629928e+001 9.202570e-009
1.023165e+001 2.152288e-005 5.082858e-005 -3.865130e+001 -8.696718e+001 8.976375e-009
1.023165e+001 2.118320e-005 5.006416e-005 -3.893566e+001 -8.763899e+001 8.756149e-009
1.023165e+001 2.084941e-005 4.931270e-005 -3.922147e+001 -8.831473e+001 8.541734e-009
1.023165e+001 2.052139e-005 4.857395e-005 -3.950873e+001 -8.899441e+001 8.332962e-009
1.023165e+001 2.019902e-005 4.784769e-005 -3.979744e+001 -8.967805e+001 8.129671e-009
1.023165e+001 1.988222e-005 4.713368e-005 -4.008761e+001 -9.036567e+001 7.931722e-009
1.023165e+001 1.957086e-005 4.643168e-005 -4.037924e+001 -9.105728e+001 7.738949e-009
1.023165e+001 1.926484e-005 4.574147e-005 -4.067232e+001 -9.175290e+001 7.551228e-009
1.023165e+001 1.896407e-005 4.506284e-005 -4.096688e+001 -9.245254e+001 7.368387e-009
1.023165e+001 1.866845e-005 4.439556e-005 -4.126289e+001 -9.315622e+001 7.190318e-009
1.023165e+001 1.837788e-005 4.373942e-005 -4.156038e+001 -9.386397e+001 7.016873e-009
1.023165e+001 1.809226e-005 4.309422e-005 -4.185934e+001 -9.457578e+001 6.847921e-009
1.023165e+001 1.781150e-005 4.245976e-005 -4.215978e+001 -9.529168e+001 6.683346e-009
1.023165e+001 1.753551e-005 4.183584e-005 -4.246169e+001 -9.601169e+001 6.523024e-009
1.023165e+001 1.726420e-005 4.122225e-005 -4.276509e+001 -9.673582e+001 6.366834e-009
1.023165e+001 1.699749e-005 4.061882e-005 -4.306997e+001 -9.746409e+001 6.214668e-009
1.023165e+001 1.673528e-005 4.002535e-005 -4.337634e+001 -9.819652e+001 6.066419e-009
1.023165e+001 1.647750e-005 3.944166e-005 -4.368419e+001 -9.893312e+001 5.921963e-009
1.023165e+001 1.622406e-005 3.886758e-005 -4.399354e+001 -9.967390e+001 5.781216e-009
1.023165e+001 1.597489e-005 3.830292e-005 -4.430438e+001 -1.004189e+002 5.644064e-009
1.023165e+001 1.572990e-005 3.774752e-005 -4.461672e+001 -1.011681e+002 5.510404e-009
1.023165e+001 1.548901e-005 3.720120e-005 -4.493056e+001 -1.019216e+002 5.380151e-009
1.023165e+001 1.525216e-005 3.666381e-005 -4.524590e+001 -1.026793e+002 5.253199e-009
1.023165e+001 1.501926e-005 3.613517e-005 -4.556275e+001 -1.034412e+002 5.129481e-009
1.023165e+001 1.479025e-005 3.561513e-005 -4.588110e+001 -1.042075e+002 5.008897e-009
1.023165e+001 1.456505e-005 3.510354e-005 -4.620097e+001 -1.049781e+002 4.891348e-009
1.023165e+001 1.434359e-005 3.460025e-005 -4.652234e+001 -1.057530e+002 4.776777e-009
1.023165e+001 1.412581e-005 3.410509e-005 -4.684523e+001 -1.065322e+002 4.665098e-009
1.023165e+001 1.391164e-005 3.361793e-005 -4.716964e+001 -1.073158e+002 4.556207e-009
1.023165e+001 1.370101e-005 3.313862e-005 -4.749557e+001 -1.081038e+002 4.450065e-009
1.023165e+001 1.349386e-005 3.266703e-005 -4.782302e+001 -1.088961e+002 4.346575e-009
1.023165e+001 1.329012e-005 3.220301e-005 -4.815199e+001 -1.096929e+002 4.245683e-009
1.023165e+001 1.308974e-005 3.174643e-005 -4.848249e+001 -1.104941e+002 4.147283e-009
1.023165e+001 1.289265e-005 3.129715e-005 -4.881452e+001 -1.112997e+002 4.051368e-009
1.023165e+001 1.269879e-005 3.085505e-005 -4.914807e+001 -1.121098e+002 3.957822e-009
1.023165e+001 1.250811e-005 3.042000e-005 -4.948317e+001 -1.129244e+002 3.866600e-009
1.023165e+001 1.232055e-005 2.999187e-005 -4.981979e+001 -1.137434e+002 3.777642e-009
1.023165e+001 1.213605e-005 2.957054e-005 -5.015795e+001 -1.145670e+002 3.690877e-009
1.023165e+001 1.195456e-005 2.915590e-005 -5.049766e+001 -1.153951e+002 3.606267e-009
1.023165e+001 1.177602e-005 2.874782e-005 -5.083890e+001 -1.162278e+002 3.523729e-009
1.023165e+001 1.160038e-005 2.834619e-005 -5.118168e+001 -1.170650e+002 3.443229e-009
1.023165e+001 1.142759e-005 2.795089e-005 -5.152602e+001 -1.179068e+002 3.364714e-009
1.023165e+001 1.125760e-005 2.756181e-005 -5.187189e+001 -1.187532e+002 3.288115e-009
1.023165e+001 1.109036e-005 2.717885e-005 -5.221932e+001 -1.196042e+002 3.213398e-009
1.023165e+001 1.092582e-005 2.680189e-005 -5.256830e+001 -1.204599e+002 3.140500e-009
1.023165e+001 1.076394e-005 2.643084e-005 -5.291883e+001 -1.213202e+002 3.069380e-009
1.023165e+001 1.060465e-005 2.606559e-005 -5.327091e+001 -1.221851e+002 2.999998e-009
1.023165e+001 1.044793e-005 2.570604e-005 -5.362455e+001 -1.230548e+002 2.932303e-009
1.023165e+001 1.029372e-005 2.535209e-005 -5.397975e+001 -1.239292e+002 2.866243e-009
1.023165e+001 1.014199e-005 2.500364e-005 -5.433651e+001 -1.248082e+002 2.801792e-009
1.023165e+001 9.992676e-006 2.466059e-005 -5.469483e+001 -1.256921e+002 2.738894e-009
1.023165e+001 9.845750e-006 2.432287e-005 -5.505471e+001 -1.265807e+002 2.677515e-009
1.023165e+001 9.701167e-006 2.399036e-005 -5.541615e+001 -1.274740e+002 2.617617e-009
1.023165e+001 9.558885e-006 2.366299e-005 -5.577916e+001 -1.283722e+002 2.559158e-009
1.023165e+001 9.418866e-006 2.334067e-005 -5.614374e+001 -1.292752e+002 2.502110e-009
1.023165e+001 9.281069e-006 2.302330e-005 -5.650989e+001 -1.301830e+002 2.446421e-009
1.023165e+001 9.145456e-006 2.271081e-005 -5.687761e+001 -1.310957e+002 2.392065e-009
1.023165e+001 9.011988e-006 2.240311e-005 -5.724689e+001 -1.320132e+002 2.339014e-009
1.023165e+001 8.880629e-006 2.210011e-005 -5.761775e+001 -1.329356e+002 2.287230e-009
1.023165e+001 8.751342e-006 2.180175e-005 -5.799019e+001 -1.338630e+002 2.236673e-009
1.023165e+001 8.624092e-006 2.150793e-005 -5.836420e+001 -1.347952e+002 2.187318e-009
1.023165e+001 8.498843e-006 2.121859e-005 -5.873978e+001 -1.357324e+002 2.139137e-009
1.023165e+001 8.375561e-006 2.093364e-005 -5.911695e+001 -1.366746e+002 2.092093e-009
1.023165e+001 8.254212e-006 2.065302e-005 -5.949569e+001 -1.376217e+002 2.046168e-009
1.023165e+001 8.134763e-006 2.037664e-005 -5.987601e+001 -1.385738e+002 2.001322e-009
1.023165e+001 8.017182e-006 2.010445e-005 -6.025791e+001 -1.395310e+002 1.957533e-009
1.023165e+001 7.901436e-006 1.983636e-005 -6.064139e+001 -1.404932e+002 1.914778e-009
1.023165e+001 7.787494e-006 1.957231e-005 -6.102646e+001 -1.414604e+002 1.873030e-009
1.023165e+001 7.675325e-006 1.931223e-005 -6.141311e+001 -1.424327e+002 1.832257e-009
1.023165e+001 7.564899e-006 1.905606e-005 -6.180134e+001 -1.434101e+002 1.792436e-009
1.023165e+001 7.456187e-006 1.880372e-005 -6.219116e+001 -1.443927e+002 1.753550e-009
1.023165e+001 7.349159e-006 1.855516e-005 -6.258257e+001 -1.453803e+002 1.715574e-009
1.023165e+001 7.243788e-006 1.831032e-005 -6.297556e+001 -1.463731e+002 1.678473e-009
1.023165e+001 7.140044e-006 1.806912e-005 -6.337014e+001 -1.473711e+002 1.642239e-009
1.023165e+001 7.037901e-006 1.783152e-005 -6.376630e+001 -1.483742e+002 1.606849e-009
1.023165e+001 6.937331e-006 1.759744e-005 -6.416406e+001 -1.493826e+002 1.572278e-009
1.023165e+001 6.838309e-006 1.736684e-005 -6.456340e+001 -1.503962e+002 1.538510e-009
1.023165e+001 6.740807e-006 1.713965e-005 -6.496434e+001 -1.514150e+002 1.505519e-009
1.023165e+001 6.644800e-006 1.691582e-005 -6.536686e+001 -1.524391e+002 1.473288e-009
1.023165e+001 6.550264e-006 1.669530e-005 -6.577097e+001 -1.534685e+002 1.441802e-009
1.023165e+001 6.457174e-006 1.647802e-005 -6.617667e+001 -1.545032e+002 1.411032e-009
1.023165e+001 6.365506e-006 1.626394e-005 -6.658397e+001 -1.555432e+002 1.380974e-009
1.023165e+001 6.275235e-006 1.605301e-005 -6.699285e+001 -1.565885e+002 1.351611e-009
1.023165e+001 6.186339e-006 1.584516e-005 -6.740333e+001 -1.576392e+002 1.322912e-009
1.023165e+001 6.098795e-006 1.564036e-005 -6.781540e+001 -1.586953e+002 1.294871e-009
1.023165e+001 6.012580e-006 1.543855e-005 -6.822906e+001 -1.597568e+002 1.267469e-009
1.023165e+001 5.927672e-006 1.523968e-005 -6.864430e+001 -1.608237e+002 1.240685e-009
1.023165e+001 5.844051e-006 1.504371e-005 -6.906115e+001 -1.618961e+002 1.214517e-009
1.023165e+001 5.761693e-006 1.485058e-005 -6.947958e+001 -1.629739e+002 1.188941e-009
1.023165e+001 5.680580e-006 1.466026e-005 -6.989960e+001 -1.640572e+002 1.163943e-009
1.023165e+001 5.600689e-006 1.447270e-005 -7.032121e+001 -1.651460e+002 1.139509e-009
1.023165e+001 5.522002e-006 1.428785e-005 -7.074442e+001 -1.662403e+002 1.115629e-009
1.023165e+001 5.444497e-006 1.410567e-005 -7.116921e+001 -1.673401e+002 1.092288e-009
1.023165e+001 5.368157e-006 1.392612e-005 -7.159559e+001 -1.684455e+002 1.069471e-009
1.023165e+001 5.292961e-006 1.374915e-005 -7.202357e+001 -1.695565e+002 1.047168e-009
1.023165e+001 5.218891e-006 1.357472e-005 -7.245313e+001 -1.706731e+002 1.025365e-009
1.023165e+001 5.145929e-006 1.340280e-005 -7.288428e+001 -1.717953e+002 1.004052e-009
1.023165e+001 5.074057e-006 1.323333e-005 -7.331702e+001 -1.729231e+002 9.832114e-010
1.023165e+001 5.003256e-006 1.306629e-005 -7.375135e+001 -1.740566e+002 9.628394e-010
1.023165e+001 4.933510e-006 1.290164e-005 -7.418726e+001 -1.751958e+002 9.429186e-010
1.023165e+001 4.864801e-006 1.273933e-005 -7.462476e+001 -1.763407e+002 9.234436e-010
1.023165e+001 4.797112e-006 1.257933e-005 -7.506384e+001 -1.774913e+002 9.044018e-010
1.023165e+001 4.730428e-006 1.242160e-005 -7.550451e+001 -1.786476e+002 8.857770e-010
1.023165e+001 4.664732e-006 1.226611e-005 -7.594676e+001 -1.798098e+002 8.675691e-010
1.023165e+001 4.600007e-006 1.211282e-005 -7.639059e+001 -1.809776e+002 8.497639e-010
1.023165e+001 4.536239e-006 1.196169e-005 -7.683600e+001 -1.821513e+002 8.323518e-010
1.023165e+001 4.473411e-006 1.181270e-005 -7.728299e+001 -1.833308e+002 8.153198e-010
1.023165e+001 4.411509e-006 1.166581e-005 -7.773156e+001 -1.845162e+002 7.986683e-010
1.023165e+001 4.350518e-006 1.152099e-005 -7.818171e+001 -1.857074e+002 7.823808e-010
1.023165e+001 4.290423e-006 1.137819e-005 -7.863343e+001 -1.869045e+002 7.664514e-010
1.023165e+001 4.231210e-006 1.123740e-005 -7.908673e+001 -1.881076e+002 7.508694e-010
1.023165e+001 4.172865e-006 1.109858e-005 -7.954160e+001 -1.893165e+002 7.356267e-010
1.023165e+001 4.115374e-006 1.096170e-005 -7.999805e+001 -1.905314e+002 7.207191e-010
1.023165e+001 4.058724e-006 1.082673e-005 -8.045606e+001 -1.917522e+002 7.061366e-010
1.023165e+001 4.002900e-006 1.069364e-005 -8.091564e+001 -1.929791e+002 6.918701e-010
1.023165e+001 3.947891e-006 1.056240e-005 -8.137679e+001 -1.942120e+002 6.779140e-010
1.023165e+001 3.893682e-006 1.043298e-005 -8.183950e+001 -1.954509e+002 6.642627e-010
1.023165e+001 3.840262e-006 1.030536e-005 -8.230378e+001 -1.966958e+002 6.509063e-010
1.023165e+001 3.787617e-006 1.017950e-005 -8.276962e+001 -1.979468e+002 6.378368e-010
1.023165e+001 3.735737e-006 1.005539e-005 -8.323701e+001 -1.992040e+002 6.250518e-010
1.023165e+001 3.684607e-006 9.932980e-006 -8.370597e+001 -2.004672e+002 6.125410e-010
1.023165e+001 3.634218e-006 9.812261e-006 -8.417647e+001 -2.017366e+002 6.002981e-010
1.023165e+001 3.584557e-006 9.693201e-006 -8.464854e+001 -2.030121e+002 5.883225e-010
1.023165e+001 3.535612e-006 9.575776e-006 -8.512215e+001 -2.042938e+002 5.766021e-010
1.023165e+001 3.487373e-006 9.459959e-006 -8.559731e+001 -2.055817e+002 5.651360e-010
1.023165e+001 3.439829e-006 9.345729e-006 -8.607401e+001 -2.068759e+002 5.539080e-010
1.023165e+001 3.392967e-006 9.233059e-006 -8.655226e+001 -2.081763e+002 5.429259e-010
1.023165e+001 3.346779e-006 9.121927e-006 -8.703205e+001 -2.094829e+002 5.321748e-010
1.023165e+001 3.301253e-006 9.012308e-006 -8.751338e+001 -2.107959e+002 5.216565e-010
1.023165e+001 3.256380e-006 8.904179e-006 -8.799624e+001 -2.121152e+002 5.113605e-010
1.023165e+001 3.212148e-006 8.797519e-006 -8.848064e+001 -2.134408e+002 5.012820e-010
1.023165e+001 3.168548e-006 8.692304e-006 -8.896657e+001 -2.147727e+002 4.914177e-010
1.023165e+001 3.125570e-006 8.588514e-006 -8.945402e+001 -2.161111e+002 4.817601e-010
1.023165e+001 3.083205e-006 8.486127e-006 -8.994300e+001 -2.174558e+002 4.723091e-010
1.023165e+001 3.041443e-006 8.385120e-006 -9.043350e+001 -2.188070e+002 4.630591e-010
1.023165e+001 3.000275e-006 8.285475e-006 -9.092551e+001 -2.201646e+002 4.540015e-010
1.023165e+001 2.959692e-006 8.187169e-006 -9.141904e+001 -2.215286e+002 4.451338e-010
1.023165e+001 2.919684e-006 8.090184e-006 -9.191409e+001 -2.228992e+002 4.364567e-010
1.023165e+001 2.880242e-006 7.994499e-006 -9.241064e+001 -2.242762e+002 4.279563e-010
1.023165e+001 2.841360e-006 7.900096e-006 -9.290869e+001 -2.256598e+002 4.196350e-010
1.023165e+001 2.803026e-006 7.806954e-006 -9.340824e+001 -2.270500e+002 4.114900e-010
1.023165e+001 2.765234e-006 7.715056e-006 -9.390929e+001 -2.284467e+002 4.035159e-010
1.023165e+001 2.727974e-006 7.624381e-006 -9.441184e+001 -2.298501e+002 3.957063e-010
1.023165e+001 2.691239e-006 7.534913e-006 -9.491588e+001 -2.312600e+002 3.880602e-010
1.023165e+001 2.655021e-006 7.446634e-006 -9.542139e+001 -2.326766e+002 3.805702e-010
1.023165e+001 2.619312e-006 7.359526e-006 -9.592839e+001 -2.340999e+002 3.732381e-010
1.023165e+001 2.584104e-006 7.273571e-006 -9.643687e+001 -2.355298e+002 3.660585e-010
1.023165e+001 2.549390e-006 7.188753e-006 -9.694682e+001 -2.369665e+002 3.590257e-010
1.023165e+001 2.515161e-006 7.105054e-006 -9.745825e+001 -2.384099e+002 3.521400e-010
1.023165e+001 2.481411e-006 7.022459e-006 -9.797113e+001 -2.398601e+002 3.453965e-010
1.023165e+001 2.448132e-006 6.940950e-006 -9.848548e+001 -2.413170e+002 3.387916e-010
1.023165e+001 2.415318e-006 6.860513e-006 -9.900129e+001 -2.427808e+002 3.323228e-010
1.023165e+001 2.382961e-006 6.781131e-006 -9.951854e+001 -2.442514e+002 3.259854e-010
1.023165e+001 2.351054e-006 6.702789e-006 -1.000372e+002 -2.457288e+002 3.197789e-010
1.023165e+001 2.319592e-006 6.625473e-006 -1.005574e+002 -2.472131e+002 3.136986e-010
1.023165e+001 2.288566e-006 6.549165e-006 -1.010790e+002 -2.487043e+002 3.077461e-010
1.023165e+001 2.257970e-006 6.473853e-006 -1.016020e+002 -2.502024e+002 3.019124e-010
1.023165e+001 2.227798e-006 6.399521e-006 -1.021264e+002 -2.517075e+002 2.961987e-010
1.023165e+001 2.198044e-006 6.326156e-006 -1.026523e+002 -2.532195e+002 2.906012e-010
1.023165e+001 2.168701e-006 6.253744e-006 -1.031796e+002 -2.547385e+002 2.851159e-010
1.023165e+001 2.139764e-006 6.182270e-006 -1.037083e+002 -2.562646e+002 2.797429e-010
1.023165e+001 2.111226e-006 6.111721e-006 -1.042384e+002 -2.577976e+002 2.744789e-010
1.023165e+001 2.083080e-006 6.042083e-006 -1.047699e+002 -2.593378e+002 2.693230e-010
1.023165e+001 2.055323e-006 5.973345e-006 -1.053028e+002 -2.608850e+002 2.642689e-010
1.023165e+001 2.027947e-006 5.905492e-006 -1.058370e+002 -2.624393e+002 2.593191e-010
1.023165e+001 2.000947e-006 5.838511e-006 -1.063727e+002 -2.640008e+002 2.544691e-010
1.023165e+001 1.974317e-006 5.772391e-006 -1.069098e+002 -2.655694e+002 2.497157e-010
1.023165e+001 1.948052e-006 5.707119e-006 -1.074482e+002 -2.671452e+002 2.450565e-010
1.023165e+001 1.922147e-006 5.642683e-006 -1.079880e+002 -2.687282e+002 2.404932e-010
1.023165e+001 1.896596e-006 5.579071e-006 -1.085291e+002 -2.703184e+002 2.360199e-010
1.023165e+001 1.871394e-006 5.516270e-006 -1.090716e+002 -2.719158e+002 2.316388e-010
1.023165e+001 1.846536e-006 5.454271e-006 -1.096155e+002 -2.735206e+002 2.273413e-010
1.023165e+001 1.822016e-006 5.393060e-006 -1.101606e+002 -2.751326e+002 2.231328e-010
1.023165e+001 1.797831e-006 5.332628e-006 -1.107072e+002 -2.767520e+002 2.190071e-010
1.023165e+001 1.773974e-006 5.272962e-006 -1.112550e+002 -2.783787e+002 2.149632e-010
1.023165e+001 1.750442e-006 5.214052e-006 -1.118042e+002 -2.800128e+002 2.109996e-010
1.023165e+001 1.727229e-006 5.155889e-006 -1.123547e+002 -2.816543e+002 2.071137e-010
1.023165e+001 1.704330e-006 5.098459e-006 -1.129065e+002 -2.833032e+002 2.033075e-010
1.023165e+001 1.681742e-006 5.041755e-006 -1.134596e+002 -2.849596e+002 1.995725e-010
1.023165e+001 1.659460e-006 4.985765e-006 -1.140139e+002 -2.866234e+002 1.959144e-010
1.023165e+001 1.637478e-006 4.930479e-006 -1.145696e+002 -2.882947e+002 1.923281e-010
1.023165e+001 1.615794e-006 4.875888e-006 -1.151266e+002 -2.899735e+002 1.888112e-010
1.023165e+001 1.594402e-006 4.821981e-006 -1.156848e+002 -2.916598e+002 1.853662e-010
1.023165e+001 1.573298e-006 4.768749e-006 -1.162443e+002 -2.933538e+002 1.819871e-010
1.023165e+001 1.552478e-006 4.716183e-006 -1.168050e+002 -2.950553e+002 1.786728e-010
1.023165e+001 1.531938e-006 4.664273e-006 -1.173670e+002 -2.967644e+002 1.754273e-010
1.023165e+001 1.511675e-006 4.613011e-006 -1.179302e+002 -2.984812e+002 1.722422e-010
1.023165e+001 1.491683e-006 4.562386e-006 -1.184947e+002 -3.002057e+002 1.691198e-010
1.023165e+001 1.471959e-006 4.512391e-006 -1.190603e+002 -3.019378e+002 1.660589e-010
1.023165e+001 1.452499e-006 4.463017e-006 -1.196272e+002 -3.036776e+002 1.630570e-010
1.023165e+001 1.433300e-006 4.414254e-006 -1.201953e+002 -3.054252e+002 1.601146e-010
1.023165e+001 1.414357e-006 4.366095e-006 -1.207646e+002 -3.071806e+002 1.572287e-010
1.023165e+001 1.395667e-006 4.318531e-006 -1.213351e+002 -3.089437e+002 1.543993e-010
1.023165e+001 1.377227e-006 4.271554e-006 -1.219068e+002 -3.107147e+002 1.516243e-010
1.023165e+001 1.359032e-006 4.225156e-006 -1.224796e+002 -3.124935e+002 1.489031e-010
1.023165e+001 1.341079e-006 4.179328e-006 -1.230536e+002 -3.142802e+002 1.462339e-010
1.023165e+001 1.323366e-006 4.134064e-006 -1.236288e+002 -3.160748e+002 1.436169e-010
1.023165e+001 1.305887e-006 4.089355e-006 -1.242051e+002 -3.178772e+002 1.410491e-010
1.023165e+001 1.288641e-006 4.045194e-006 -1.247825e+002 -3.196877e+002 1.385320e-010
1.023165e+001 1.271623e-006 4.001573e-006 -1.253611e+002 -3.215061e+002 1.360639e-010
1.023165e+001 1.254831e-006 3.958485e-006 -1.259407e+002 -3.233324e+002 1.336411e-010
1.023165e+001 1.238262e-006 3.915922e-006 -1.265215e+002 -3.251668e+002 1.312667e-010
1.023165e+001 1.221911e-006 3.873878e-006 -1.271034e+002 -3.270093e+002 1.289355e-010
1.023165e+001 1.205777e-006 3.832346e-006 -1.276864e+002 -3.288598e+002 1.266510e-010
1.023165e+001 1.189855e-006 3.791317e-006 -1.282704e+002 -3.307184e+002 1.244099e-010
1.023165e+001 1.174143e-006 3.750786e-006 -1.288555e+002 -3.325852e+002 1.222109e-010
1.023165e+001 1.158639e-006 3.710746e-006 -1.294417e+002 -3.344601e+002 1.200530e-010
1.023165e+001 1.143338e-006 3.671190e-006 -1.300289e+002 -3.363431e+002 1.179372e-010
1.023165e+001 1.128239e-006 3.632112e-006 -1.306171e+002 -3.382344e+002 1.158612e-010
1.023165e+001 1.113338e-006 3.593504e-006 -1.312064e+002 -3.401339e+002 1.138250e-010
1.023165e+001 1.098633e-006 3.555362e-006 -1.317967e+002 -3.420416e+002 1.118265e-010
1.023165e+001 1.084120e-006 3.517679e-006 -1.323879e+002 -3.439576e+002 1.098656e-010
1.023165e+001 1.069798e-006 3.480447e-006 -1.329802e+002 -3.458819e+002 1.079429e-010
1.023165e+001 1.055664e-006 3.443663e-006 -1.335735e+002 -3.478146e+002 1.060558e-010
1.023165e+001 1.041714e-006 3.407318e-006 -1.341677e+002 -3.497556e+002 1.042044e-010
1.023165e+001 1.027946e-006 3.371408e-006 -1.347629e+002 -3.517050e+002 1.023878e-010
1.023165e+001 1.014359e-006 3.335927e-006 -1.353590e+002 -3.536628e+002 1.006048e-010
1.023165e+001 1.000948e-006 3.300868e-006 -1.359561e+002 -3.556290e+002 9.885525e-011
1.023165e+001 9.877125e-007 3.266227e-006 -1.365540e+002 -3.576037e+002 9.713934e-011
1.023165e+001 9.746492e-007 3.231998e-006 -1.371529e+002 -3.595869e+002 9.545503e-011
1.023165e+001 9.617560e-007 3.198175e-006 -1.377527e+002 -3.615786e+002 9.380183e-011
1.023165e+001 9.490304e-007 3.164753e-006 -1.383534e+002 -3.635789e+002 9.217980e-011
1.023165e+001 9.364701e-007 3.131726e-006 -1.389549e+002 -3.655877e+002 9.058809e-011
1.023165e+001 9.240729e-007 3.099090e-006 -1.395573e+002 -3.676051e+002 8.902514e-011
1.023165e+001 9.118363e-007 3.066839e-006 -1.401606e+002 -3.696311e+002 8.749264e-011
1.023165e+001 8.997584e-007 3.034968e-006 -1.407646e+002 -3.716658e+002 8.598694e-011
1.023165e+001 8.878368e-007 3.003473e-006 -1.413695e+002 -3.737092e+002 8.451101e-011
1.023165e+001 8.760693e-007 2.972347e-006 -1.419753e+002 -3.757612e+002 8.306156e-011
1.023165e+001 8.644540e-007 2.941586e-006 -1.425818e+002 -3.778220e+002 8.163852e-011
1.023165e+001 8.529888e-007 2.911187e-006 -1.431890e+002 -3.798916e+002 8.024125e-011
1.023165e+001 8.416714e-007 2.881143e-006 -1.437971e+002 -3.819699e+002 7.887094e-011
1.023165e+001 8.305001e-007 2.851450e-006 -1.444059e+002 -3.840570e+002 7.752473e-011
1.023165e+001 8.194726e-007 2.822104e-006 -1.450154e+002 -3.861530e+002 7.620430e-011
1.023165e+001 8.085871e-007 2.793099e-006 -1.456257e+002 -3.882579e+002 7.490732e-011
1.023165e+001 7.978416e-007 2.764433e-006 -1.462367e+002 -3.903716e+002 7.363447e-011
1.023165e+001 7.872342e-007 2.736099e-006 -1.468484e+002 -3.924942e+002 7.238500e-011
1.023165e+001 7.767630e-007 2.708094e-006 -1.474607e+002 -3.946259e+002 7.115816e-011
1.023165e+001 7.664261e-007 2.680414e-006 -1.480738e+002 -3.967664e+002 6.995383e-011
1.023165e+001 7.562219e-007 2.653054e-006 -1.486874e+002 -3.989160e+002 6.877148e-011
1.023165e+001 7.461483e-007 2.626011e-006 -1.493017e+002 -4.010746e+002 6.761054e-011
1.023165e+001 7.362039e-007 2.599279e-006 -1.499167e+002 -4.032423e+002 6.646984e-011
1.023165e+001 7.263866e-007 2.572856e-006 -1.505322e+002 -4.054190e+002 6.535121e-011
1.023165e+001 7.166947e-007 2.546737e-006 -1.511484e+002 -4.076049e+002 6.425287e-011
1.023165e+001 7.071267e-007 2.520918e-006 -1.517651e+002 -4.097999e+002 6.317387e-011
1.023165e+001 6.976808e-007 2.495395e-006 -1.523823e+002 -4.120041e+002 6.211437e-011
1.023165e+001 6.883553e-007 2.470165e-006 -1.530001e+002 -4.142174e+002 6.107461e-011
1.023165e+001 6.791487e-007 2.445223e-006 -1.536185e+002 -4.164400e+002 6.005247e-011
1.023165e+001 6.700594e-007 2.420567e-006 -1.542373e+002 -4.186719e+002 5.904929e-011
1.023165e+001 6.610857e-007 2.396192e-006 -1.548567e+002 -4.209130e+002 5.806495e-011
1.023165e+001 6.522261e-007 2.372095e-006 -1.554765e+002 -4.231634e+002 5.709773e-011
1.023165e+001 6.434791e-007 2.348272e-006 -1.560968e+002 -4.254232e+002 5.614749e-011
1.023165e+001 6.348433e-007 2.324720e-006 -1.567175e+002 -4.276923e+002 5.521451e-011
1.023165e+001 6.263170e-007 2.301436e-006 -1.573387e+002 -4.299708e+002 5.429783e-011
1.023165e+001 6.178988e-007 2.278415e-006 -1.579602e+002 -4.322588e+002 5.339877e-011
1.023165e+001 6.095872e-007 2.255655e-006 -1.585822e+002 -4.345562e+002 5.251512e-011
1.023165e+001 6.013810e-007 2.233152e-006 -1.592045e+002 -4.368631e+002 5.164649e-011
1.023165e+001 5.932786e-007 2.210904e-006 -1.598272e+002 -4.391794e+002 5.079397e-011
1.023165e+001 5.852785e-007 2.188906e-006 -1.604502e+002 -4.415054e+002 4.995713e-011
1.023165e+001 5.773796e-007 2.167155e-006 -1.610736e+002 -4.438408e+002 4.913433e-011
1.023165e+001 5.695805e-007 2.145650e-006 -1.616972e+002 -4.461859e+002 4.832658e-011
1.023165e+001 5.618798e-007 2.124385e-006 -1.623212e+002 -4.485406e+002 4.753276e-011
1.023165e+001 5.542763e-007 2.103360e-006 -1.629454e+002 -4.509049e+002 4.675284e-011
1.023165e+001 5.467686e-007 2.082570e-006 -1.635698e+002 -4.532789e+002 4.598711e-011
1.023165e+001 5.393554e-007 2.062012e-006 -1.641945e+002 -4.556626e+002 4.523506e-011
1.023165e+001 5.320355e-007 2.041683e-006 -1.648193e+002 -4.580561e+002 4.449614e-011
1.023165e+001 5.248077e-007 2.021582e-006 -1.654444e+002 -4.604593e+002 4.376994e-011
1.023165e+001 5.176709e-007 2.001704e-006 -1.660696e+002 -4.628722e+002 4.305636e-011
1.023165e+001 5.106236e-007 1.982048e-006 -1.666950e+002 -4.652951e+002 4.235634e-011
1.023165e+001 5.036647e-007 1.962609e-006 -1.673205e+002 -4.677277e+002 4.166790e-011
1.023165e+001 4.967933e-007 1.943387e-006 -1.679461e+002 -4.701702e+002 4.099086e-011
1.023165e+001 4.900081e-007 1.924377e-006 -1.685718e+002 -4.726227e+002 4.032660e-011
1.023165e+001 4.833078e-007 1.905578e-006 -1.691976e+002 -4.750851e+002 3.967386e-011
1.023165e+001 4.766914e-007 1.886986e-006 -1.698234e+002 -4.775574e+002 3.903274e-011
1.023165e+001 4.701578e-007 1.868599e-006 -1.704492e+002 -4.800398e+002 3.840229e-011
1.023165e+001 4.637059e-007 1.850415e-006 -1.710751e+002 -4.825322e+002 3.778275e-011
1.023165e+001 4.573347e-007 1.832431e-006 -1.717009e+002 -4.850346e+002 3.717429e-011
1.023165e+001 4.510431e-007 1.814644e-006 -1.723267e+002 -4.875471e+002 3.657633e-011
1.023165e+001 4.448301e-007 1.797053e-006 -1.729524e+002 -4.900697e+002 3.598863e-011
1.023165e+001 4.386946e-007 1.779654e-006 -1.735780e+002 -4.926025e+002 3.541109e-011
1.023165e+001 4.326357e-007 1.762446e-006 -1.742036e+002 -4.951454e+002 3.484346e-011
1.023165e+001 4.266523e-007 1.745426e-006 -1.748290e+002 -4.976985e+002 3.428553e-011
1.023165e+001 4.207435e-007 1.728592e-006 -1.754542e+002 -5.002619e+002 3.373769e-011
1.023165e+001 4.149083e-007 1.711941e-006 -1.760793e+002 -5.028355e+002 3.319885e-011
1.023165e+001 4.091456e-007 1.695472e-006 -1.767042e+002 -5.054194e+002 3.266984e-011
1.023165e+001 4.034547e-007 1.679181e-006 -1.773289e+002 -5.080136e+002 3.214936e-011
1.023165e+001 3.978345e-007 1.663067e-006 -1.779533e+002 -5.106181e+002 3.163803e-011
1.023165e+001 3.922841e-007 1.647128e-006 -1.785774e+002 -5.132330e+002 3.113552e-011
1.023165e+001 3.868027e-007 1.631362e-006 -1.792013e+002 -5.158584e+002 3.064179e-011
1.023165e+001 3.813893e-007 1.615766e-006 -1.798249e+002 -5.184942e+002 3.015607e-011
1.023165e+001 3.760430e-007 1.600339e-006 -1.804481e+002 -5.211404e+002 2.967912e-011
1.023165e+001 3.707630e-007 1.585077e-006 -1.810709e+002 -5.237972e+002 2.921015e-011
1.023165e+001 3.655486e-007 1.569981e-006 -1.816934e+002 -5.264644e+002 2.874857e-011
1.023165e+001 3.603986e-007 1.555046e-006 -1.823154e+002 -5.291422e+002 2.829571e-011
1.023165e+001 3.553125e-007 1.540272e-006 -1.829371e+002 -5.318306e+002 2.785013e-011
1.023165e+001 3.502893e-007 1.525657e-006 -1.835582e+002 -5.345297e+002 2.741244e-011
1.023165e+001 3.453282e-007 1.511198e-006 -1.841789e+002 -5.372393e+002 2.698178e-011
1.023165e+001 3.404285e-007 1.496893e-006 -1.847990e+002 -5.399596e+002 2.655814e-011
1.023165e+001 3.355894e-007 1.482742e-006 -1.854186e+002 -5.426907e+002 2.614221e-011
1.023165e+001 3.308100e-007 1.468742e-006 -1.860377e+002 -5.454324e+002 2.573328e-011
1.023165e+001 3.260896e-007 1.454891e-006 -1.866561e+002 -5.481850e+002 2.533108e-011
1.023165e+001 3.214276e-007 1.441187e-006 -1.872739e+002 -5.509483e+002 2.493572e-011
1.023165e+001 3.168230e-007 1.427629e-006 -1.878911e+002 -5.537224e+002 2.454694e-011
1.023165e+001 3.122752e-007 1.414215e-006 -1.885076e+002 -5.565074e+002 2.416490e-011
1.023165e+001 3.077835e-007 1.400943e-006 -1.891234e+002 -5.593033e+002 2.378894e-011
1.023165e+001 3.033471e-007 1.387811e-006 -1.897385e+002 -5.621101e+002 2.341984e-011
1.023165e+001 2.989653e-007 1.374819e-006 -1.903528e+002 -5.649278e+002 2.305625e-011
1.023165e+001 2.946375e-007 1.361963e-006 -1.909664e+002 -5.677565e+002 2.269929e-011
1.023165e+001 2.903630e-007 1.349243e-006 -1.915791e+002 -5.705963e+002 2.234805e-011
1.023165e+001 2.861410e-007 1.336658e-006 -1.921910e+002 -5.734470e+002 2.200257e-011
1.023165e+001 2.819709e-007 1.324204e-006 -1.928020e+002 -5.763089e+002 2.166322e-011
1.023165e+001 2.778521e-007 1.311881e-006 -1.934121e+002 -5.791818e+002 2.132918e-011
1.023165e+001 2.737839e-007 1.299688e-006 -1.940213e+002 -5.820658e+002 2.100081e-011
1.023165e+001 2.697657e-007 1.287622e-006 -1.946295e+002 -5.849611e+002 2.067799e-011
1.023165e+001 2.657969e-007 1.275683e-006 -1.952368e+002 -5.878675e+002 2.036015e-011
1.023165e+001 2.618767e-007 1.263868e-006 -1.958430e+002 -5.907851e+002 2.004792e-011
1.023165e+001 2.580047e-007 1.252177e-006 -1.964481e+002 -5.937139e+002 1.974061e-011
1.023165e+001 2.541801e-007 1.240607e-006 -1.970522e+002 -5.966541e+002 1.943874e-011
1.023165e+001 2.504024e-007 1.229158e-006 -1.976552e+002 -5.996055e+002 1.914174e-011
1.023165e+001 2.466711e-007 1.217828e-006 -1.982571e+002 -6.025683e+002 1.884933e-011
1.023165e+001 2.429855e-007 1.206616e-006 -1.988577e+002 -6.055424e+002 1.856205e-011
1.023165e+001 2.393450e-007 1.195519e-006 -1.994572e+002 -6.085280e+002 1.827964e-011
1.023165e+001 2.357491e-007 1.184538e-006 -2.000555e+002 -6.115251e+002 1.800159e-011
1.023165e+001 2.321972e-007 1.173670e-006 -2.006524e+002 -6.145335e+002 1.772811e-011
1.023165e+001 2.286888e-007 1.162915e-006 -2.012481e+002 -6.175535e+002 1.745907e-011
1.023165e+001 2.252233e-007 1.152270e-006 -2.018424e+002 -6.205850e+002 1.719473e-011
1.023165e+001 2.218002e-007 1.141735e-006 -2.024354e+002 -6.236280e+002 1.693427e-011
1.023165e+001 2.184190e-007 1.131309e-006 -2.030270e+002 -6.266826e+002 1.667809e-011
1.023165e+001 2.150792e-007 1.120990e-006 -2.036171e+002 -6.297488e+002 1.642635e-011
1.023165e+001 2.117801e-007 1.110776e-006 -2.042058e+002 -6.328267e+002 1.617908e-011
1.023165e+001 2.085213e-007 1.100667e-006 -2.047930e+002 -6.359163e+002 1.593547e-011
1.023165e+001 2.053025e-007 1.090662e-006 -2.053787e+002 -6.390175e+002 1.569537e-011
1.023165e+001 2.021228e-007 1.080759e-006 -2.059627e+002 -6.421306e+002 1.545993e-011
1.023165e+001 1.989820e-007 1.070957e-006 -2.065452e+002 -6.452554e+002 1.522802e-011
1.023165e+001 1.958795e-007 1.061255e-006 -2.071261e+002 -6.483920e+002 1.499965e-011
1.023165e+001 1.928149e-007 1.051651e-006 -2.077053e+002 -6.515405e+002 1.477512e-011
1.023165e+001 1.897878e-007 1.042146e-006 -2.082828e+002 -6.547008e+002 1.455417e-011
1.023165e+001 1.867976e-007 1.032737e-006 -2.088585e+002 -6.578729e+002 1.433659e-011
1.023165e+001 1.838439e-007 1.023424e-006 -2.094324e+002 -6.610570e+002 1.412274e-011
1.023165e+001 1.809262e-007 1.014205e-006 -2.100046e+002 -6.642530e+002 1.391231e-011
1.023165e+001 1.780441e-007 1.005079e-006 -2.105749e+002 -6.674610e+002 1.370563e-011
1.023165e+001 1.751971e-007 9.960451e-007 -2.111432e+002 -6.706811e+002 1.350177e-011
1.023165e+001 1.723849e-007 9.871027e-007 -2.117097e+002 -6.739131e+002 1.330131e-011
1.023165e+001 1.696068e-007 9.782502e-007 -2.122742e+002 -6.771574e+002 1.310452e-011
1.023165e+001 1.668627e-007 9.694870e-007 -2.128367e+002 -6.804136e+002 1.291019e-011
1.023165e+001 1.641520e-007 9.608119e-007 -2.133972e+002 -6.836821e+002 1.271935e-011
1.023165e+001 1.614743e-007 9.522239e-007 -2.139556e+002 -6.869627e+002 1.253141e-011
1.023165e+001 1.588293e-007 9.437221e-007 -2.145119e+002 -6.902555e+002 1.234648e-011
1.023165e+001 1.562165e-007 9.353052e-007 -2.150660e+002 -6.935606e+002 1.216475e-011
1.023165e+001 1.536355e-007 9.269727e-007 -2.156180e+002 -6.968779e+002 1.198555e-011
1.023165e+001 1.510859e-007 9.187234e-007 -2.161677e+002 -7.002075e+002 1.180946e-011
1.023165e+001 1.485674e-007 9.105563e-007 -2.167151e+002 -7.035495e+002 1.163603e-011
1.023165e+001 1.460795e-007 9.024707e-007 -2.172602e+002 -7.069038e+002 1.146538e-011
1.023165e+001 1.436220e-007 8.944656e-007 -2.178030e+002 -7.102705e+002 1.129735e-011
1.023165e+001 1.411944e-007 8.865401e-007 -2.183434e+002 -7.136496e+002 1.113205e-011
1.023165e+001 1.387963e-007 8.786931e-007 -2.188813e+002 -7.170412e+002 1.096957e-011
1.023165e+001 1.364275e-007 8.709241e-007 -2.194168e+002 -7.204452e+002 1.080929e-011
1.023165e+001 1.340875e-007 8.632319e-007 -2.199497e+002 -7.238618e+002 1.065184e-011
1.023165e+001 1.317760e-007 8.556158e-007 -2.204801e+002 -7.272909e+002 1.049662e-011
1.023165e+001 1.294926e-007 8.480749e-007 -2.210079e+002 -7.307326e+002 1.034408e-011
1.023165e+001 1.272370e-007 8.406084e-007 -2.215330e+002 -7.341869e+002 1.019383e-011
1.023165e+001 1.250089e-007 8.332154e-007 -2.220555e+002 -7.376539e+002 1.004601e-011
1.023165e+001 1.228079e-007 8.258952e-007 -2.225752e+002 -7.411335e+002 9.900367e-012
1.023165e+001 1.206337e-007 8.186470e-007 -2.230922e+002 -7.446258e+002 9.756904e-012
1.023165e+001 1.184860e-007 8.114700e-007 -2.236063e+002 -7.481307e+002 9.615843e-012
1.023165e+001 1.163644e-007 8.043633e-007 -2.241176e+002 -7.516486e+002 9.477149e-012
1.023165e+001 1.142687e-007 7.973262e-007 -2.246260e+002 -7.551791e+002 9.340331e-012
1.023165e+001 1.121985e-007 7.903579e-007 -2.251314e+002 -7.587225e+002 9.205832e-012
1.023165e+001 1.101535e-007 7.834575e-007 -2.256338e+002 -7.622788e+002 9.073467e-012
1.023165e+001 1.081334e-007 7.766245e-007 -2.261332e+002 -7.658480e+002 8.943108e-012
1.023165e+001 1.061380e-007 7.698581e-007 -2.266295e+002 -7.694300e+002 8.814620e-012
1.023165e+001 1.041668e-007 7.631574e-007 -2.271227e+002 -7.730251e+002 8.688336e-012
1.023165e+001 1.022197e-007 7.565220e-007 -2.276127e+002 -7.766330e+002 8.563843e-012
1.023165e+001 1.002963e-007 7.499509e-007 -2.280994e+002 -7.802540e+002 8.441327e-012
1.023165e+001 9.839629e-008 7.434435e-007 -2.285829e+002 -7.838881e+002 8.320798e-012
1.023165e+001 9.651944e-008 7.369990e-007 -2.290631e+002 -7.875352e+002 8.202169e-012
1.023165e+001 9.466552e-008 7.306170e-007 -2.295399e+002 -7.911954e+002 8.085082e-012
1.023165e+001 9.283419e-008 7.242965e-007 -2.300133e+002 -7.948688e+002 7.970082e-012
1.023165e+001 9.102520e-008 7.180370e-007 -2.304832e+002 -7.985553e+002 7.856694e-012
1.023165e+001 8.923830e-008 7.118379e-007 -2.309496e+002 -8.022549e+002 7.745013e-012
1.023165e+001 8.747317e-008 7.056983e-007 -2.314124e+002 -8.059679e+002 7.635289e-012
1.023165e+001 8.572955e-008 6.996177e-007 -2.318717e+002 -8.096941e+002 7.527201e-012
1.023165e+001 8.400723e-008 6.935954e-007 -2.323273e+002 -8.134336e+002 7.420638e-012
1.023165e+001 8.230597e-008 6.876309e-007 -2.327791e+002 -8.171863e+002 7.315586e-012
1.023165e+001 8.062544e-008 6.817235e-007 -2.332272e+002 -8.209525e+002 7.212467e-012
1.023165e+001 7.896542e-008 6.758724e-007 -2.336715e+002 -8.247321e+002 7.110843e-012
1.023165e+001 7.732573e-008 6.700774e-007 -2.341119e+002 -8.285250e+002 7.010469e-012
1.023165e+001 7.570609e-008 6.643377e-007 -2.345484e+002 -8.323313e+002 6.911791e-012
1.023165e+001 7.410624e-008 6.586526e-007 -2.349810e+002 -8.361511e+002 6.814732e-012
1.023165e+001 7.252595e-008 6.530216e-007 -2.354095e+002 -8.399844e+002 6.719063e-012
1.023165e+001 7.096497e-008 6.474441e-007 -2.358339e+002 -8.438312e+002 6.624924e-012
1.023165e+001 6.942315e-008 6.419197e-007 -2.362542e+002 -8.476915e+002 6.531934e-012
1.023165e+001 6.790013e-008 6.364473e-007 -2.366703e+002 -8.515655e+002 6.440862e-012
1.023165e+001 6.639576e-008 6.310268e-007 -2.370823e+002 -8.554532e+002 6.350883e-012
1.023165e+001 6.490986e-008 6.256578e-007 -2.374899e+002 -8.593544e+002 6.262031e-012
1.023165e+001 6.344217e-008 6.203394e-007 -2.378931e+002 -8.632692e+002 6.174797e-012
1.023165e+001 6.199246e-008 6.150712e-007 -2.382920e+002 -8.671978e+002 6.088844e-012
1.023165e+001 6.056051e-008 6.098525e-007 -2.386864e+002 -8.711402e+002 6.004259e-012
1.023165e+001 5.914613e-008 6.046829e-007 -2.390763e+002 -8.750963e+002 5.920845e-012
1.023165e+001 5.774908e-008 5.995618e-007 -2.394617e+002 -8.790664e+002 5.838844e-012
1.023165e+001 5.636923e-008 5.944890e-007 -2.398424e+002 -8.830501e+002 5.757704e-012
1.023165e+001 5.500634e-008 5.894637e-007 -2.402184e+002 -8.870476e+002 5.677986e-012
1.023165e+001 5.366015e-008 5.844853e-007 -2.405897e+002 -8.910591e+002 5.599696e-012
1.023165e+001 5.233053e-008 5.795535e-007 -2.409563e+002 -8.950846e+002 5.522289e-012
1.023165e+001 5.101727e-008 5.746678e-007 -2.413179e+002 -8.991239e+002 5.446122e-012
1.023165e+001 4.972017e-008 5.698277e-007 -2.416747e+002 -9.031773e+002 5.371098e-012
1.023165e+001 4.843903e-008 5.650326e-007 -2.420265e+002 -9.072446e+002 5.297225e-012
1.023165e+001 4.717369e-008 5.602822e-007 -2.423732e+002 -9.113260e+002 5.224360e-012
1.023165e+001 4.592395e-008 5.555759e-007 -2.427149e+002 -9.154214e+002 5.152662e-012
1.023165e+001 4.468958e-008 5.509132e-007 -2.430515e+002 -9.195311e+002 5.082154e-012
1.023165e+001 4.347048e-008 5.462939e-007 -2.433828e+002 -9.236547e+002 5.012382e-012
1.023165e+001 4.226644e-008 5.417173e-007 -2.437088e+002 -9.277925e+002 4.943794e-012
1.023165e+001 4.107724e-008 5.371830e-007 -2.440296e+002 -9.319445e+002 4.876372e-012
1.023165e+001 3.990276e-008 5.326905e-007 -2.443449e+002 -9.361107e+002 4.809762e-012
1.023165e+001 3.874282e-008 5.282396e-007 -2.446548e+002 -9.402911e+002 4.744121e-012
1.023165e+001 3.759724e-008 5.238297e-007 -2.449591e+002 -9.444858e+002 4.679537e-012
1.023165e+001 3.646581e-008 5.194603e-007 -2.452579e+002 -9.486949e+002 4.616028e-012
1.023165e+001 3.534844e-008 5.151311e-007 -2.455510e+002 -9.529182e+002 4.553192e-012
1.023165e+001 3.424491e-008 5.108416e-007 -2.458385e+002 -9.571559e+002 4.491443e-012
1.023165e+001 3.315506e-008 5.065914e-007 -2.461201e+002 -9.614080e+002 4.430663e-012
1.023165e+001 3.207878e-008 5.023802e-007 -2.463960e+002 -9.656745e+002 4.370548e-012
1.023165e+001 3.101587e-008 4.982075e-007 -2.466659e+002 -9.699554e+002 4.311455e-012
1.023165e+001 2.996619e-008 4.940730e-007 -2.469299e+002 -9.742507e+002 4.253172e-012
1.023165e+001 2.892958e-008 4.899763e-007 -2.471878e+002 -9.785605e+002 4.195811e-012
1.023165e+001 2.790587e-008 4.859168e-007 -2.474396e+002 -9.828848e+002 4.139312e-012
1.023165e+001 2.689488e-008 4.818941e-007 -2.476853e+002 -9.872239e+002 4.083768e-012
1.023165e+001 2.589656e-008 4.779081e-007 -2.479247e+002 -9.915774e+002 4.028651e-012
1.023165e+001 2.491070e-008 4.739584e-007 -2.481579e+002 -9.959455e+002 3.974574e-012
1.023165e+001 2.393717e-008 4.700445e-007 -2.483846e+002 -1.000328e+003 3.921225e-012
1.023165e+001 2.297582e-008 4.661660e-007 -2.486050e+002 -1.004725e+003 3.868698e-012
1.023165e+001 2.202650e-008 4.623227e-007 -2.488188e+002 -1.009137e+003 3.816944e-012
1.023165e+001 2.108909e-008 4.585141e-007 -2.490261e+002 -1.013564e+003 3.765860e-012
1.023165e+001 2.016342e-008 4.547398e-007 -2.492267e+002 -1.018006e+003 3.715672e-012
1.023165e+001 1.924937e-008 4.509995e-007 -2.494206e+002 -1.022462e+003 3.666100e-012
1.023165e+001 1.834680e-008 4.472929e-007 -2.496077e+002 -1.026933e+003 3.617312e-012
1.023165e+001 1.745557e-008 4.436196e-007 -2.497879e+002 -1.031419e+003 3.569213e-012
1.023165e+001 1.657558e-008 4.399793e-007 -2.499613e+002 -1.035920e+003 3.521738e-012
1.023165e+001 1.570668e-008 4.363717e-007 -2.501276e+002 -1.040435e+003 3.474954e-012
1.023165e+001 1.484874e-008 4.327963e-007 -2.502868e+002 -1.044966e+003 3.428932e-012
1.023165e+001 1.400165e-008 4.292531e-007 -2.504390e+002 -1.049511e+003 3.383453e-012
1.023165e+001 1.316525e-008 4.257414e-007 -2.505838e+002 -1.054072e+003 3.338738e-012
1.023165e+001 1.233945e-008 4.222612e-007 -2.507214e+002 -1.058647e+003 3.294590e-012
1.023165e+001 1.152410e-008 4.188119e-007 -2.508517e+002 -1.063237e+003 3.251188e-012
1.023165e+001 1.071911e-008 4.153934e-007 -2.509744e+002 -1.067843e+003 3.208251e-012
1.023165e+001 9.924309e-009 4.120052e-007 -2.510897e+002 -1.072463e+003 3.166107e-012
1.023165e+001 9.139641e-009 4.086472e-007 -2.511974e+002 -1.077099e+003 3.124373e-012
1.023165e+001 8.364955e-009 4.053190e-007 -2.512974e+002 -1.081750e+003 3.083355e-012
1.023165e+001 7.600142e-009 4.020202e-007 -2.513896e+002 -1.086415e+003 3.042891e-012
1.023165e+001 6.845089e-009 3.987507e-007 -2.514740e+002 -1.091096e+003 3.003008e-012
1.023165e+001 6.099695e-009 3.955102e-007 -2.515506e+002 -1.095792e+003 2.963640e-012
1.023165e+001 5.363838e-009 3.922982e-007 -2.516191e+002 -1.100504e+003 2.924878e-012
1.023165e+001 4.637409e-009 3.891146e-007 -2.516796e+002 -1.105230e+003 2.886665e-012
1.023165e+001 3.920298e-009 3.859591e-007 -2.517319e+002 -1.109972e+003 2.849001e-012
1.023165e+001 3.212386e-009 3.828313e-007 -2.517760e+002 -1.114729e+003 2.811910e-012
1.023165e+001 2.513581e-009 3.797310e-007 -2.518118e+002 -1.119501e+003 2.775297e-012
1.023165e+001 1.823745e-009 3.766578e-007 -2.518393e+002 -1.124289e+003 2.739334e-012
1.023165e+001 1.142809e-009 3.736115e-007 -2.518583e+002 -1.129092e+003 2.703741e-012
1.023165e+001 4.706650e-010 3.705919e-007 -2.518687e+002 -1.133910e+003 2.668678e-012
1.023165e+001 -1.927801e-010 3.675988e-007 -2.518705e+002 -1.138744e+003 2.634074e-012
1.023165e+001 -8.476336e-010 3.646317e-007 -2.518636e+002 -1.143594e+003 2.599989e-012
1.023165e+001 -1.493985e-009 3.616907e-007 -2.518479e+002 -1.148458e+003 2.566346e-012
1.023165e+001 -2.131951e-009 3.587752e-007 -2.518233e+002 -1.153339e+003 2.533256e-012
1.023165e+001 -2.761593e-009 3.558851e-007 -2.517898e+002 -1.158234e+003 2.500492e-012
1.023165e+001 -3.383055e-009 3.530201e-007 -2.517472e+002 -1.163145e+003 2.468378e-012
1.023165e+001 -3.996402e-009 3.501800e-007 -2.516955e+002 -1.168072e+003 2.436606e-012
1.023165e+001 -4.601730e-009 3.473646e-007 -2.516345e+002 -1.173014e+003 2.405282e-012
1.023165e+001 -5.199139e-009 3.445734e-007 -2.515643e+002 -1.177972e+003 2.374437e-012
1.023165e+001 -5.788702e-009 3.418065e-007 -2.514846e+002 -1.182946e+003 2.343951e-012
1.023165e+001 -6.370526e-009 3.390635e-007 -2.513955e+002 -1.187935e+003 2.313958e-012
1.023165e+001 -6.944689e-009 3.363441e-007 -2.512968e+002 -1.192940e+003 2.284344e-012
1.023165e+001 -7.511290e-009 3.336482e-007 -2.511885e+002 -1.197960e+003 2.255188e-012
1.023165e+001 -8.070407e-009 3.309754e-007 -2.510704e+002 -1.202996e+003 2.226399e-012
1.023165e+001 -8.622119e-009 3.283257e-007 -2.509425e+002 -1.208048e+003 2.197990e-012
1.023165e+001 -9.166527e-009 3.256987e-007 -2.508046e+002 -1.213116e+003 2.170041e-012
1.023165e+001 -9.703715e-009 3.230942e-007 -2.506568e+002 -1.218199e+003 2.142483e-012
1.023165e+001 -1.023375e-008 3.205121e-007 -2.504988e+002 -1.223298e+003 2.115228e-012
1.023165e+001 -1.075672e-008 3.179520e-007 -2.503306e+002 -1.228413e+003 2.088406e-012
1.023165e+001 -1.127268e-008 3.154139e-007 -2.501521e+002 -1.233544e+003 2.061875e-012
1.023165e+001 -1.178173e-008 3.128975e-007 -2.499633e+002 -1.238690e+003 2.035713e-012
1.023165e+001 -1.228397e-008 3.104025e-007 -2.497639e+002 -1.243852e+003 2.010032e-012
1.023165e+001 -1.277946e-008 3.079288e-007 -2.495540e+002 -1.249031e+003 1.984683e-012
1.023165e+001 -1.326827e-008 3.054761e-007 -2.493335e+002 -1.254224e+003 1.959580e-012
1.023165e+001 -1.375048e-008 3.030443e-007 -2.491021e+002 -1.259434e+003 1.934882e-012
1.023165e+001 -1.422618e-008 3.006331e-007 -2.488599e+002 -1.264660e+003 1.910592e-012
1.023165e+001 -1.469543e-008 2.982423e-007 -2.486067e+002 -1.269902e+003 1.886530e-012
1.023165e+001 -1.515830e-008 2.958718e-007 -2.483425e+002 -1.275160e+003 1.862850e-012
1.023165e+001 -1.561487e-008 2.935213e-007 -2.480672e+002 -1.280433e+003 1.839480e-012
1.023165e+001 -1.606522e-008 2.911906e-007 -2.477805e+002 -1.285723e+003 1.816483e-012
1.023165e+001 -1.650942e-008 2.888796e-007 -2.474826e+002 -1.291029e+003 1.793745e-012
1.023165e+001 -1.694751e-008 2.865882e-007 -2.471731e+002 -1.296351e+003 1.771284e-012
1.023165e+001 -1.737958e-008 2.843159e-007 -2.468522e+002 -1.301689e+003 1.749212e-012
1.023165e+001 -1.780571e-008 2.820628e-007 -2.465195e+002 -1.307043e+003 1.727374e-012
1.023165e+001 -1.822593e-008 2.798286e-007 -2.461752e+002 -1.312412e+003 1.705825e-012
1.023165e+001 -1.864036e-008 2.776131e-007 -2.458189e+002 -1.317799e+003 1.684677e-012
1.023165e+001 -1.904903e-008 2.754162e-007 -2.454508e+002 -1.323201e+003 1.663713e-012
1.023165e+001 -1.945202e-008 2.732376e-007 -2.450705e+002 -1.328619e+003 1.643094e-012
1.023165e+001 -1.984937e-008 2.710773e-007 -2.446781e+002 -1.334053e+003 1.622661e-012
1.023165e+001 -2.024117e-008 2.689350e-007 -2.442734e+002 -1.339504e+003 1.602607e-012
1.023165e+001 -2.062749e-008 2.668105e-007 -2.438564e+002 -1.344971e+003 1.582834e-012
1.023165e+001 -2.100836e-008 2.647037e-007 -2.434269e+002 -1.350454e+003 1.563227e-012
1.023165e+001 -2.138384e-008 2.626145e-007 -2.429848e+002 -1.355953e+003 1.543905e-012
1.023165e+001 -2.175402e-008 2.605426e-007 -2.425300e+002 -1.361468e+003 1.524879e-012
1.023165e+001 -2.211894e-008 2.584880e-007 -2.420624e+002 -1.366999e+003 1.506070e-012
1.023165e+001 -2.247869e-008 2.564503e-007 -2.415819e+002 -1.372547e+003 1.487640e-012
1.023165e+001 -2.283328e-008 2.544296e-007 -2.410884e+002 -1.378111e+003 1.469280e-012
1.023165e+001 -2.318281e-008 2.524254e-007 -2.405818e+002 -1.383691e+003 1.451324e-012
1.023165e+001 -2.352730e-008 2.504380e-007 -2.400619e+002 -1.389287e+003 1.433453e-012
1.023165e+001 -2.386686e-008 2.484668e-007 -2.395287e+002 -1.394900e+003 1.416011e-012
1.023165e+001 -2.420149e-008 2.465119e-007 -2.389821e+002 -1.400529e+003 1.398613e-012
1.023165e+001 -2.453129e-008 2.445730e-007 -2.384218e+002 -1.406174e+003 1.381637e-012
1.023165e+001 -2.485628e-008 2.426501e-007 -2.378479e+002 -1.411836e+003 1.364744e-012
1.023165e+001 -2.517653e-008 2.407430e-007 -2.372602e+002 -1.417514e+003 1.348088e-012
1.023165e+001 -2.549209e-008 2.388515e-007 -2.366586e+002 -1.423208e+003 1.331716e-012
1.023165e+001 -2.580303e-008 2.369754e-007 -2.360429e+002 -1.428919e+003 1.315548e-012
1.023165e+001 -2.610937e-008 2.351148e-007 -2.354132e+002 -1.434645e+003 1.299542e-012
1.023165e+001 -2.641119e-008 2.332693e-007 -2.347691e+002 -1.440389e+003 1.283828e-012
1.023165e+001 -2.670852e-008 2.314388e-007 -2.341107e+002 -1.446148e+003 1.268268e-012
1.023165e+001 -2.700143e-008 2.296233e-007 -2.334378e+002 -1.451925e+003 1.252951e-012
1.023165e+001 -2.728996e-008 2.278225e-007 -2.327504e+002 -1.457717e+003 1.237787e-012
1.023165e+001 -2.757415e-008 2.260364e-007 -2.320481e+002 -1.463526e+003 1.222864e-012
1.023165e+001 -2.785406e-008 2.242648e-007 -2.313311e+002 -1.469351e+003 1.208125e-012
1.023165e+001 -2.812975e-008 2.225075e-007 -2.305990e+002 -1.475193e+003 1.193606e-012
1.023165e+001 -2.840123e-008 2.207645e-007 -2.298520e+002 -1.481051e+003 1.179204e-012
1.023165e+001 -2.866859e-008 2.190355e-007 -2.290896e+002 -1.486925e+003 1.165086e-012
1.023165e+001 -2.893185e-008 2.173205e-007 -2.283120e+002 -1.492816e+003 1.151100e-012
1.023165e+001 -2.919106e-008 2.156193e-007 -2.275189e+002 -1.498724e+003 1.137327e-012
1.023165e+001 -2.944628e-008 2.139319e-007 -2.267102e+002 -1.504647e+003 1.123706e-012
1.023165e+001 -2.969753e-008 2.122580e-007 -2.258858e+002 -1.510588e+003 1.110271e-012
1.023165e+001 -2.994487e-008 2.105977e-007 -2.250457e+002 -1.516544e+003 1.096990e-012
1.023165e+001 -3.018834e-008 2.089506e-007 -2.241895e+002 -1.522517e+003 1.083939e-012
1.023165e+001 -3.042798e-008 2.073168e-007 -2.233174e+002 -1.528506e+003 1.071006e-012
1.023165e+001 -3.066385e-008 2.056960e-007 -2.224289e+002 -1.534512e+003 1.058299e-012
1.023165e+001 -3.089597e-008 2.040882e-007 -2.215242e+002 -1.540535e+003 1.045677e-012
1.023165e+001 -3.112440e-008 2.024933e-007 -2.206031e+002 -1.546573e+003 1.033281e-012
1.023165e+001 -3.134916e-008 2.009112e-007 -2.196653e+002 -1.552628e+003 1.021023e-012
1.023165e+001 -3.157031e-008 1.993416e-007 -2.187108e+002 -1.558700e+003 1.008944e-012
1.023165e+001 -3.178789e-008 1.977845e-007 -2.177395e+002 -1.564788e+003 9.970102e-013
1.023165e+001 -3.200193e-008 1.962398e-007 -2.167512e+002 -1.570892e+003 9.852320e-013
1.023165e+001 -3.221246e-008 1.947075e-007 -2.157459e+002 -1.577013e+003 9.735884e-013
1.023165e+001 -3.241955e-008 1.931872e-007 -2.147233e+002 -1.583150e+003 9.621318e-013
1.023165e+001 -3.262322e-008 1.916790e-007 -2.136833e+002 -1.589304e+003 9.508086e-013
1.023165e+001 -3.282351e-008 1.901827e-007 -2.126257e+002 -1.595474e+003 9.396574e-013
1.023165e+001 -3.302047e-008 1.886983e-007 -2.115506e+002 -1.601661e+003 9.286206e-013
1.023165e+001 -3.321411e-008 1.872256e-007 -2.104576e+002 -1.607863e+003 9.177055e-013
1.023165e+001 -3.340448e-008 1.857645e-007 -2.093468e+002 -1.614083e+003 9.069569e-013
1.023165e+001 -3.359164e-008 1.843149e-007 -2.082179e+002 -1.620319e+003 8.963952e-013
1.023165e+001 -3.377559e-008 1.828767e-007 -2.070708e+002 -1.626571e+003 8.858776e-013
1.023165e+001 -3.395638e-008 1.814498e-007 -2.059054e+002 -1.632839e+003 8.755541e-013
1.023165e+001 -3.413405e-008 1.800341e-007 -2.047215e+002 -1.639124e+003 8.653439e-013
1.023165e+001 -3.430863e-008 1.786296e-007 -2.035190e+002 -1.645426e+003 8.552670e-013
1.023165e+001 -3.448015e-008 1.772360e-007 -2.022978e+002 -1.651743e+003 8.453086e-013
1.023165e+001 -3.464866e-008 1.758533e-007 -2.010577e+002 -1.658077e+003 8.355195e-013
1.023165e+001 -3.481418e-008 1.744814e-007 -1.997985e+002 -1.664428e+003 8.258389e-013
1.023165e+001 -3.497674e-008 1.731203e-007 -1.985202e+002 -1.670794e+003 8.162163e-013
1.023165e+001 -3.513639e-008 1.717696e-007 -1.972225e+002 -1.677178e+003 8.068262e-013
1.023165e+001 -3.529315e-008 1.704296e-007 -1.959054e+002 -1.683577e+003 7.974809e-013
1.023165e+001 -3.544705e-008 1.690999e-007 -1.945686e+002 -1.689993e+003 7.882767e-013
1.023165e+001 -3.559813e-008 1.677806e-007 -1.932122e+002 -1.696425e+003 7.791930e-013
1.023165e+001 -3.574643e-008 1.664715e-007 -1.918357e+002 -1.702873e+003 7.702378e-013
1.023165e+001 -3.589196e-008 1.651725e-007 -1.904392e+002 -1.709338e+003 7.613924e-013
1.023165e+001 -3.603476e-008 1.638835e-007 -1.890225e+002 -1.715819e+003 7.526361e-013
1.023165e+001 -3.617486e-008 1.626046e-007 -1.875855e+002 -1.722316e+003 7.439847e-013
1.023165e+001 -3.631229e-008 1.613355e-007 -1.861280e+002 -1.728830e+003 7.354695e-013
1.023165e+001 -3.644708e-008 1.600761e-007 -1.846498e+002 -1.735359e+003 7.270664e-013
1.023165e+001 -3.657926e-008 1.588265e-007 -1.831508e+002 -1.741905e+003 7.187483e-013
1.023165e+001 -3.670885e-008 1.575865e-007 -1.816309e+002 -1.748467e+003 7.105247e-013
1.023165e+001 -3.683590e-008 1.563561e-007 -1.800899e+002 -1.755045e+003 7.024116e-013
1.023165e+001 -3.696041e-008 1.551350e-007 -1.785276e+002 -1.761639e+003 6.944237e-013
1.023165e+001 -3.708244e-008 1.539233e-007 -1.769439e+002 -1.768250e+003 6.865503e-013
1.023165e+001 -3.720200e-008 1.527209e-007 -1.753385e+002 -1.774876e+003 6.787548e-013
1.023165e+001 -3.731912e-008 1.515276e-007 -1.737114e+002 -1.781519e+003 6.710613e-013
1.023165e+001 -3.743382e-008 1.503435e-007 -1.720625e+002 -1.788178e+003 6.634368e-013
1.023165e+001 -3.754613e-008 1.491684e-007 -1.703915e+002 -1.794853e+003 6.559213e-013
1.023165e+001 -3.765608e-008 1.480023e-007 -1.686984e+002 -1.801543e+003 6.484810e-013
1.023165e+001 -3.776370e-008 1.468450e-007 -1.669829e+002 -1.808250e+003 6.411852e-013
1.023165e+001 -3.786902e-008 1.456965e-007 -1.652448e+002 -1.814972e+003 6.339745e-013
1.023165e+001 -3.797205e-008 1.445567e-007 -1.634839e+002 -1.821711e+003 6.268583e-013
1.023165e+001 -3.807283e-008 1.434255e-007 -1.617002e+002 -1.828466e+003 6.197781e-013
1.023165e+001 -3.817136e-008 1.423030e-007 -1.598936e+002 -1.835236e+003 6.127982e-013
1.023165e+001 -3.826770e-008 1.411889e-007 -1.580638e+002 -1.842023e+003 6.059384e-013
1.023165e+001 -3.836185e-008 1.400831e-007 -1.562105e+002 -1.848825e+003 5.991760e-013
1.023165e+001 -3.845385e-008 1.389858e-007 -1.543337e+002 -1.855643e+003 5.924585e-013
1.023165e+001 -3.854371e-008 1.378967e-007 -1.524333e+002 -1.862477e+003 5.858389e-013
1.023165e+001 -3.863146e-008 1.368157e-007 -1.505090e+002 -1.869326e+003 5.793045e-013
1.023165e+001 -3.871712e-008 1.357430e-007 -1.485607e+002 -1.876192e+003 5.728438e-013
1.023165e+001 -3.880072e-008 1.346782e-007 -1.465881e+002 -1.883073e+003 5.664785e-013
1.023165e+001 -3.888228e-008 1.336214e-007 -1.445912e+002 -1.889970e+003 5.601659e-013
1.023165e+001 -3.896181e-008 1.325726e-007 -1.425699e+002 -1.896882e+003 5.539334e-013
1.023165e+001 -3.903936e-008 1.315316e-007 -1.405237e+002 -1.903810e+003 5.478140e-013
1.023165e+001 -3.911492e-008 1.304983e-007 -1.384528e+002 -1.910753e+003 5.417316e-013
1.023165e+001 -3.918854e-008 1.294728e-007 -1.363566e+002 -1.917712e+003 5.357610e-013
1.023165e+001 -3.926022e-008 1.284549e-007 -1.342354e+002 -1.924686e+003 5.298098e-013
1.023165e+001 -3.933000e-008 1.274445e-007 -1.320887e+002 -1.931676e+003 5.239967e-013
1.023165e+001 -3.939789e-008 1.264417e-007 -1.299164e+002 -1.938681e+003 5.181990e-013
1.023165e+001 -3.946391e-008 1.254464e-007 -1.277184e+002 -1.945702e+003 5.125100e-013
1.023165e+001 -3.952809e-008 1.244584e-007 -1.254945e+002 -1.952737e+003 5.068480e-013
1.023165e+001 -3.959043e-008 1.234777e-007 -1.232444e+002 -1.959788e+003 5.013051e-013
1.023165e+001 -3.965098e-008 1.225042e-007 -1.209678e+002 -1.966855e+003 4.958574e-013
1.023165e+001 -3.970975e-008 1.215379e-007 -1.186648e+002 -1.973937e+003 4.904124e-013
1.023165e+001 -3.976674e-008 1.205788e-007 -1.163352e+002 -1.981034e+003 4.850262e-013
1.023165e+001 -3.982198e-008 1.196267e-007 -1.139788e+002 -1.988145e+003 4.797243e-013
1.023165e+001 -3.987551e-008 1.186816e-007 -1.115953e+002 -1.995272e+003 4.745219e-013
1.023165e+001 -3.992732e-008 1.177434e-007 -1.091845e+002 -2.002415e+003 4.693521e-013
1.023165e+001 -3.997744e-008 1.168122e-007 -1.067463e+002 -2.009572e+003 4.642451e-013
1.023165e+001 -4.002590e-008 1.158877e-007 -1.042805e+002 -2.016744e+003 4.592157e-013
1.023165e+001 -4.007270e-008 1.149700e-007 -1.017869e+002 -2.023931e+003 4.542315e-013
1.023165e+001 -4.011787e-008 1.140590e-007 -9.926528e+001 -2.031132e+003 4.493118e-013
1.023165e+001 -4.016143e-008 1.131547e-007 -9.671560e+001 -2.038348e+003 4.444372e-013
1.023165e+001 -4.020338e-008 1.122570e-007 -9.413748e+001 -2.045580e+003 4.396500e-013
1.023165e+001 -4.024376e-008 1.113658e-007 -9.153089e+001 -2.052825e+003 4.348934e-013
1.023165e+001 -4.028257e-008 1.104811e-007 -8.889551e+001 -2.060085e+003 4.302142e-013
1.023165e+001 -4.031984e-008 1.096028e-007 -8.623112e+001 -2.067360e+003 4.255980e-013
1.023165e+001 -4.035558e-008 1.087308e-007 -8.353762e+001 -2.074650e+003 4.210187e-013
1.023165e+001 -4.038981e-008 1.078653e-007 -8.081491e+001 -2.081953e+003 4.164837e-013
1.023165e+001 -4.042254e-008 1.070059e-007 -7.806260e+001 -2.089271e+003 4.120325e-013
1.023165e+001 -4.045380e-008 1.061528e-007 -7.528043e+001 -2.096604e+003 4.076406e-013
1.023165e+001 -4.048359e-008 1.053058e-007 -7.246841e+001 -2.103950e+003 4.032730e-013
1.023165e+001 -4.051194e-008 1.044649e-007 -6.962616e+001 -2.111311e+003 3.989841e-013
1.023165e+001 -4.053886e-008 1.036300e-007 -6.675358e+001 -2.118687e+003 3.947308e-013
1.023165e+001 -4.056436e-008 1.028012e-007 -6.385047e+001 -2.126076e+003 3.905285e-013
1.023165e+001 -4.058847e-008 1.019782e-007 -6.091653e+001 -2.133479e+003 3.863895e-013
1.023165e+001 -4.061119e-008 1.011613e-007 -5.795174e+001 -2.140896e+003 3.822765e-013
1.023165e+001 -4.063254e-008 1.003501e-007 -5.495585e+001 -2.148327e+003 3.782187e-013
1.023165e+001 -4.065255e-008 9.954475e-008 -5.192844e+001 -2.155772e+003 3.742361e-013
1.023165e+001 -4.067121e-008 9.874516e-008 -4.886956e+001 -2.163230e+003 3.702674e-013
1.023165e+001 -4.068855e-008 9.795127e-008 -4.577890e+001 -2.170702e+003 3.663605e-013
1.023165e+001 -4.070458e-008 9.716304e-008 -4.265626e+001 -2.178187e+003 3.624995e-013
1.023165e+001 -4.071932e-008 9.638040e-008 -3.950135e+001 -2.185686e+003 3.586912e-013
1.023165e+001 -4.073277e-008 9.560333e-008 -3.631407e+001 -2.193199e+003 3.549172e-013
1.023165e+001 -4.074496e-008 9.483178e-008 -3.309417e+001 -2.200724e+003 3.511929e-013
1.023165e+001 -4.075590e-008 9.406570e-008 -2.984146e+001 -2.208263e+003 3.475083e-013
1.023165e+001 -4.076560e-008 9.330503e-008 -2.655561e+001 -2.215815e+003 3.438803e-013
1.023165e+001 -4.077407e-008 9.254972e-008 -2.323646e+001 -2.223381e+003 3.402906e-013
1.023165e+001 -4.078133e-008 9.179975e-008 -1.988381e+001 -2.230959e+003 3.367389e-013
1.023165e+001 -4.078740e-008 9.105510e-008 -1.649761e+001 -2.238550e+003 3.332157e-013
