Time for SBHB to reach Schwartzschild radius for different A and B
v_0 = 1.000000e-000 delta = 1.000000e-008

5.000000e-001 5.000000e-001 1.000000e+000 1.037310e+001
1.000000e+000 5.000000e-001 5.000000e-001 6.031697e+000
1.500000e+000 5.000000e-001 3.333333e-001 6.358914e+000
2.000000e+000 5.000000e-001 2.500000e-001 7.172149e+000
2.500000e+000 5.000000e-001 2.000000e-001 8.182253e+000
3.000000e+000 5.000000e-001 1.666667e-001 9.293306e+000
3.500000e+000 5.000000e-001 1.428571e-001 1.046357e+001
4.000000e+000 5.000000e-001 1.250000e-001 1.167174e+001
4.500000e+000 5.000000e-001 1.111111e-001 1.290575e+001
5.000000e+000 5.000000e-001 1.000000e-001 1.415821e+001
5.500000e+000 5.000000e-001 9.090909e-002 1.542432e+001
6.000000e+000 5.000000e-001 8.333333e-002 1.670083e+001
6.500000e+000 5.000000e-001 7.692308e-002 1.798547e+001
7.000000e+000 5.000000e-001 7.142857e-002 1.927658e+001
7.500000e+000 5.000000e-001 6.666667e-002 2.057293e+001
8.000000e+000 5.000000e-001 6.250000e-002 2.187358e+001
8.500000e+000 5.000000e-001 5.882353e-002 2.317782e+001
9.000000e+000 5.000000e-001 5.555556e-002 2.448507e+001
9.500000e+000 5.000000e-001 5.263158e-002 2.579488e+001
1.000000e+001 5.000000e-001 5.000000e-002 2.710689e+001
5.000000e-001 1.000000e+000 2.000000e+000 2.108851e+001
1.000000e+000 1.000000e+000 1.000000e+000 1.046021e+001
1.500000e+000 1.000000e+000 6.666667e-001 6.722739e+000
2.000000e+000 1.000000e+000 5.000000e-001 5.428599e+000
2.500000e+000 1.000000e+000 4.000000e-001 5.633091e+000
3.000000e+000 1.000000e+000 3.333333e-001 5.981706e+000
3.500000e+000 1.000000e+000 2.857143e-001 6.414017e+000
4.000000e+000 1.000000e+000 2.500000e-001 6.899799e+000
4.500000e+000 1.000000e+000 2.222222e-001 7.422067e+000
5.000000e+000 1.000000e+000 2.000000e-001 7.970467e+000
5.500000e+000 1.000000e+000 1.818182e-001 8.538288e+000
6.000000e+000 1.000000e+000 1.666667e-001 9.120975e+000
6.500000e+000 1.000000e+000 1.538462e-001 9.715316e+000
7.000000e+000 1.000000e+000 1.428571e-001 1.031898e+001
7.500000e+000 1.000000e+000 1.333333e-001 1.093022e+001
8.000000e+000 1.000000e+000 1.250000e-001 1.154771e+001
8.500000e+000 1.000000e+000 1.176471e-001 1.217043e+001
9.000000e+000 1.000000e+000 1.111111e-001 1.279756e+001
9.500000e+000 1.000000e+000 1.052632e-001 1.342845e+001
1.000000e+001 1.000000e+000 1.000000e-001 1.406258e+001
5.000000e-001 1.500000e+000 3.000000e+000 3.053025e+001
1.000000e+000 1.500000e+000 1.500000e+000 1.582300e+001
1.500000e+000 1.500000e+000 1.000000e+000 1.016718e+001
2.000000e+000 1.500000e+000 7.500000e-001 7.227871e+000
2.500000e+000 1.500000e+000 6.000000e-001 5.809879e+000
3.000000e+000 1.500000e+000 5.000000e-001 5.249181e+000
3.500000e+000 1.500000e+000 4.285714e-001 5.394985e+000
4.000000e+000 1.500000e+000 3.750000e-001 5.609407e+000
4.500000e+000 1.500000e+000 3.333333e-001 5.870244e+000
5.000000e+000 1.500000e+000 3.000000e-001 6.164163e+000
5.500000e+000 1.500000e+000 2.727273e-001 6.482610e+000
6.000000e+000 1.500000e+000 2.500000e-001 6.819814e+000
6.500000e+000 1.500000e+000 2.307692e-001 7.171723e+000
7.000000e+000 1.500000e+000 2.142857e-001 7.535398e+000
7.500000e+000 1.500000e+000 2.000000e-001 7.908653e+000
8.000000e+000 1.500000e+000 1.875000e-001 8.289820e+000
8.500000e+000 1.500000e+000 1.764706e-001 8.677607e+000
9.000000e+000 1.500000e+000 1.666667e-001 9.070993e+000
9.500000e+000 1.500000e+000 1.578947e-001 9.469160e+000
1.000000e+001 1.500000e+000 1.500000e-001 9.871446e+000
5.000000e-001 2.000000e+000 4.000000e+000 3.942835e+001
1.000000e+000 2.000000e+000 2.000000e+000 2.100044e+001
1.500000e+000 2.000000e+000 1.333333e+000 1.387393e+001
2.000000e+000 2.000000e+000 1.000000e+000 1.008615e+001
2.500000e+000 2.000000e+000 8.000000e-001 7.798702e+000
3.000000e+000 2.000000e+000 6.666667e-001 6.137613e+000
3.500000e+000 2.000000e+000 5.714286e-001 5.107527e+000
4.000000e+000 2.000000e+000 5.000000e-001 5.163748e+000
4.500000e+000 2.000000e+000 4.444444e-001 5.276734e+000
5.000000e+000 2.000000e+000 4.000000e-001 5.429782e+000
5.500000e+000 2.000000e+000 3.636364e-001 5.612337e+000
6.000000e+000 2.000000e+000 3.333333e-001 5.817357e+000
6.500000e+000 2.000000e+000 3.076923e-001 6.039939e+000
7.000000e+000 2.000000e+000 2.857143e-001 6.276549e+000
7.500000e+000 2.000000e+000 2.666667e-001 6.524567e+000
8.000000e+000 2.000000e+000 2.500000e-001 6.782003e+000
8.500000e+000 2.000000e+000 2.352941e-001 7.047318e+000
9.000000e+000 2.000000e+000 2.222222e-001 7.319296e+000
9.500000e+000 2.000000e+000 2.105263e-001 7.596968e+000
1.000000e+001 2.000000e+000 2.000000e-001 7.879547e+000
5.000000e-001 2.500000e+000 5.000000e+000 4.782528e+001
1.000000e+000 2.500000e+000 2.500000e+000 2.587001e+001
1.500000e+000 2.500000e+000 1.666667e+000 1.743128e+001
2.000000e+000 2.500000e+000 1.250000e+000 1.289848e+001
2.500000e+000 2.500000e+000 1.000000e+000 1.007431e+001
3.000000e+000 2.500000e+000 8.333333e-001 8.034370e+000
3.500000e+000 2.500000e+000 7.142857e-001 6.664979e+000
4.000000e+000 2.500000e+000 6.250000e-001 5.586769e+000
4.500000e+000 2.500000e+000 5.555556e-001 5.056458e+000
5.000000e+000 2.500000e+000 5.000000e-001 5.113907e+000
5.500000e+000 2.500000e+000 4.545455e-001 5.206065e+000
6.000000e+000 2.500000e+000 4.166667e-001 5.324467e+000
6.500000e+000 2.500000e+000 3.846154e-001 5.463282e+000
7.000000e+000 2.500000e+000 3.571429e-001 5.618343e+000
7.500000e+000 2.500000e+000 3.333333e-001 5.786580e+000
8.000000e+000 2.500000e+000 3.125000e-001 5.965674e+000
8.500000e+000 2.500000e+000 2.941176e-001 6.153839e+000
9.000000e+000 2.500000e+000 2.777778e-001 6.349670e+000
9.500000e+000 2.500000e+000 2.631579e-001 6.552045e+000
1.000000e+001 2.500000e+000 2.500000e-001 6.760060e+000