Time for SBHB to reach Schwartzschild radius for different A and B
v_0 = 4.000000e-001 delta = 1.000000e-008

      A              B            B / A         t
5.000000e-001 5.000000e-001 1.000000e+000 1.151221e+001
1.000000e+000 5.000000e-001 5.000000e-001 4.709705e+000
1.500000e+000 5.000000e-001 3.333333e-001 5.042941e+000
2.000000e+000 5.000000e-001 2.500000e-001 6.196876e+000
2.500000e+000 5.000000e-001 2.000000e-001 7.406529e+000
3.000000e+000 5.000000e-001 1.666667e-001 8.648942e+000
3.500000e+000 5.000000e-001 1.428571e-001 9.912338e+000
4.000000e+000 5.000000e-001 1.250000e-001 1.119004e+001
4.500000e+000 5.000000e-001 1.111111e-001 1.247795e+001
5.000000e+000 5.000000e-001 1.000000e-001 1.377343e+001
5.500000e+000 5.000000e-001 9.090909e-002 1.507469e+001
6.000000e+000 5.000000e-001 8.333333e-002 1.638045e+001
6.500000e+000 5.000000e-001 7.692308e-002 1.768982e+001
7.000000e+000 5.000000e-001 7.142857e-002 1.900211e+001
7.500000e+000 5.000000e-001 6.666667e-002 2.031680e+001
8.000000e+000 5.000000e-001 6.250000e-002 2.163350e+001
8.500000e+000 5.000000e-001 5.882353e-002 2.295188e+001
9.000000e+000 5.000000e-001 5.555556e-002 2.427171e+001
9.500000e+000 5.000000e-001 5.263158e-002 2.559277e+001
1.000000e+001 5.000000e-001 5.000000e-002 2.691489e+001
5.000000e-001 1.000000e+000 2.000000e+000 2.421298e+001
1.000000e+000 1.000000e+000 1.000000e+000 1.075569e+001
1.500000e+000 1.000000e+000 6.666667e-001 6.261964e+000
2.000000e+000 1.000000e+000 5.000000e-001 4.020739e+000
2.500000e+000 1.000000e+000 4.000000e-001 4.526001e+000
3.000000e+000 1.000000e+000 3.333333e-001 5.068207e+000
3.500000e+000 1.000000e+000 2.857143e-001 5.635830e+000
4.000000e+000 1.000000e+000 2.500000e-001 6.221662e+000
4.500000e+000 1.000000e+000 2.222222e-001 6.820990e+000
5.000000e+000 1.000000e+000 2.000000e-001 7.430608e+000
5.500000e+000 1.000000e+000 1.818182e-001 8.048259e+000
6.000000e+000 1.000000e+000 1.666667e-001 8.672307e+000
6.500000e+000 1.000000e+000 1.538462e-001 9.301540e+000
7.000000e+000 1.000000e+000 1.428571e-001 9.935036e+000
7.500000e+000 1.000000e+000 1.333333e-001 1.057208e+001
8.000000e+000 1.000000e+000 1.250000e-001 1.121212e+001
8.500000e+000 1.000000e+000 1.176471e-001 1.185471e+001
9.000000e+000 1.000000e+000 1.111111e-001 1.249948e+001
9.500000e+000 1.000000e+000 1.052632e-001 1.314614e+001
1.000000e+001 1.000000e+000 1.000000e-001 1.379445e+001
5.000000e-001 1.500000e+000 3.000000e+000 3.670313e+001
1.000000e+000 1.500000e+000 1.500000e+000 1.690856e+001
1.500000e+000 1.500000e+000 1.000000e+000 1.043605e+001
2.000000e+000 1.500000e+000 7.500000e-001 7.062500e+000
2.500000e+000 1.500000e+000 6.000000e-001 5.307637e+000
3.000000e+000 1.500000e+000 5.000000e-001 4.030102e+000
3.500000e+000 1.500000e+000 4.285714e-001 4.362281e+000
4.000000e+000 1.500000e+000 3.750000e-001 4.712944e+000
4.500000e+000 1.500000e+000 3.333333e-001 5.077835e+000
5.000000e+000 1.500000e+000 3.000000e-001 5.453899e+000
5.500000e+000 1.500000e+000 2.727273e-001 5.838889e+000
6.000000e+000 1.500000e+000 2.500000e-001 6.231123e+000
6.500000e+000 1.500000e+000 2.307692e-001 6.629318e+000
7.000000e+000 1.500000e+000 2.142857e-001 7.032479e+000
7.500000e+000 1.500000e+000 2.000000e-001 7.439823e+000
8.000000e+000 1.500000e+000 1.875000e-001 7.850724e+000
8.500000e+000 1.500000e+000 1.764706e-001 8.264678e+000
9.000000e+000 1.500000e+000 1.666667e-001 8.681272e+000
9.500000e+000 1.500000e+000 1.578947e-001 9.100166e+000
1.000000e+001 1.500000e+000 1.500000e-001 9.521077e+000
5.000000e-001 2.000000e+000 4.000000e+000 4.929584e+001
1.000000e+000 2.000000e+000 2.000000e+000 2.291335e+001
1.500000e+000 2.000000e+000 1.333333e+000 1.438184e+001
2.000000e+000 2.000000e+000 1.000000e+000 1.014150e+001
2.500000e+000 2.000000e+000 8.000000e-001 7.581457e+000
3.000000e+000 2.000000e+000 6.666667e-001 5.944069e+000
3.500000e+000 2.000000e+000 5.714286e-001 4.695647e+000
4.000000e+000 2.000000e+000 5.000000e-001 4.035149e+000
4.500000e+000 2.000000e+000 4.444444e-001 4.282431e+000
5.000000e+000 2.000000e+000 4.000000e-001 4.540772e+000
5.500000e+000 2.000000e+000 3.636364e-001 4.808155e+000
6.000000e+000 2.000000e+000 3.333333e-001 5.083021e+000
6.500000e+000 2.000000e+000 3.076923e-001 5.364144e+000
7.000000e+000 2.000000e+000 2.857143e-001 5.650550e+000
7.500000e+000 2.000000e+000 2.666667e-001 5.941456e+000
8.000000e+000 2.000000e+000 2.500000e-001 6.236227e+000
8.500000e+000 2.000000e+000 2.352941e-001 6.534344e+000
9.000000e+000 2.000000e+000 2.222222e-001 6.835375e+000
9.500000e+000 2.000000e+000 2.105263e-001 7.138962e+000
1.000000e+001 2.000000e+000 2.000000e-001 7.444804e+000
5.000000e-001 2.500000e+000 5.000000e+000 6.207489e+001
1.000000e+000 2.500000e+000 2.500000e+000 2.890001e+001
1.500000e+000 2.500000e+000 1.666667e+000 1.833987e+001
2.000000e+000 2.500000e+000 1.250000e+000 1.309367e+001
2.500000e+000 2.500000e+000 1.000000e+000 9.964098e+000
3.000000e+000 2.500000e+000 8.333333e-001 7.865937e+000
3.500000e+000 2.500000e+000 7.142857e-001 6.387169e+000
4.000000e+000 2.500000e+000 6.250000e-001 5.290688e+000
4.500000e+000 2.500000e+000 5.555556e-001 4.675574e+000
5.000000e+000 2.500000e+000 5.000000e-001 4.038334e+000
5.500000e+000 2.500000e+000 4.545455e-001 4.235243e+000
6.000000e+000 2.500000e+000 4.166667e-001 4.439502e+000
6.500000e+000 2.500000e+000 3.846154e-001 4.650003e+000
7.000000e+000 2.500000e+000 3.571429e-001 4.865847e+000
7.500000e+000 2.500000e+000 3.333333e-001 5.086294e+000
8.000000e+000 2.500000e+000 3.125000e-001 5.310737e+000
8.500000e+000 2.500000e+000 2.941176e-001 5.538668e+000
9.000000e+000 2.500000e+000 2.777778e-001 5.769661e+000
9.500000e+000 2.500000e+000 2.631579e-001 6.003358e+000
1.000000e+001 2.500000e+000 2.500000e-001 6.239453e+000
1.000000e+000 3.000000e+000 3.000000e+000 3.496126e+001
1.500000e+000 3.000000e+000 2.000000e+000 2.224989e+001
2.000000e+000 3.000000e+000 1.500000e+000 1.601875e+001
2.500000e+000 3.000000e+000 1.200000e+000 1.230939e+001
3.000000e+000 3.000000e+000 1.000000e+000 9.849587e+000
3.500000e+000 3.000000e+000 8.571429e-001 8.089628e+000
4.000000e+000 3.000000e+000 7.500000e-001 6.822400e+000
4.500000e+000 3.000000e+000 6.666667e-001 5.829581e+000
5.000000e+000 3.000000e+000 6.000000e-001 5.040202e+000
5.500000e+000 3.000000e+000 5.454545e-001 4.349088e+000
6.000000e+000 3.000000e+000 5.000000e-001 4.040538e+000
6.500000e+000 3.000000e+000 4.615385e-001 4.204111e+000
7.000000e+000 3.000000e+000 4.285714e-001 4.372919e+000
7.500000e+000 3.000000e+000 4.000000e-001 4.546290e+000
8.000000e+000 3.000000e+000 3.750000e-001 4.723660e+000
8.500000e+000 3.000000e+000 3.529412e-001 4.904552e+000
9.000000e+000 3.000000e+000 3.333333e-001 5.088560e+000
9.500000e+000 3.000000e+000 3.157895e-001 5.275339e+000
1.000000e+001 3.000000e+000 3.000000e-001 5.464592e+000
1.000000e+000 3.500000e+000 3.500000e+000 4.108154e+001
1.500000e+000 3.500000e+000 2.333333e+000 2.617741e+001
2.000000e+000 3.500000e+000 1.750000e+000 1.892545e+001
2.500000e+000 3.500000e+000 1.400000e+000 1.464856e+001
3.000000e+000 3.500000e+000 1.166667e+000 1.178111e+001
3.500000e+000 3.500000e+000 1.000000e+000 9.772541e+000
4.000000e+000 3.500000e+000 8.750000e-001 8.205906e+000
4.500000e+000 3.500000e+000 7.777778e-001 7.076301e+000
5.000000e+000 3.500000e+000 7.000000e-001 6.112373e+000
5.500000e+000 3.500000e+000 6.363636e-001 5.313426e+000
6.000000e+000 3.500000e+000 5.833333e-001 4.803907e+000
6.500000e+000 3.500000e+000 5.384615e-001 4.351151e+000
7.000000e+000 3.500000e+000 5.000000e-001 4.042159e+000
7.500000e+000 3.500000e+000 4.666667e-001 4.182043e+000
8.000000e+000 3.500000e+000 4.375000e-001 4.325845e+000
8.500000e+000 3.500000e+000 4.117647e-001 4.473126e+000
9.000000e+000 3.500000e+000 3.888889e-001 4.623509e+000
9.500000e+000 3.500000e+000 3.684211e-001 4.776669e+000
1.000000e+001 3.500000e+000 3.500000e-001 4.932324e+000
1.000000e+000 4.000000e+000 4.000000e+000 4.725846e+001
1.500000e+000 4.000000e+000 2.666667e+000 3.014955e+001
2.000000e+000 4.000000e+000 2.000000e+000 2.184195e+001
2.500000e+000 4.000000e+000 1.600000e+000 1.694928e+001
3.000000e+000 4.000000e+000 1.333333e+000 1.369574e+001
3.500000e+000 4.000000e+000 1.142857e+000 1.141967e+001
4.000000e+000 4.000000e+000 1.000000e+000 9.669871e+000
4.500000e+000 4.000000e+000 8.888889e-001 8.306627e+000
5.000000e+000 4.000000e+000 8.000000e-001 7.286720e+000
5.500000e+000 4.000000e+000 7.272727e-001 6.345247e+000
6.000000e+000 4.000000e+000 6.666667e-001 5.661014e+000
6.500000e+000 4.000000e+000 6.153846e-001 5.108552e+000
7.000000e+000 4.000000e+000 5.714286e-001 4.557195e+000
7.500000e+000 4.000000e+000 5.333333e-001 4.351851e+000
8.000000e+000 4.000000e+000 5.000000e-001 4.043405e+000
8.500000e+000 4.000000e+000 4.705882e-001 4.165590e+000
9.000000e+000 4.000000e+000 4.444444e-001 4.290817e+000
9.500000e+000 4.000000e+000 4.210526e-001 4.418784e+000
1.000000e+001 4.000000e+000 4.000000e-001 4.549227e+000
1.500000e+000 4.500000e+000 3.000000e+000 3.413430e+001
2.000000e+000 4.500000e+000 2.250000e+000 2.475416e+001
2.500000e+000 4.500000e+000 1.800000e+000 1.925120e+001
3.000000e+000 4.500000e+000 1.500000e+000 1.563248e+001
3.500000e+000 4.500000e+000 1.285714e+000 1.305381e+001
4.000000e+000 4.500000e+000 1.125000e+000 1.109549e+001
4.500000e+000 4.500000e+000 1.000000e+000 9.590915e+000
5.000000e+000 4.500000e+000 9.000000e-001 8.395117e+000
5.500000e+000 4.500000e+000 8.181818e-001 7.400794e+000
6.000000e+000 4.500000e+000 7.500000e-001 6.622008e+000
6.500000e+000 4.500000e+000 6.923077e-001 5.934616e+000
7.000000e+000 4.500000e+000 6.428571e-001 5.345722e+000
7.500000e+000 4.500000e+000 6.000000e-001 4.912292e+000
8.000000e+000 4.500000e+000 5.625000e-001 4.553429e+000
8.500000e+000 4.500000e+000 5.294118e-001 4.351724e+000
9.000000e+000 4.500000e+000 5.000000e-001 4.044393e+000
9.500000e+000 4.500000e+000 4.736842e-001 4.152854e+000
1.000000e+001 4.500000e+000 4.500000e-001 4.263745e+000
1.500000e+000 5.000000e+000 3.333333e+000 3.815604e+001
2.000000e+000 5.000000e+000 2.500000e+000 2.767691e+001
2.500000e+000 5.000000e+000 2.000000e+000 2.154776e+001
3.000000e+000 5.000000e+000 1.666667e+000 1.752437e+001
3.500000e+000 5.000000e+000 1.428571e+000 1.465018e+001
4.000000e+000 5.000000e+000 1.250000e+000 1.253829e+001
4.500000e+000 5.000000e+000 1.111111e+000 1.086813e+001
5.000000e+000 5.000000e+000 1.000000e+000 9.529091e+000
5.500000e+000 5.000000e+000 9.090909e-001 8.473791e+000
6.000000e+000 5.000000e+000 8.333333e-001 7.560782e+000
6.500000e+000 5.000000e+000 7.692308e-001 6.783010e+000
7.000000e+000 5.000000e+000 7.142857e-001 6.160834e+000
7.500000e+000 5.000000e+000 6.666667e-001 5.651432e+000
8.000000e+000 5.000000e+000 6.250000e-001 5.171396e+000
8.500000e+000 5.000000e+000 5.882353e-001 4.711336e+000
9.000000e+000 5.000000e+000 5.555556e-001 4.549829e+000
9.500000e+000 5.000000e+000 5.263158e-001 4.351086e+000
1.000000e+001 5.000000e+000 5.000000e-001 4.045197e+000
1.500000e+000 5.500000e+000 3.666667e+000 4.219452e+001
2.000000e+000 5.500000e+000 2.750000e+000 3.063918e+001
2.500000e+000 5.500000e+000 2.200000e+000 2.385701e+001
3.000000e+000 5.500000e+000 1.833333e+000 1.940766e+001
3.500000e+000 5.500000e+000 1.571429e+000 1.627445e+001
4.000000e+000 5.500000e+000 1.375000e+000 1.393312e+001
4.500000e+000 5.500000e+000 1.222222e+000 1.211164e+001
5.000000e+000 5.500000e+000 1.100000e+000 1.068024e+001
5.500000e+000 5.500000e+000 1.000000e+000 9.480020e+000
6.000000e+000 5.500000e+000 9.166667e-001 8.498668e+000
6.500000e+000 5.500000e+000 8.461538e-001 7.646927e+000
7.000000e+000 5.500000e+000 7.857143e-001 6.987132e+000
7.500000e+000 5.500000e+000 7.333333e-001 6.353457e+000
8.000000e+000 5.500000e+000 6.875000e-001 5.806630e+000
8.500000e+000 5.500000e+000 6.470588e-001 5.379781e+000
9.000000e+000 5.500000e+000 6.111111e-001 5.002938e+000
9.500000e+000 5.500000e+000 5.789474e-001 4.703459e+000
1.000000e+001 5.500000e+000 5.500000e-001 4.280264e+000
2.000000e+000 6.000000e+000 3.000000e+000 3.360445e+001
2.500000e+000 6.000000e+000 2.400000e+000 2.616959e+001
3.000000e+000 6.000000e+000 2.000000e+000 2.132472e+001
3.500000e+000 6.000000e+000 1.714286e+000 1.789114e+001
4.000000e+000 6.000000e+000 1.500000e+000 1.534761e+001
4.500000e+000 6.000000e+000 1.333333e+000 1.339122e+001
5.000000e+000 6.000000e+000 1.200000e+000 1.181227e+001
5.500000e+000 6.000000e+000 1.090909e+000 1.052224e+001
6.000000e+000 6.000000e+000 1.000000e+000 9.440673e+000
6.500000e+000 6.000000e+000 9.230769e-001 8.523082e+000
7.000000e+000 6.000000e+000 8.571429e-001 7.774276e+000
7.500000e+000 6.000000e+000 8.000000e-001 7.107307e+000
8.000000e+000 6.000000e+000 7.500000e-001 6.520778e+000
8.500000e+000 6.000000e+000 7.058824e-001 6.025824e+000
9.000000e+000 6.000000e+000 6.666667e-001 5.555651e+000
9.500000e+000 6.000000e+000 6.315789e-001 5.227635e+000
1.000000e+001 6.000000e+000 6.000000e-001 4.832319e+000
2.000000e+000 6.500000e+000 3.250000e+000 3.658313e+001
2.500000e+000 6.500000e+000 2.600000e+000 2.851597e+001
3.000000e+000 6.500000e+000 2.166667e+000 2.324228e+001
3.500000e+000 6.500000e+000 1.857143e+000 1.952113e+001
4.000000e+000 6.500000e+000 1.625000e+000 1.675080e+001
4.500000e+000 6.500000e+000 1.444444e+000 1.461913e+001
5.000000e+000 6.500000e+000 1.300000e+000 1.293271e+001
5.500000e+000 6.500000e+000 1.181818e+000 1.152825e+001
6.000000e+000 6.500000e+000 1.083333e+000 1.038746e+001
6.500000e+000 6.500000e+000 1.000000e+000 9.408892e+000
7.000000e+000 6.500000e+000 9.285714e-001 8.587353e+000
7.500000e+000 6.500000e+000 8.666667e-001 7.841996e+000
8.000000e+000 6.500000e+000 8.125000e-001 7.215244e+000
8.500000e+000 6.500000e+000 7.647059e-001 6.668262e+000
9.000000e+000 6.500000e+000 7.222222e-001 6.213284e+000
9.500000e+000 6.500000e+000 6.842105e-001 5.708354e+000
1.000000e+001 6.500000e+000 6.500000e-001 5.413091e+000
2.000000e+000 7.000000e+000 3.500000e+000 3.959792e+001
2.500000e+000 7.000000e+000 2.800000e+000 3.085018e+001
3.000000e+000 7.000000e+000 2.333333e+000 2.515662e+001
3.500000e+000 7.000000e+000 2.000000e+000 2.113863e+001
4.000000e+000 7.000000e+000 1.750000e+000 1.816488e+001
4.500000e+000 7.000000e+000 1.555556e+000 1.587726e+001
5.000000e+000 7.000000e+000 1.400000e+000 1.404497e+001
5.500000e+000 7.000000e+000 1.272727e+000 1.256354e+001
6.000000e+000 7.000000e+000 1.166667e+000 1.130996e+001
6.500000e+000 7.000000e+000 1.076923e+000 1.027115e+001
7.000000e+000 7.000000e+000 1.000000e+000 9.383094e+000
7.500000e+000 7.000000e+000 9.333333e-001 8.608301e+000
8.000000e+000 7.000000e+000 8.750000e-001 7.904157e+000
8.500000e+000 7.000000e+000 8.235294e-001 7.312899e+000
9.000000e+000 7.000000e+000 7.777778e-001 6.799750e+000
9.500000e+000 7.000000e+000 7.368421e-001 6.312872e+000
1.000000e+001 7.000000e+000 7.000000e-001 5.921020e+000
2.500000e+000 7.500000e+000 3.000000e+000 3.321729e+001
3.000000e+000 7.500000e+000 2.500000e+000 2.708181e+001
3.500000e+000 7.500000e+000 2.142857e+000 2.276189e+001
4.000000e+000 7.500000e+000 1.875000e+000 1.958495e+001
4.500000e+000 7.500000e+000 1.666667e+000 1.711515e+001
5.000000e+000 7.500000e+000 1.500000e+000 1.515065e+001
5.500000e+000 7.500000e+000 1.363636e+000 1.357186e+001
6.000000e+000 7.500000e+000 1.250000e+000 1.224200e+001
6.500000e+000 7.500000e+000 1.153846e+000 1.111937e+001
7.000000e+000 7.500000e+000 1.071429e+000 1.016977e+001
7.500000e+000 7.500000e+000 1.000000e+000 9.329378e+000
8.000000e+000 7.500000e+000 9.375000e-001 8.592570e+000
8.500000e+000 7.500000e+000 8.823529e-001 7.961506e+000
9.000000e+000 7.500000e+000 8.333333e-001 7.401819e+000
9.500000e+000 7.500000e+000 7.894737e-001 6.918059e+000
1.000000e+001 7.500000e+000 7.500000e-001 6.463982e+000
2.500000e+000 8.000000e+000 3.200000e+000 3.559306e+001
3.000000e+000 8.000000e+000 2.666667e+000 2.901261e+001
3.500000e+000 8.000000e+000 2.285714e+000 2.440346e+001
4.000000e+000 8.000000e+000 2.000000e+000 2.099011e+001
4.500000e+000 8.000000e+000 1.777778e+000 1.835507e+001
5.000000e+000 8.000000e+000 1.600000e+000 1.627042e+001
5.500000e+000 8.000000e+000 1.454545e+000 1.458152e+001
6.000000e+000 8.000000e+000 1.333333e+000 1.315780e+001
6.500000e+000 8.000000e+000 1.230769e+000 1.198295e+001
7.000000e+000 8.000000e+000 1.142857e+000 1.095125e+001
7.500000e+000 8.000000e+000 1.066667e+000 1.008066e+001
8.000000e+000 8.000000e+000 1.000000e+000 9.313787e+000
8.500000e+000 8.000000e+000 9.411765e-001 8.614365e+000
9.000000e+000 8.000000e+000 8.888889e-001 8.014654e+000
9.500000e+000 8.000000e+000 8.421053e-001 7.483244e+000
1.000000e+001 8.000000e+000 8.000000e-001 6.977365e+000
3.000000e+000 8.500000e+000 2.833333e+000 3.097358e+001
3.500000e+000 8.500000e+000 2.428571e+000 2.604196e+001
4.000000e+000 8.500000e+000 2.125000e+000 2.241414e+001
4.500000e+000 8.500000e+000 1.888889e+000 1.961226e+001
5.000000e+000 8.500000e+000 1.700000e+000 1.739971e+001
5.500000e+000 8.500000e+000 1.545455e+000 1.559143e+001
6.000000e+000 8.500000e+000 1.416667e+000 1.408217e+001
6.500000e+000 8.500000e+000 1.307692e+000 1.283523e+001
7.000000e+000 8.500000e+000 1.214286e+000 1.175328e+001
7.500000e+000 8.500000e+000 1.133333e+000 1.080163e+001
8.000000e+000 8.500000e+000 1.062500e+000 1.000176e+001
8.500000e+000 8.500000e+000 1.000000e+000 9.271184e+000
9.000000e+000 8.500000e+000 9.444444e-001 8.635476e+000
9.500000e+000 8.500000e+000 8.947368e-001 8.064113e+000
1.000000e+001 8.500000e+000 8.500000e-001 7.558183e+000
3.000000e+000 9.000000e+000 3.000000e+000 3.293039e+001
3.500000e+000 9.000000e+000 2.571429e+000 2.769015e+001
4.000000e+000 9.000000e+000 2.250000e+000 2.383627e+001
4.500000e+000 9.000000e+000 2.000000e+000 2.086552e+001
5.000000e+000 9.000000e+000 1.800000e+000 1.850135e+001
5.500000e+000 9.000000e+000 1.636364e+000 1.660067e+001
6.000000e+000 9.000000e+000 1.500000e+000 1.501242e+001
6.500000e+000 9.000000e+000 1.384615e+000 1.367889e+001
7.000000e+000 9.000000e+000 1.285714e+000 1.252689e+001
7.500000e+000 9.000000e+000 1.200000e+000 1.154781e+001
8.000000e+000 9.000000e+000 1.125000e+000 1.069235e+001
8.500000e+000 9.000000e+000 1.058824e+000 9.931453e+000
9.000000e+000 9.000000e+000 1.000000e+000 9.233427e+000
9.500000e+000 9.000000e+000 9.473684e-001 8.655917e+000
1.000000e+001 9.000000e+000 9.000000e-001 8.110311e+000
3.500000e+000 9.500000e+000 2.714286e+000 2.935754e+001
4.000000e+000 9.500000e+000 2.375000e+000 2.525531e+001
4.500000e+000 9.500000e+000 2.111111e+000 2.211425e+001
5.000000e+000 9.500000e+000 1.900000e+000 1.962721e+001
5.500000e+000 9.500000e+000 1.727273e+000 1.760848e+001
6.000000e+000 9.500000e+000 1.583333e+000 1.592890e+001
6.500000e+000 9.500000e+000 1.461538e+000 1.451554e+001
7.000000e+000 9.500000e+000 1.357143e+000 1.331875e+001
7.500000e+000 9.500000e+000 1.266667e+000 1.227027e+001
8.000000e+000 9.500000e+000 1.187500e+000 1.136255e+001
8.500000e+000 9.500000e+000 1.117647e+000 1.057054e+001
9.000000e+000 9.500000e+000 1.055556e+000 9.868460e+000
9.500000e+000 9.500000e+000 1.000000e+000 9.227873e+000
1.000000e+001 9.500000e+000 9.500000e-001 8.645450e+000
3.500000e+000 1.000000e+001 2.857143e+000 3.101455e+001
4.000000e+000 1.000000e+001 2.500000e+000 2.669660e+001
4.500000e+000 1.000000e+001 2.222222e+000 2.337193e+001
5.000000e+000 1.000000e+001 2.000000e+000 2.075669e+001
5.500000e+000 1.000000e+001 1.818182e+000 1.861421e+001
6.000000e+000 1.000000e+001 1.666667e+000 1.685021e+001
6.500000e+000 1.000000e+001 1.538462e+000 1.538090e+001
7.000000e+000 1.000000e+001 1.428571e+000 1.410597e+001
7.500000e+000 1.000000e+001 1.333333e+000 1.301352e+001
8.000000e+000 1.000000e+001 1.250000e+000 1.205888e+001
8.500000e+000 1.000000e+001 1.176471e+000 1.121636e+001
9.000000e+000 1.000000e+001 1.111111e+000 1.045993e+001
9.500000e+000 1.000000e+001 1.052632e+000 9.786609e+000
1.000000e+001 1.000000e+001 1.000000e+000 9.196945e+000