Time for SBHB to reach Schwartzschild radius for different A and B
v_0 = 2.000000e-001 delta = 1.000000e-008

      A              B            B / A         t
5.000000e-001 5.000000e-001 1.000000e+000 1.031505e+001
1.000000e+000 5.000000e-001 5.000000e-001 3.873589e+000
1.500000e+000 5.000000e-001 3.333333e-001 4.960305e+000
2.000000e+000 5.000000e-001 2.500000e-001 6.134661e+000
2.500000e+000 5.000000e-001 2.000000e-001 7.356665e+000
3.000000e+000 5.000000e-001 1.666667e-001 8.607347e+000
3.500000e+000 5.000000e-001 1.428571e-001 9.876664e+000
4.000000e+000 5.000000e-001 1.250000e-001 1.115881e+001
4.500000e+000 5.000000e-001 1.111111e-001 1.245018e+001
5.000000e+000 5.000000e-001 1.000000e-001 1.374844e+001
5.500000e+000 5.000000e-001 9.090909e-002 1.505196e+001
6.000000e+000 5.000000e-001 8.333333e-002 1.635962e+001
6.500000e+000 5.000000e-001 7.692308e-002 1.767059e+001
7.000000e+000 5.000000e-001 7.142857e-002 1.898425e+001
7.500000e+000 5.000000e-001 6.666667e-002 2.030013e+001
8.000000e+000 5.000000e-001 6.250000e-002 2.161787e+001
8.500000e+000 5.000000e-001 5.882353e-002 2.293717e+001
9.000000e+000 5.000000e-001 5.555556e-002 2.425781e+001
9.500000e+000 5.000000e-001 5.263158e-002 2.557960e+001
1.000000e+001 5.000000e-001 5.000000e-002 2.690239e+001
5.000000e-001 1.000000e+000 2.000000e+000 2.142218e+001
1.000000e+000 1.000000e+000 1.000000e+000 9.628092e+000
1.500000e+000 1.000000e+000 6.666667e-001 5.619429e+000
2.000000e+000 1.000000e+000 5.000000e-001 3.900471e+000
2.500000e+000 1.000000e+000 4.000000e-001 4.429142e+000
3.000000e+000 1.000000e+000 3.333333e-001 4.987192e+000
3.500000e+000 1.000000e+000 2.857143e-001 5.566231e+000
4.000000e+000 1.000000e+000 2.500000e-001 6.160672e+000
4.500000e+000 1.000000e+000 2.222222e-001 6.766722e+000
5.000000e+000 1.000000e+000 2.000000e-001 7.381731e+000
5.500000e+000 1.000000e+000 1.818182e-001 8.003800e+000
6.000000e+000 1.000000e+000 1.666667e-001 8.631537e+000
6.500000e+000 1.000000e+000 1.538462e-001 9.263894e+000
7.000000e+000 1.000000e+000 1.428571e-001 9.900070e+000
7.500000e+000 1.000000e+000 1.333333e-001 1.053944e+001
8.000000e+000 1.000000e+000 1.250000e-001 1.118152e+001
8.500000e+000 1.000000e+000 1.176471e-001 1.182590e+001
9.000000e+000 1.000000e+000 1.111111e-001 1.247227e+001
9.500000e+000 1.000000e+000 1.052632e-001 1.312036e+001
1.000000e+001 1.000000e+000 1.000000e-001 1.376996e+001
5.000000e-001 1.500000e+000 3.000000e+000 3.190883e+001
1.000000e+000 1.500000e+000 1.500000e+000 1.498585e+001
1.500000e+000 1.500000e+000 1.000000e+000 9.309677e+000
2.000000e+000 1.500000e+000 7.500000e-001 6.421468e+000
2.500000e+000 1.500000e+000 6.000000e-001 4.581942e+000
3.000000e+000 1.500000e+000 5.000000e-001 3.910654e+000
3.500000e+000 1.500000e+000 4.285714e-001 4.259393e+000
4.000000e+000 1.500000e+000 3.750000e-001 4.622626e+000
4.500000e+000 1.500000e+000 3.333333e-001 4.997373e+000
5.000000e+000 1.500000e+000 3.000000e-001 5.381367e+000
5.500000e+000 1.500000e+000 2.727273e-001 5.772872e+000
6.000000e+000 1.500000e+000 2.500000e-001 6.170552e+000
6.500000e+000 1.500000e+000 2.307692e-001 6.573367e+000
7.000000e+000 1.500000e+000 2.142857e-001 6.980495e+000
7.500000e+000 1.500000e+000 2.000000e-001 7.391282e+000
8.000000e+000 1.500000e+000 1.875000e-001 7.805200e+000
8.500000e+000 1.500000e+000 1.764706e-001 8.221818e+000
9.000000e+000 1.500000e+000 1.666667e-001 8.640783e+000
9.500000e+000 1.500000e+000 1.578947e-001 9.061800e+000
1.000000e+001 1.500000e+000 1.500000e-001 9.484622e+000