Time for SBHB to reach Schwartzschild radius for different A and B
v_0 = 6.000000e-001 delta = 1.000000e-008

      A              B            B / A         t
5.000000e-001 5.000000e-001 1.000000e+000 1.202667e+001
1.000000e+000 5.000000e-001 5.000000e-001 4.965510e+000
1.500000e+000 5.000000e-001 3.333333e-001 5.213310e+000
2.000000e+000 5.000000e-001 2.500000e-001 6.324607e+000
2.500000e+000 5.000000e-001 2.000000e-001 7.508697e+000
3.000000e+000 5.000000e-001 1.666667e-001 8.734074e+000
3.500000e+000 5.000000e-001 1.428571e-001 9.985305e+000
4.000000e+000 5.000000e-001 1.250000e-001 1.125388e+001
4.500000e+000 5.000000e-001 1.111111e-001 1.253470e+001
5.000000e+000 5.000000e-001 1.000000e-001 1.382450e+001
5.500000e+000 5.000000e-001 9.090909e-002 1.512111e+001
6.000000e+000 5.000000e-001 8.333333e-002 1.642301e+001
6.500000e+000 5.000000e-001 7.692308e-002 1.772911e+001
7.000000e+000 5.000000e-001 7.142857e-002 1.903859e+001
7.500000e+000 5.000000e-001 6.666667e-002 2.035085e+001
8.000000e+000 5.000000e-001 6.250000e-002 2.166542e+001
8.500000e+000 5.000000e-001 5.882353e-002 2.298192e+001
9.000000e+000 5.000000e-001 5.555556e-002 2.430008e+001
9.500000e+000 5.000000e-001 5.263158e-002 2.561964e+001
1.000000e+001 5.000000e-001 5.000000e-002 2.694043e+001
5.000000e-001 1.000000e+000 2.000000e+000 2.514614e+001
1.000000e+000 1.000000e+000 1.000000e+000 1.121342e+001
1.500000e+000 1.000000e+000 6.666667e-001 6.566175e+000
2.000000e+000 1.000000e+000 5.000000e-001 4.248642e+000
2.500000e+000 1.000000e+000 4.000000e-001 4.708224e+000
3.000000e+000 1.000000e+000 3.333333e-001 5.220014e+000
3.500000e+000 1.000000e+000 2.857143e-001 5.765926e+000
4.000000e+000 1.000000e+000 2.500000e-001 6.335482e+000
4.500000e+000 1.000000e+000 2.222222e-001 6.922155e+000
5.000000e+000 1.000000e+000 2.000000e-001 7.521651e+000
5.500000e+000 1.000000e+000 1.818182e-001 8.131021e+000
6.000000e+000 1.000000e+000 1.666667e-001 8.748171e+000
6.500000e+000 1.000000e+000 1.538462e-001 9.371566e+000
7.000000e+000 1.000000e+000 1.428571e-001 1.000006e+001
7.500000e+000 1.000000e+000 1.333333e-001 1.063277e+001
8.000000e+000 1.000000e+000 1.250000e-001 1.126902e+001
8.500000e+000 1.000000e+000 1.176471e-001 1.190825e+001
9.000000e+000 1.000000e+000 1.111111e-001 1.255005e+001
9.500000e+000 1.000000e+000 1.052632e-001 1.319405e+001
1.000000e+001 1.000000e+000 1.000000e-001 1.383997e+001
5.000000e-001 1.500000e+000 3.000000e+000 3.797329e+001
1.000000e+000 1.500000e+000 1.500000e+000 1.757098e+001
1.500000e+000 1.500000e+000 1.000000e+000 1.087500e+001
2.000000e+000 1.500000e+000 7.500000e-001 7.391020e+000
2.500000e+000 1.500000e+000 6.000000e-001 5.570180e+000
3.000000e+000 1.500000e+000 5.000000e-001 4.248757e+000
3.500000e+000 1.500000e+000 4.285714e-001 4.549630e+000
4.000000e+000 1.500000e+000 3.750000e-001 4.876834e+000
4.500000e+000 1.500000e+000 3.333333e-001 5.223491e+000
5.000000e+000 1.500000e+000 3.000000e-001 5.584973e+000
5.500000e+000 1.500000e+000 2.727273e-001 5.958036e+000
6.000000e+000 1.500000e+000 2.500000e-001 6.340334e+000
6.500000e+000 1.500000e+000 2.307692e-001 6.730122e+000
7.000000e+000 1.500000e+000 2.142857e-001 7.126079e+000
7.500000e+000 1.500000e+000 2.000000e-001 7.527180e+000
8.000000e+000 1.500000e+000 1.875000e-001 7.932619e+000
8.500000e+000 1.500000e+000 1.764706e-001 8.341753e+000
9.000000e+000 1.500000e+000 1.666667e-001 8.754064e+000
9.500000e+000 1.500000e+000 1.578947e-001 9.169125e+000
1.000000e+001 1.500000e+000 1.500000e-001 9.586587e+000