Derivatives of exp(x) at 0.100000 using central difference method

 i  step size h    derivative      e               epsilon 
 1  5.000000e-001  1.151799e+000
 2  2.500000e-001  1.116719e+000  -3.507984e-002  -3.045657e-002
 3  1.250000e-001  1.108051e+000  -4.374766e-002  -3.798204e-002
 4  6.249999e-002  1.105890e+000  -2.160788e-003  -1.950079e-003
 5  3.124999e-002  1.105351e+000  -5.396605e-004  -4.879873e-004
 6  1.562499e-002  1.105214e+000  -1.370907e-004  -1.240246e-004
 7  7.812493e-003  1.105188e+000  -2.610683e-005  -2.362153e-005
 8  3.906243e-003  1.105181e+000  -6.556511e-006  -5.932487e-006
 9  1.953118e-003  1.105168e+000  -1.323223e-005  -1.197291e-005
10  9.765550e-004  1.105172e+000  4.291534e-006  3.883152e-006
11  4.882738e-004  1.105119e+000  -5.269051e-005  -4.767629e-005
12  2.441332e-004  1.105014e+000  -1.051426e-004  -9.514139e-005
13  1.220629e-004  1.105048e+000  3.373623e-005  3.053013e-005
14  6.102771e-005  1.104627e+000  -4.209280e-004  -3.809138e-004
15  3.051013e-005  1.103785e+000  -8.418560e-004  -7.621179e-004
16  1.525134e-005  1.106009e+000  2.223611e-003  2.014532e-003
17  7.621944e-006  1.102639e+000  -3.369451e-003  -3.046495e-003
18  3.807247e-006  1.111546e+000  8.906722e-003  8.077639e-003
19  1.899898e-006  1.098039e+000  -1.350677e-002  -1.215134e-002
20  9.462237e-007  1.070866e+000  -2.717316e-002  -2.474698e-002
