Derivatives of cos(x) at 10.000000 using central difference method

 i  step size h    derivative      e               epsilon 
 1  5.000000e-001  5.216352e-001
 2  2.500000e-001  5.383719e-001  1.673669e-002  3.208504e-002
 3  1.250000e-001  5.426056e-001  2.097040e-002  4.020128e-002
 4  6.250000e-002  5.436673e-001  1.061678e-003  1.956629e-003
 5  3.125000e-002  5.439320e-001  2.646446e-004  4.867768e-004
 6  1.562500e-002  5.439987e-001  6.675720e-005  1.227308e-004
 7  7.812500e-003  5.440178e-001  1.907349e-005  3.506164e-005
 8  3.906250e-003  5.440216e-001  3.814697e-006  7.012082e-006
 9  1.953125e-003  5.440216e-001  0.000000e+000  0.000000e+000
