Cubic spline of log_of_lcdm_z0.matter_pk with boundary conditions : f"(x_0) = 0.000000e+000, f"(x_n) = 0.000000e+000

f(x | [x_j , x_j+1]) 
= m_j+1 * (x - x_j) ^ 3 / (6 * h_j) - m_j * (x - x_j+1) ^ 3 / (6 * h_j) 
  + (6 * y_j+1 - m_j+1 * h_j ^ 2) * (x - x_j) / (6 * h_j) 
  - (6 * y_j - m_j * h_j ^ 2) * (x - x_j+1) / (6 * h_j)
= (m_j+1 - m_j) * (x - x_j) ^ 3 / (6 * h_j) + m_j * (x - x_j) ^ 2 / 2 
  + ((y_j+1 - y_j) / h_j - (2 * m_j * h_j + m_j+1 * h_j) / 6) * (x - x_j) + y_j

    j       x_j            y_j      h_j=x_j+1-x_j   m_j=f"(x_j)        a_j            b_j            c_j      
    0 -4.000000e+000 2.813809e+000 9.999990e-003 0.000000e+000 -6.455842e-002 0.000000e+000 9.496286e-001
    1 -3.990000e+000 2.823305e+000 1.000023e-002 -3.873501e-003 9.638930e-002 -1.936751e-003 9.496092e-001
    2 -3.980000e+000 2.832802e+000 9.999752e-003 1.909989e-003 -1.186443e-001 9.549946e-004 9.495994e-001
    3 -3.970000e+000 2.842297e+000 9.999990e-003 -5.208495e-003 1.758029e-001 -2.604248e-003 9.495829e-001
    4 -3.960000e+000 2.851793e+000 9.999752e-003 5.339667e-003 -3.701984e-001 2.669834e-003 9.495835e-001
    5 -3.950000e+000 2.861289e+000 1.000047e-002 -1.687168e-002 3.994061e-001 -8.435842e-003 9.495259e-001
    6 -3.940000e+000 2.870784e+000 9.999990e-003 7.093804e-003 -9.562373e-002 3.546902e-003 9.494770e-001
    7 -3.930000e+000 2.880279e+000 9.999752e-003 1.356386e-003 -2.433122e-001 6.781930e-004 9.495192e-001
    8 -3.920000e+000 2.889774e+000 1.000023e-002 -1.324198e-002 3.897188e-001 -6.620992e-003 9.494598e-001
    9 -3.910000e+000 2.899268e+000 9.999752e-003 1.014168e-002 -4.101390e-001 5.070838e-003 9.494443e-001
   10 -3.900000e+000 2.908762e+000 1.000023e-002 -1.446605e-002 3.453315e-001 -7.233026e-003 9.494227e-001
   11 -3.890000e+000 2.918257e+000 9.999990e-003 6.254316e-003 -2.921592e-001 3.127158e-003 9.493816e-001
   12 -3.880000e+000 2.927750e+000 9.999990e-003 -1.127522e-002 3.585255e-001 -5.637611e-003 9.493566e-001
   13 -3.870000e+000 2.937244e+000 9.999752e-003 1.023629e-002 -4.387678e-001 5.118145e-003 9.493513e-001
   14 -3.860000e+000 2.946737e+000 1.000023e-002 -1.608913e-002 2.406487e-001 -8.044563e-003 9.493220e-001
   15 -3.850000e+000 2.956230e+000 9.999990e-003 -1.649876e-003 1.551345e-001 -8.249378e-004 9.492334e-001
   16 -3.840000e+000 2.965722e+000 9.999752e-003 7.658187e-003 -3.843715e-001 3.829094e-003 9.492634e-001
   17 -3.830000e+000 2.975215e+000 9.999990e-003 -1.540353e-002 2.144025e-001 -7.701765e-003 9.492247e-001
   18 -3.820000e+000 2.984706e+000 1.000023e-002 -2.539394e-003 3.636572e-003 -1.269697e-003 9.491349e-001
   19 -3.810000e+000 2.994198e+000 9.999990e-003 -2.321195e-003 -1.479022e-002 -1.160597e-003 9.491107e-001
   20 -3.800000e+000 3.003689e+000 9.999990e-003 -3.208607e-003 6.765150e-002 -1.604303e-003 9.490830e-001
   21 -3.790000e+000 3.013180e+000 9.999990e-003 8.504796e-004 -2.558158e-001 4.252398e-004 9.490712e-001
   22 -3.780000e+000 3.022670e+000 9.999990e-003 -1.449845e-002 2.403540e-001 -7.249227e-003 9.490030e-001
   23 -3.770000e+000 3.032160e+000 9.999990e-003 -7.722979e-005 9.657699e-003 -3.861489e-005 9.489301e-001
   24 -3.760000e+000 3.041649e+000 9.999990e-003 5.022316e-004 -2.789848e-001 2.511158e-004 9.489322e-001
   25 -3.750000e+000 3.051138e+000 9.999990e-003 -1.623684e-002 3.910236e-001 -8.118419e-003 9.488536e-001
   26 -3.740000e+000 3.060626e+000 9.999990e-003 7.224557e-003 -3.314328e-001 3.612278e-003 9.488085e-001
   27 -3.730000e+000 3.070114e+000 9.999990e-003 -1.266139e-002 -1.896954e-002 -6.330695e-003 9.487813e-001
   28 -3.720000e+000 3.079601e+000 1.000023e-002 -1.379956e-002 4.195568e-001 -6.899781e-003 9.486490e-001
   29 -3.710000e+000 3.089088e+000 9.999752e-003 1.137442e-002 -5.039650e-001 5.687210e-003 9.486369e-001
   30 -3.700000e+000 3.098574e+000 9.999990e-003 -1.886273e-002 2.024596e-001 -9.431366e-003 9.485995e-001
   31 -3.690000e+000 3.108059e+000 9.999990e-003 -6.715167e-003 1.587192e-001 -3.357583e-003 9.484715e-001
   32 -3.680000e+000 3.117544e+000 9.999990e-003 2.807973e-003 -3.604977e-001 1.403986e-003 9.484520e-001
   33 -3.670000e+000 3.127028e+000 1.000023e-002 -1.882187e-002 3.419241e-001 -9.410934e-003 9.483719e-001
   34 -3.660000e+000 3.136511e+000 9.999752e-003 1.694047e-003 -3.289775e-001 8.470237e-004 9.482863e-001
   35 -3.650000e+000 3.145994e+000 1.000023e-002 -1.804411e-002 3.080387e-001 -9.022056e-003 9.482046e-001
   36 -3.640000e+000 3.155475e+000 9.999990e-003 4.386342e-004 -2.250123e-001 2.193171e-004 9.481165e-001
   37 -3.630000e+000 3.164956e+000 9.999990e-003 -1.306209e-002 1.275211e-001 -6.531046e-003 9.480534e-001
   38 -3.620000e+000 3.174436e+000 9.999990e-003 -5.410833e-003 -4.665287e-002 -2.705416e-003 9.479610e-001
   39 -3.610000e+000 3.183916e+000 9.999752e-003 -8.210002e-003 -1.917855e-001 -4.105001e-003 9.478930e-001
   40 -3.600000e+000 3.193394e+000 1.000023e-002 -1.971685e-002 3.742858e-001 -9.858425e-003 9.477533e-001
   41 -3.590000e+000 3.202871e+000 9.999990e-003 2.740814e-003 -3.890910e-001 1.370407e-003 9.476684e-001
   42 -3.580000e+000 3.212347e+000 9.999990e-003 -2.060462e-002 2.408576e-001 -1.030231e-002 9.475791e-001
   43 -3.570000e+000 3.221822e+000 9.999990e-003 -6.153180e-003 -9.750084e-002 -3.076590e-003 9.474453e-001
   44 -3.560000e+000 3.231296e+000 9.999990e-003 -1.200322e-002 -8.927359e-002 -6.001612e-003 9.473546e-001
   45 -3.550000e+000 3.240769e+000 9.999990e-003 -1.735963e-002 2.161759e-001 -8.679817e-003 9.472077e-001
   46 -3.540000e+000 3.250241e+000 9.999990e-003 -4.389091e-003 -2.985916e-001 -2.194545e-003 9.470990e-001
   47 -3.530000e+000 3.259711e+000 9.999990e-003 -2.230457e-002 2.629327e-001 -1.115228e-002 9.469655e-001
   48 -3.520000e+000 3.269180e+000 9.999990e-003 -6.528624e-003 -2.763006e-001 -3.264312e-003 9.468213e-001
   49 -3.510000e+000 3.278647e+000 9.999990e-003 -2.310665e-002 3.654314e-001 -1.155332e-002 9.466732e-001
   50 -3.500000e+000 3.288113e+000 9.999990e-003 -1.180783e-003 -4.701672e-001 -5.903916e-004 9.465517e-001
   51 -3.490000e+000 3.297578e+000 9.999990e-003 -2.939079e-002 3.231409e-001 -1.469539e-002 9.463989e-001
   52 -3.480000e+000 3.307041e+000 9.999990e-003 -1.000235e-002 -1.071385e-001 -5.001176e-003 9.462019e-001
   53 -3.470000e+000 3.316503e+000 9.999990e-003 -1.643066e-002 -1.330061e-001 -8.215329e-003 9.460698e-001
   54 -3.460000e+000 3.325962e+000 9.999990e-003 -2.441101e-002 1.623242e-001 -1.220551e-002 9.458656e-001
   55 -3.450000e+000 3.335420e+000 1.000023e-002 -1.467157e-002 -2.646192e-002 -7.335785e-003 9.456701e-001
   56 -3.440000e+000 3.344876e+000 9.999752e-003 -1.625932e-002 -9.545200e-002 -8.129661e-003 9.455155e-001
   57 -3.430000e+000 3.354330e+000 9.999990e-003 -2.198630e-002 -2.960295e-002 -1.099315e-002 9.453242e-001
   58 -3.420000e+000 3.363782e+000 9.999990e-003 -2.376248e-002 -3.754587e-002 -1.188124e-002 9.450955e-001
   59 -3.410000e+000 3.373232e+000 1.000023e-002 -2.601523e-002 1.929846e-001 -1.300761e-002 9.448466e-001
   60 -3.400000e+000 3.382679e+000 9.999990e-003 -1.443589e-002 -2.839291e-001 -7.217943e-003 9.446443e-001
   61 -3.390000e+000 3.392125e+000 9.999990e-003 -3.147162e-002 2.406237e-001 -1.573581e-002 9.444148e-001
   62 -3.380000e+000 3.401568e+000 9.999752e-003 -1.703421e-002 -2.150936e-001 -8.517104e-003 9.441723e-001
   63 -3.370000e+000 3.411008e+000 9.999990e-003 -2.993950e-002 -6.886122e-002 -1.496975e-002 9.439374e-001
   64 -3.360000e+000 3.420446e+000 1.000023e-002 -3.407117e-002 2.523150e-001 -1.703559e-002 9.436174e-001
   65 -3.350000e+000 3.429881e+000 9.999990e-003 -1.893193e-002 -2.521259e-001 -9.465964e-003 9.433523e-001
   66 -3.340000e+000 3.439313e+000 9.999990e-003 -3.405946e-002 5.437346e-002 -1.702973e-002 9.430874e-001
   67 -3.330000e+000 3.448742e+000 9.999990e-003 -3.079706e-002 3.463235e-002 -1.539853e-002 9.427631e-001
   68 -3.320000e+000 3.458169e+000 9.999990e-003 -2.871912e-002 -1.929031e-001 -1.435956e-002 9.424655e-001
   69 -3.310000e+000 3.467592e+000 9.999990e-003 -4.029330e-002 2.601415e-001 -2.014665e-002 9.421205e-001
   70 -3.300000e+000 3.477011e+000 9.999990e-003 -2.468482e-002 -3.708243e-001 -1.234241e-002 9.417956e-001
   71 -3.290000e+000 3.486427e+000 9.999990e-003 -4.693426e-002 2.694786e-001 -2.346713e-002 9.414375e-001
   72 -3.280000e+000 3.495840e+000 9.999990e-003 -3.076556e-002 -2.302517e-001 -1.538278e-002 9.410490e-001
   73 -3.270000e+000 3.505248e+000 9.999990e-003 -4.458065e-002 1.746898e-001 -2.229032e-002 9.406723e-001
   74 -3.260000e+000 3.514653e+000 9.999990e-003 -3.409927e-002 -2.300881e-001 -1.704963e-002 9.402789e-001
   75 -3.250000e+000 3.524054e+000 9.999990e-003 -4.790454e-002 3.040504e-002 -2.395227e-002 9.398689e-001
   76 -3.240000e+000 3.533450e+000 9.999990e-003 -4.608024e-002 1.084678e-001 -2.304012e-002 9.393989e-001
   77 -3.230000e+000 3.542842e+000 9.999990e-003 -3.957218e-002 -2.258573e-001 -1.978609e-002 9.389706e-001
   78 -3.220000e+000 3.552229e+000 9.999990e-003 -5.312360e-002 7.970396e-002 -2.656180e-002 9.385072e-001
   79 -3.210000e+000 3.561612e+000 9.999990e-003 -4.834137e-002 -9.295881e-002 -2.417069e-002 9.379998e-001
   80 -3.200000e+000 3.570989e+000 9.999990e-003 -5.391889e-002 5.371216e-002 -2.695945e-002 9.374886e-001
   81 -3.190000e+000 3.580362e+000 9.999990e-003 -5.069617e-002 -1.218899e-001 -2.534808e-002 9.369655e-001
   82 -3.180000e+000 3.589729e+000 9.999990e-003 -5.800956e-002 -4.299095e-002 -2.900478e-002 9.364219e-001
   83 -3.170000e+000 3.599090e+000 9.999990e-003 -6.058901e-002 5.543417e-002 -3.029451e-002 9.358290e-001
   84 -3.160000e+000 3.608445e+000 9.999990e-003 -5.726296e-002 -1.787454e-001 -2.863148e-002 9.352397e-001
   85 -3.150000e+000 3.617795e+000 1.000023e-002 -6.798768e-002 1.984462e-001 -3.399384e-002 9.346135e-001
   86 -3.140000e+000 3.627138e+000 9.999752e-003 -5.608064e-002 -4.238762e-001 -2.804032e-002 9.339931e-001
   87 -3.130000e+000 3.636474e+000 1.000023e-002 -8.151258e-002 3.681994e-001 -4.075629e-002 9.333051e-001
   88 -3.120000e+000 3.645804e+000 9.999990e-003 -5.942011e-002 -3.814252e-001 -2.971005e-002 9.326004e-001
   89 -3.110000e+000 3.655126e+000 9.999990e-003 -8.230560e-002 2.197261e-001 -4.115280e-002 9.318919e-001
   90 -3.100000e+000 3.664441e+000 9.999990e-003 -6.912204e-002 -2.590600e-001 -3.456102e-002 9.311347e-001
   91 -3.090000e+000 3.673749e+000 9.999990e-003 -8.466563e-002 1.012560e-001 -4.233281e-002 9.303657e-001
   92 -3.080000e+000 3.683048e+000 9.999990e-003 -7.859027e-002 -1.459643e-001 -3.929514e-002 9.295495e-001
   93 -3.070000e+000 3.692340e+000 9.999990e-003 -8.734813e-002 5.762781e-003 -4.367406e-002 9.287198e-001
   94 -3.060000e+000 3.701623e+000 9.999990e-003 -8.700236e-002 -1.155061e-001 -4.350118e-002 9.278480e-001
   95 -3.050000e+000 3.710897e+000 9.999990e-003 -9.393272e-002 -2.057629e-002 -4.696636e-002 9.269434e-001
   96 -3.040000e+000 3.720161e+000 9.999990e-003 -9.516729e-002 -4.060831e-002 -4.758365e-002 9.259979e-001
   97 -3.030000e+000 3.729417e+000 9.999990e-003 -9.760379e-002 -5.540977e-002 -4.880190e-002 9.250340e-001
   98 -3.020000e+000 3.738662e+000 9.999990e-003 -1.009284e-001 -2.145918e-001 -5.046419e-002 9.240413e-001
   99 -3.010000e+000 3.747897e+000 9.999990e-003 -1.138039e-001 1.985209e-001 -5.690194e-002 9.229677e-001
  100 -3.000000e+000 3.757121e+000 9.999990e-003 -1.018926e-001 -3.410728e-001 -5.094631e-002 9.218892e-001
  101 -2.990000e+000 3.766335e+000 1.000023e-002 -1.223570e-001 2.312582e-001 -6.117849e-002 9.207680e-001
  102 -2.980000e+000 3.775537e+000 9.999752e-003 -1.084812e-001 -4.030838e-001 -5.424058e-002 9.196137e-001
  103 -2.970000e+000 3.784727e+000 9.999990e-003 -1.326656e-001 2.464327e-001 -6.633279e-002 9.184080e-001
  104 -2.960000e+000 3.793905e+000 9.999752e-003 -1.178796e-001 -3.834536e-001 -5.893982e-002 9.171553e-001
  105 -2.950000e+000 3.803070e+000 1.000047e-002 -1.408863e-001 1.758096e-001 -7.044315e-002 9.158615e-001
  106 -2.940000e+000 3.812222e+000 9.999990e-003 -1.303372e-001 -1.820556e-001 -6.516861e-002 9.145054e-001
  107 -2.930000e+000 3.821360e+000 9.999752e-003 -1.412605e-001 -1.437779e-001 -7.063027e-002 9.131473e-001
  108 -2.920000e+000 3.830484e+000 1.000023e-002 -1.498870e-001 1.050548e-001 -7.494351e-002 9.116917e-001
  109 -2.910000e+000 3.839594e+000 9.999752e-003 -1.435836e-001 -3.613937e-001 -7.179179e-002 9.102243e-001
  110 -2.900000e+000 3.848688e+000 1.000023e-002 -1.652667e-001 2.347530e-001 -8.263333e-002 9.086800e-001
  111 -2.890000e+000 3.857767e+000 9.999990e-003 -1.511812e-001 -4.045600e-001 -7.559058e-002 9.070978e-001
  112 -2.880000e+000 3.866830e+000 9.999990e-003 -1.754547e-001 2.131633e-001 -8.772737e-002 9.054646e-001
  113 -2.870000e+000 3.875876e+000 9.999752e-003 -1.626649e-001 -4.714574e-001 -8.133247e-002 9.037740e-001
  114 -2.860000e+000 3.884905e+000 1.000023e-002 -1.909517e-001 3.121851e-001 -9.547585e-002 9.020060e-001
  115 -2.850000e+000 3.893916e+000 9.999990e-003 -1.722202e-001 -3.705905e-001 -8.611008e-002 9.001901e-001
  116 -2.840000e+000 3.902909e+000 9.999752e-003 -1.944556e-001 -2.325583e-002 -9.722778e-002 8.983567e-001
  117 -2.830000e+000 3.911883e+000 9.999990e-003 -1.958509e-001 -2.027136e-001 -9.792544e-002 8.964052e-001
  118 -2.820000e+000 3.920837e+000 1.000023e-002 -2.080137e-001 1.202879e-001 -1.040068e-001 8.943859e-001
  119 -2.810000e+000 3.929771e+000 9.999990e-003 -2.007962e-001 -3.293058e-001 -1.003981e-001 8.923418e-001
  120 -2.800000e+000 3.938684e+000 9.999990e-003 -2.205546e-001 3.002040e-002 -1.102773e-001 8.902350e-001
  121 -2.790000e+000 3.947575e+000 9.999990e-003 -2.187534e-001 -2.676139e-001 -1.093767e-001 8.880385e-001
  122 -2.780000e+000 3.956444e+000 9.999990e-003 -2.348102e-001 8.675812e-002 -1.174051e-001 8.857707e-001
  123 -2.770000e+000 3.965290e+000 9.999990e-003 -2.296047e-001 -3.178371e-001 -1.148023e-001 8.834486e-001
  124 -2.760000e+000 3.974113e+000 9.999990e-003 -2.486749e-001 -7.507957e-003 -1.243374e-001 8.810572e-001
  125 -2.750000e+000 3.982911e+000 9.999990e-003 -2.491254e-001 -1.289684e-001 -1.245627e-001 8.785682e-001
  126 -2.740000e+000 3.991684e+000 9.999990e-003 -2.568635e-001 -1.918775e-001 -1.284317e-001 8.760383e-001
  127 -2.730000e+000 4.000432e+000 9.999990e-003 -2.683761e-001 -2.956165e-001 -1.341881e-001 8.734121e-001
  128 -2.720000e+000 4.009152e+000 1.000023e-002 -2.861131e-001 4.521579e-001 -1.430565e-001 8.706396e-001
  129 -2.710000e+000 4.017845e+000 9.999752e-003 -2.589830e-001 -8.923300e-001 -1.294915e-001 8.679141e-001
  130 -2.700000e+000 4.026510e+000 9.999990e-003 -3.125215e-001 5.889297e-001 -1.562607e-001 8.650566e-001
  131 -2.690000e+000 4.035145e+000 9.999990e-003 -2.771857e-001 -7.796230e-001 -1.385929e-001 8.621081e-001
  132 -2.680000e+000 4.043752e+000 9.999990e-003 -3.239630e-001 1.453699e-001 -1.619815e-001 8.591024e-001
  133 -2.670000e+000 4.052327e+000 1.000023e-002 -3.152409e-001 -5.167604e-003 -1.576204e-001 8.559064e-001
  134 -2.660000e+000 4.060870e+000 9.999752e-003 -3.155509e-001 -4.684743e-001 -1.577755e-001 8.527523e-001
  135 -2.650000e+000 4.069381e+000 1.000023e-002 -3.436587e-001 1.137037e-001 -1.718293e-001 8.494564e-001
  136 -2.640000e+000 4.077859e+000 9.999990e-003 -3.368363e-001 -3.324795e-001 -1.684182e-001 8.460538e-001
  137 -2.630000e+000 4.086302e+000 9.999990e-003 -3.567851e-001 6.000952e-002 -1.783925e-001 8.425857e-001
  138 -2.620000e+000 4.094710e+000 9.999990e-003 -3.531845e-001 -3.843952e-001 -1.765922e-001 8.390359e-001
  139 -2.610000e+000 4.103083e+000 9.999752e-003 -3.762482e-001 -2.315261e-001 -1.881241e-001 8.353887e-001
  140 -2.600000e+000 4.111417e+000 1.000023e-002 -3.901394e-001 2.388502e-001 -1.950697e-001 8.315569e-001
  141 -2.590000e+000 4.119714e+000 9.999990e-003 -3.758081e-001 -6.059657e-001 -1.879040e-001 8.277270e-001
  142 -2.580000e+000 4.127972e+000 9.999990e-003 -4.121660e-001 7.939594e-002 -2.060830e-001 8.237872e-001
  143 -2.570000e+000 4.136189e+000 9.999990e-003 -4.074022e-001 -1.884562e-001 -2.037011e-001 8.196893e-001
  144 -2.560000e+000 4.144365e+000 9.999990e-003 -4.187096e-001 -2.792490e-001 -2.093548e-001 8.155587e-001
  145 -2.550000e+000 4.152500e+000 9.999990e-003 -4.354645e-001 -1.250631e-001 -2.177323e-001 8.112879e-001
  146 -2.540000e+000 4.160591e+000 9.999990e-003 -4.429683e-001 -1.741793e-001 -2.214841e-001 8.068957e-001
  147 -2.530000e+000 4.168637e+000 9.999990e-003 -4.534190e-001 -1.318948e-001 -2.267095e-001 8.024138e-001
  148 -2.520000e+000 4.176639e+000 9.999990e-003 -4.613327e-001 -2.519158e-001 -2.306664e-001 7.978401e-001
  149 -2.510000e+000 4.184594e+000 9.999990e-003 -4.764476e-001 -2.909603e-001 -2.382238e-001 7.931511e-001
  150 -2.500000e+000 4.192501e+000 9.999990e-003 -4.939052e-001 -1.475465e-002 -2.469526e-001 7.882994e-001
  151 -2.490000e+000 4.200359e+000 9.999990e-003 -4.947905e-001 -1.268602e-001 -2.473953e-001 7.833559e-001
  152 -2.480000e+000 4.208168e+000 9.999990e-003 -5.024021e-001 -4.314834e-001 -2.512011e-001 7.783700e-001
  153 -2.470000e+000 4.215926e+000 9.999990e-003 -5.282911e-001 -5.456115e-002 -2.641456e-001 7.732165e-001
  154 -2.460000e+000 4.223632e+000 9.999990e-003 -5.315648e-001 -3.039492e-001 -2.657824e-001 7.679172e-001
  155 -2.450000e+000 4.231284e+000 1.000023e-002 -5.498017e-001 1.361836e-001 -2.749009e-001 7.625104e-001
  156 -2.440000e+000 4.238882e+000 9.999752e-003 -5.416305e-001 -6.530288e-001 -2.708153e-001 7.570531e-001
  157 -2.430000e+000 4.246425e+000 9.999990e-003 -5.808113e-001 2.703570e-002 -2.904056e-001 7.514411e-001
  158 -2.420000e+000 4.253910e+000 9.999990e-003 -5.791891e-001 -2.282999e-001 -2.895946e-001 7.456411e-001
  159 -2.410000e+000 4.261337e+000 1.000023e-002 -5.928871e-001 -2.424582e-001 -2.964436e-001 7.397807e-001
  160 -2.400000e+000 4.268705e+000 9.999752e-003 -6.074349e-001 -1.843756e-001 -3.037175e-001 7.337789e-001
  161 -2.390000e+000 4.276012e+000 1.000023e-002 -6.184972e-001 -1.937136e-001 -3.092486e-001 7.276494e-001
  162 -2.380000e+000 4.283258e+000 9.999752e-003 -6.301203e-001 -2.571845e-001 -3.150601e-001 7.214062e-001
  163 -2.370000e+000 4.290440e+000 9.999990e-003 -6.455510e-001 -2.472234e-001 -3.227755e-001 7.150280e-001
  164 -2.360000e+000 4.297558e+000 1.000023e-002 -6.603844e-001 -1.797734e-001 -3.301922e-001 7.084983e-001
  165 -2.350000e+000 4.304610e+000 9.999990e-003 -6.711710e-001 -1.279186e-001 -3.355855e-001 7.018404e-001
  166 -2.340000e+000 4.311594e+000 9.999990e-003 -6.788461e-001 -4.311496e-001 -3.394231e-001 6.950903e-001
  167 -2.330000e+000 4.318511e+000 9.999990e-003 -7.047151e-001 -5.483732e-002 -3.523575e-001 6.881725e-001
  168 -2.320000e+000 4.325357e+000 9.999990e-003 -7.080053e-001 -3.031793e-001 -3.540027e-001 6.811089e-001
  169 -2.310000e+000 4.332133e+000 9.999990e-003 -7.261961e-001 -1.629573e-001 -3.630980e-001 6.739379e-001
  170 -2.300000e+000 4.338836e+000 9.999990e-003 -7.359735e-001 -4.755074e-001 -3.679867e-001 6.666270e-001
  171 -2.290000e+000 4.345465e+000 9.999990e-003 -7.645039e-001 1.576276e-001 -3.822519e-001 6.591247e-001
  172 -2.280000e+000 4.352018e+000 9.999990e-003 -7.550462e-001 -6.318396e-001 -3.775231e-001 6.515269e-001
  173 -2.270000e+000 4.358495e+000 9.999990e-003 -7.929566e-001 -1.445911e-002 -3.964783e-001 6.437869e-001
  174 -2.260000e+000 4.364893e+000 9.999990e-003 -7.938241e-001 -2.640031e-001 -3.969121e-001 6.358531e-001
  175 -2.250000e+000 4.371212e+000 9.999990e-003 -8.096643e-001 -3.600402e-001 -4.048322e-001 6.278356e-001
  176 -2.240000e+000 4.377449e+000 9.999990e-003 -8.312667e-001 -2.031904e-001 -4.156334e-001 6.196309e-001
  177 -2.230000e+000 4.383604e+000 9.999990e-003 -8.434581e-001 -2.577158e-001 -4.217291e-001 6.112573e-001
  178 -2.220000e+000 4.389674e+000 9.999990e-003 -8.589211e-001 -1.964591e-001 -4.294605e-001 6.027455e-001
  179 -2.210000e+000 4.395658e+000 9.999990e-003 -8.707086e-001 -3.869637e-001 -4.353543e-001 5.940973e-001
  180 -2.200000e+000 4.401555e+000 9.999990e-003 -8.939264e-001 -1.630487e-001 -4.469632e-001 5.852742e-001
  181 -2.190000e+000 4.407363e+000 9.999990e-003 -9.037093e-001 -3.913496e-001 -4.518546e-001 5.762860e-001
  182 -2.180000e+000 4.413080e+000 9.999990e-003 -9.271902e-001 -1.789065e-001 -4.635951e-001 5.671315e-001
  183 -2.170000e+000 4.418705e+000 9.999990e-003 -9.379246e-001 -3.235383e-001 -4.689623e-001 5.578059e-001
  184 -2.160000e+000 4.424236e+000 9.999990e-003 -9.573369e-001 -4.342997e-001 -4.786685e-001 5.483296e-001
  185 -2.150000e+000 4.429671e+000 1.000023e-002 -9.833949e-001 2.730426e-002 -4.916974e-001 5.386260e-001
  186 -2.140000e+000 4.435008e+000 9.999752e-003 -9.817566e-001 -7.272543e-001 -4.908783e-001 5.288000e-001
  187 -2.130000e+000 4.440246e+000 1.000023e-002 -1.025391e+000 -2.000683e-003 -5.126954e-001 5.187645e-001
  188 -2.120000e+000 4.445383e+000 9.999990e-003 -1.025511e+000 -3.242615e-001 -5.127554e-001 5.085098e-001
  189 -2.110000e+000 4.450416e+000 9.999752e-003 -1.044966e+000 -6.157531e-001 -5.224832e-001 4.981574e-001
  190 -2.100000e+000 4.455345e+000 1.000023e-002 -1.081911e+000 5.433236e-002 -5.409554e-001 4.875233e-001
  191 -2.090000e+000 4.460166e+000 9.999990e-003 -1.078651e+000 -6.834414e-001 -5.393254e-001 4.767202e-001
  192 -2.080000e+000 4.464879e+000 9.999990e-003 -1.119657e+000 -2.978387e-001 -5.598286e-001 4.657287e-001
  193 -2.070000e+000 4.469480e+000 9.999990e-003 -1.137527e+000 -3.255013e-002 -5.687637e-001 4.544428e-001
  194 -2.060000e+000 4.473967e+000 9.999990e-003 -1.139480e+000 -1.002483e+000 -5.697402e-001 4.430577e-001
  195 -2.050000e+000 4.478340e+000 9.999990e-003 -1.199629e+000 2.277833e-001 -5.998147e-001 4.313622e-001
  196 -2.040000e+000 4.482594e+000 9.999990e-003 -1.185962e+000 -8.623290e-001 -5.929812e-001 4.194342e-001
  197 -2.030000e+000 4.486728e+000 9.999990e-003 -1.237702e+000 -1.163325e-001 -6.188511e-001 4.073159e-001
  198 -2.020000e+000 4.490739e+000 9.999990e-003 -1.244682e+000 -5.797014e-001 -6.223410e-001 3.949040e-001
  199 -2.010000e+000 4.494625e+000 9.999990e-003 -1.279464e+000 -4.258935e-001 -6.397321e-001 3.822833e-001
  200 -2.000000e+000 4.498384e+000 9.999990e-003 -1.305018e+000 -5.777504e-001 -6.525089e-001 3.693609e-001
  201 -1.990000e+000 4.502011e+000 1.000023e-002 -1.339683e+000 -2.058439e-001 -6.698413e-001 3.561374e-001
  202 -1.980000e+000 4.505506e+000 9.999633e-003 -1.352034e+000 -6.987828e-001 -6.760168e-001 3.426785e-001
  203 -1.970000e+000 4.508864e+000 1.000011e-002 -1.393959e+000 -6.996714e-001 -6.969795e-001 3.289491e-001
  204 -1.960000e+000 4.512083e+000 9.999871e-003 -1.435940e+000 -8.209056e-002 -7.179699e-001 3.147994e-001
  205 -1.950000e+000 4.515159e+000 1.000035e-002 -1.440865e+000 -1.094045e+000 -7.204326e-001 3.004156e-001
  206 -1.940000e+000 4.518090e+000 9.999990e-003 -1.506510e+000 -6.274984e-002 -7.532551e-001 2.856782e-001
  207 -1.930000e+000 4.520872e+000 9.999633e-003 -1.510275e+000 -1.055319e+000 -7.551376e-001 2.705943e-001
  208 -1.920000e+000 4.523501e+000 1.000023e-002 -1.573592e+000 -2.528530e-001 -7.867960e-001 2.551755e-001
  209 -1.910000e+000 4.525974e+000 9.999871e-003 -1.588763e+000 -1.029813e+000 -7.943817e-001 2.393634e-001
  210 -1.900000e+000 4.528287e+000 1.000023e-002 -1.650551e+000 -5.615722e-001 -8.252757e-001 2.231670e-001
  211 -1.890000e+000 4.530436e+000 9.999990e-003 -1.684247e+000 -4.075451e-001 -8.421233e-001 2.064926e-001
  212 -1.880000e+000 4.532416e+000 9.999871e-003 -1.708699e+000 -1.178808e+000 -8.543496e-001 1.895279e-001
  213 -1.870000e+000 4.534225e+000 9.999871e-003 -1.779427e+000 -6.241164e-001 -8.897134e-001 1.720875e-001
  214 -1.860000e+000 4.535856e+000 1.000023e-002 -1.816873e+000 -6.649640e-001 -9.084367e-001 1.541063e-001
  215 -1.850000e+000 4.537305e+000 9.999990e-003 -1.856772e+000 -9.178667e-001 -9.283860e-001 1.357376e-001
  216 -1.840000e+000 4.538569e+000 9.999752e-003 -1.911844e+000 -9.222975e-001 -9.559220e-001 1.168945e-001
  217 -1.830000e+000 4.539641e+000 1.000011e-002 -1.967180e+000 -6.986462e-001 -9.835902e-001 9.749990e-002
  218 -1.820000e+000 4.540517e+000 1.000011e-002 -2.009100e+000 -1.009545e+000 -1.004550e+000 7.761829e-002
  219 -1.810000e+000 4.541192e+000 9.999871e-003 -2.069673e+000 -9.763724e-001 -1.034837e+000 5.722420e-002
  220 -1.800000e+000 4.541660e+000 9.999990e-003 -2.128255e+000 -8.275199e-001 -1.064127e+000 3.623483e-002
  221 -1.790000e+000 4.541915e+000 1.000011e-002 -2.177906e+000 -9.510532e-001 -1.088953e+000 1.470404e-002
  222 -1.780000e+000 4.541952e+000 1.000011e-002 -2.234970e+000 -1.085810e+000 -1.117485e+000 -7.360574e-003
  223 -1.770000e+000 4.541766e+000 9.999871e-003 -2.300119e+000 -9.171008e-001 -1.150059e+000 -3.003627e-002
  224 -1.760000e+000 4.541349e+000 9.999871e-003 -2.355144e+000 -9.662911e-001 -1.177572e+000 -5.331228e-002
  225 -1.750000e+000 4.540698e+000 1.000011e-002 -2.413121e+000 -9.157954e-001 -1.206560e+000 -7.715330e-002
  226 -1.740000e+000 4.539804e+000 9.999990e-003 -2.468069e+000 -1.120167e+000 -1.234035e+000 -1.015595e-001
  227 -1.730000e+000 4.538664e+000 1.000011e-002 -2.535279e+000 -7.751340e-001 -1.267640e+000 -1.265762e-001
  228 -1.720000e+000 4.537271e+000 9.999990e-003 -2.581788e+000 -1.057666e+000 -1.290894e+000 -1.521619e-001
  229 -1.710000e+000 4.535619e+000 9.999871e-003 -2.645248e+000 -7.256204e-001 -1.322624e+000 -1.782970e-001
  230 -1.700000e+000 4.533703e+000 9.999990e-003 -2.688784e+000 -7.626183e-001 -1.344392e+000 -2.049668e-001
  231 -1.690000e+000 4.531518e+000 9.999990e-003 -2.734541e+000 -1.013538e+000 -1.367271e+000 -2.320834e-001
  232 -1.680000e+000 4.529060e+000 9.999990e-003 -2.795354e+000 -4.284465e-001 -1.397677e+000 -2.597329e-001
  233 -1.670000e+000 4.526322e+000 1.000011e-002 -2.821060e+000 -5.728500e-001 -1.410530e+000 -2.878149e-001
  234 -1.660000e+000 4.523303e+000 9.999990e-003 -2.855432e+000 -6.899880e-001 -1.427716e+000 -3.161977e-001
  235 -1.650000e+000 4.519997e+000 9.999990e-003 -2.896831e+000 2.924604e-002 -1.448416e+000 -3.449590e-001
  236 -1.640000e+000 4.516403e+000 9.999990e-003 -2.895076e+000 -3.806754e-001 -1.447538e+000 -3.739185e-001
  237 -1.630000e+000 4.512518e+000 9.999990e-003 -2.917917e+000 6.295051e-002 -1.458958e+000 -4.029834e-001
  238 -1.620000e+000 4.508343e+000 9.999990e-003 -2.914140e+000 1.288773e-001 -1.457070e+000 -4.321437e-001
  239 -1.610000e+000 4.503876e+000 9.999871e-003 -2.906407e+000 3.167590e-001 -1.453204e+000 -4.612464e-001
  240 -1.600000e+000 4.499118e+000 1.000011e-002 -2.887402e+000 6.867651e-001 -1.443701e+000 -4.902151e-001
  241 -1.590000e+000 4.494072e+000 9.999990e-003 -2.846195e+000 5.755430e-001 -1.423098e+000 -5.188833e-001
  242 -1.580000e+000 4.488742e+000 1.000011e-002 -2.811663e+000 1.429554e+000 -1.405831e+000 -5.471726e-001
  243 -1.570000e+000 4.483131e+000 9.999990e-003 -2.725889e+000 7.249879e-001 -1.362944e+000 -5.748607e-001
  244 -1.560000e+000 4.477247e+000 9.999990e-003 -2.682389e+000 1.934622e+000 -1.341195e+000 -6.019021e-001
  245 -1.550000e+000 4.471096e+000 9.999990e-003 -2.566312e+000 1.550132e+000 -1.283156e+000 -6.281455e-001
  246 -1.540000e+000 4.464687e+000 9.999990e-003 -2.473305e+000 1.878486e+000 -1.236652e+000 -6.533436e-001
  247 -1.530000e+000 4.458032e+000 9.999990e-003 -2.360595e+000 2.380024e+000 -1.180298e+000 -6.775131e-001
  248 -1.520000e+000 4.451141e+000 9.999871e-003 -2.217794e+000 2.343677e+000 -1.108897e+000 -7.004050e-001
  249 -1.510000e+000 4.444029e+000 1.000011e-002 -2.077175e+000 2.808580e+000 -1.038588e+000 -7.218795e-001
  250 -1.500000e+000 4.436709e+000 9.999990e-003 -1.908659e+000 2.376328e+000 -9.543294e-001 -7.418090e-001
  251 -1.490000e+000 4.429198e+000 9.999990e-003 -1.766079e+000 3.507836e+000 -8.830396e-001 -7.601826e-001
  252 -1.480000e+000 4.421511e+000 1.000011e-002 -1.555609e+000 2.760223e+000 -7.778046e-001 -7.767910e-001
  253 -1.470000e+000 4.413668e+000 9.999990e-003 -1.389994e+000 3.383980e+000 -6.949970e-001 -7.915192e-001
  254 -1.460000e+000 4.405687e+000 9.999990e-003 -1.186955e+000 3.346851e+000 -5.934777e-001 -8.044040e-001
  255 -1.450000e+000 4.397587e+000 9.999990e-003 -9.861446e-001 3.255830e+000 -4.930723e-001 -8.152695e-001
  256 -1.440000e+000 4.389388e+000 9.999871e-003 -7.907950e-001 3.557984e+000 -3.953975e-001 -8.241541e-001
  257 -1.430000e+000 4.381111e+000 9.999990e-003 -5.773187e-001 3.213855e+000 -2.886593e-001 -8.309946e-001
  258 -1.420000e+000 4.372775e+000 9.999990e-003 -3.844876e-001 3.515566e+000 -1.922438e-001 -8.358036e-001
  259 -1.410000e+000 4.364401e+000 1.000011e-002 -1.735538e-001 3.327996e+000 -8.677691e-002 -8.385938e-001
  260 -1.400000e+000 4.356010e+000 9.999990e-003 2.612811e-002 2.999406e+000 1.306406e-002 -8.393310e-001
  261 -1.390000e+000 4.347621e+000 9.999990e-003 2.060923e-001 3.371049e+000 1.030462e-001 -8.381699e-001
  262 -1.380000e+000 4.339253e+000 9.999990e-003 4.083551e-001 2.589937e+000 2.041775e-001 -8.350977e-001
  263 -1.370000e+000 4.330925e+000 9.999990e-003 5.637512e-001 2.958554e+000 2.818756e-001 -8.302372e-001
  264 -1.360000e+000 4.322654e+000 9.999990e-003 7.412642e-001 2.265193e+000 3.706321e-001 -8.237121e-001
  265 -1.350000e+000 4.314456e+000 9.999990e-003 8.771757e-001 2.285830e+000 4.385878e-001 -8.156199e-001
  266 -1.340000e+000 4.306346e+000 9.999990e-003 1.014325e+000 1.466123e+000 5.071627e-001 -8.061624e-001
  267 -1.330000e+000 4.298337e+000 1.000011e-002 1.102293e+000 1.479927e+000 5.511463e-001 -7.955793e-001
  268 -1.320000e+000 4.290437e+000 9.999990e-003 1.191089e+000 5.320078e-001 5.955446e-001 -7.841123e-001
  269 -1.310000e+000 4.282656e+000 9.999871e-003 1.223010e+000 2.110151e-001 6.115049e-001 -7.720418e-001
  270 -1.300000e+000 4.274997e+000 1.000011e-002 1.235670e+000 -1.104325e+000 6.178352e-001 -7.597485e-001
  271 -1.290000e+000 4.267460e+000 9.999990e-003 1.169410e+000 -1.310584e+000 5.847051e-001 -7.477230e-001
  272 -1.280000e+000 4.260040e+000 9.999990e-003 1.090775e+000 -3.099547e+000 5.453876e-001 -7.364221e-001
  273 -1.270000e+000 4.252728e+000 9.999990e-003 9.048026e-001 -3.934249e+000 4.524013e-001 -7.264442e-001
  274 -1.260000e+000 4.245504e+000 9.999990e-003 6.687479e-001 -5.005388e+000 3.343740e-001 -7.185764e-001
  275 -1.250000e+000 4.238347e+000 9.999990e-003 3.684249e-001 -7.038702e+000 1.842125e-001 -7.133906e-001
  276 -1.240000e+000 4.231225e+000 1.000011e-002 -5.389679e-002 -7.762721e+000 -2.694840e-002 -7.118180e-001
  277 -1.230000e+000 4.224096e+000 9.999871e-003 -5.196651e-001 -9.849937e+000 -2.598326e-001 -7.146858e-001
  278 -1.220000e+000 4.216913e+000 9.999990e-003 -1.110654e+000 -1.123315e+001 -5.553269e-001 -7.228373e-001
  279 -1.210000e+000 4.209618e+000 9.999990e-003 -1.784642e+000 -1.206006e+001 -8.923210e-001 -7.373137e-001
  280 -1.200000e+000 4.202144e+000 9.999990e-003 -2.508245e+000 -1.395975e+001 -1.254122e+000 -7.587782e-001
  281 -1.190000e+000 4.194417e+000 9.999990e-003 -3.345829e+000 -1.411718e+001 -1.672915e+000 -7.880485e-001
  282 -1.180000e+000 4.186355e+000 1.000011e-002 -4.192859e+000 -1.529843e+001 -2.096430e+000 -8.257419e-001
  283 -1.170000e+000 4.177872e+000 9.999990e-003 -5.110775e+000 -1.453614e+001 -2.555387e+000 -8.722606e-001
  284 -1.160000e+000 4.168880e+000 9.999990e-003 -5.982943e+000 -1.467362e+001 -2.991471e+000 -9.277291e-001
  285 -1.150000e+000 4.159288e+000 9.999990e-003 -6.863359e+000 -1.260033e+001 -3.431679e+000 -9.919606e-001
  286 -1.140000e+000 4.149013e+000 9.999990e-003 -7.619378e+000 -1.121924e+001 -3.809689e+000 -1.064374e+000
  287 -1.130000e+000 4.137977e+000 9.999990e-003 -8.292532e+000 -7.372720e+000 -4.146266e+000 -1.143934e+000
  288 -1.120000e+000 4.126116e+000 9.999990e-003 -8.734895e+000 -4.589530e+000 -4.367447e+000 -1.229071e+000
  289 -1.110000e+000 4.113384e+000 9.999990e-003 -9.010266e+000 1.411996e+000 -4.505133e+000 -1.317796e+000
  290 -1.100000e+000 4.099757e+000 9.999990e-003 -8.925547e+000 6.094096e+000 -4.462773e+000 -1.407475e+000
  291 -1.090000e+000 4.085242e+000 1.000011e-002 -8.559901e+000 1.254675e+001 -4.279951e+000 -1.494903e+000
  292 -1.080000e+000 4.069877e+000 9.999871e-003 -7.807088e+000 1.992624e+001 -3.903544e+000 -1.576738e+000
  293 -1.070000e+000 4.053740e+000 1.000011e-002 -6.611529e+000 2.534143e+001 -3.305764e+000 -1.648831e+000
  294 -1.060000e+000 4.036946e+000 9.999871e-003 -5.091026e+000 3.335913e+001 -2.545513e+000 -1.707344e+000
  295 -1.050000e+000 4.019651e+000 1.000011e-002 -3.089504e+000 3.754749e+001 -1.544752e+000 -1.748246e+000
  296 -1.040000e+000 4.002052e+000 9.999990e-003 -8.366306e-001 4.137019e+001 -4.183153e-001 -1.767877e+000
  297 -1.030000e+000 3.984373e+000 9.999990e-003 1.645578e+000 4.275201e+001 8.227892e-001 -1.763832e+000
  298 -1.020000e+000 3.966859e+000 9.999990e-003 4.210696e+000 4.058463e+001 2.105348e+000 -1.734551e+000
  299 -1.010000e+000 3.949765e+000 9.999990e-003 6.645772e+000 3.452086e+001 3.322886e+000 -1.680269e+000
  300 -1.000000e+000 3.933329e+000 9.999990e-003 8.717021e+000 2.541881e+001 4.358510e+000 -1.603455e+000
  301 -9.900000e-001 3.917756e+000 1.000023e-002 1.024215e+001 1.171988e+001 5.121074e+000 -1.508659e+000
  302 -9.799998e-001 3.903193e+000 9.999692e-003 1.094536e+001 -3.523140e+000 5.472679e+000 -1.402719e+000
  303 -9.700001e-001 3.889710e+000 1.000005e-002 1.073398e+001 -2.238092e+001 5.366988e+000 -1.294326e+000
  304 -9.600000e-001 3.877281e+000 9.999871e-003 9.391113e+000 -3.854348e+001 4.695557e+000 -1.193700e+000
  305 -9.500002e-001 3.865775e+000 1.000029e-002 7.078534e+000 -5.452443e+001 3.539267e+000 -1.111353e+000
  306 -9.399999e-001 3.854960e+000 1.000005e-002 3.806974e+000 -6.594164e+001 1.903487e+000 -1.056924e+000
  307 -9.299998e-001 3.844516e+000 9.999692e-003 -1.495442e-001 -7.187067e+001 -7.477210e-002 -1.038636e+000
  308 -9.200001e-001 3.834050e+000 1.000023e-002 -4.461652e+000 -7.120911e+001 -2.230826e+000 -1.061692e+000
  309 -9.099999e-001 3.823139e+000 9.999812e-003 -8.734296e+000 -6.276071e+001 -4.367148e+000 -1.127673e+000
  310 -9.000001e-001 3.811363e+000 1.000023e-002 -1.249987e+001 -4.892431e+001 -6.249934e+000 -1.233842e+000
  311 -8.899999e-001 3.798350e+000 9.999931e-003 -1.543539e+001 -2.569199e+001 -7.717697e+000 -1.373521e+000
  312 -8.799999e-001 3.783818e+000 9.999931e-003 -1.697690e+001 1.137932e+000 -8.488451e+000 -1.535581e+000
  313 -8.700000e-001 3.767614e+000 9.999931e-003 -1.690863e+001 3.115396e+001 -8.454313e+000 -1.705008e+000
  314 -8.600001e-001 3.749750e+000 1.000023e-002 -1.503940e+001 6.009645e+001 -7.519701e+000 -1.864747e+000
  315 -8.499998e-001 3.730410e+000 9.999931e-003 -1.143353e+001 8.803353e+001 -5.716766e+000 -1.997115e+000
  316 -8.399999e-001 3.709955e+000 9.999812e-003 -6.151557e+000 1.047368e+002 -3.075779e+000 -2.085039e+000
  317 -8.300001e-001 3.688903e+000 1.000005e-002 1.325308e-001 1.079547e+002 6.626541e-002 -2.115134e+000
  318 -8.200001e-001 3.667866e+000 1.000017e-002 6.609843e+000 9.498404e+001 3.304922e+000 -2.081422e+000
  319 -8.099999e-001 3.647477e+000 9.999812e-003 1.230898e+001 6.620801e+001 6.154491e+000 -1.986826e+000
  320 -8.000001e-001 3.628290e+000 1.000005e-002 1.628139e+001 1.757355e+001 8.140694e+000 -1.843877e+000
  321 -7.900000e-001 3.610683e+000 1.000005e-002 1.733581e+001 -3.398052e+001 8.667903e+000 -1.675790e+000
  322 -7.800000e-001 3.594758e+000 1.000005e-002 1.529696e+001 -8.358903e+001 7.648482e+000 -1.512626e+000
  323 -7.699999e-001 3.580313e+000 9.999931e-003 1.028160e+001 -1.215249e+002 5.140799e+000 -1.384732e+000
  324 -7.600000e-001 3.566858e+000 9.999871e-003 2.990152e+000 -1.373743e+002 1.495076e+000 -1.318374e+000
  325 -7.500001e-001 3.553687e+000 1.000017e-002 -5.252202e+000 -1.243440e+002 -2.626101e+000 -1.329684e+000
  326 -7.399999e-001 3.540003e+000 9.999931e-003 -1.271297e+001 -8.719708e+001 -6.356484e+000 -1.419511e+000
  327 -7.300000e-001 3.525085e+000 1.000005e-002 -1.794476e+001 -3.227536e+001 -8.972379e+000 -1.572799e+000
  328 -7.200000e-001 3.508427e+000 1.000005e-002 -1.988129e+001 3.803326e+001 -9.940644e+000 -1.761930e+000
  329 -7.099999e-001 3.489852e+000 9.999871e-003 -1.759928e+001 1.017322e+002 -8.799641e+000 -1.949334e+000
  330 -7.000000e-001 3.469581e+000 1.000005e-002 -1.149543e+001 1.429881e+002 -5.747714e+000 -2.094805e+000
  331 -6.900000e-001 3.448201e+000 9.999990e-003 -2.916099e+000 1.545692e+002 -1.458050e+000 -2.166864e+000
  332 -6.800000e-001 3.426541e+000 9.999990e-003 6.358045e+000 1.250643e+002 3.179022e+000 -2.149654e+000
  333 -6.700000e-001 3.405487e+000 1.000011e-002 1.386190e+001 5.112039e+001 6.930948e+000 -2.048554e+000
  334 -6.599999e-001 3.385746e+000 9.999871e-003 1.692915e+001 -3.506350e+001 8.464577e+000 -1.894597e+000
  335 -6.500000e-001 3.367611e+000 1.000011e-002 1.482537e+001 -1.128934e+002 7.412685e+000 -1.735827e+000
  336 -6.399999e-001 3.350881e+000 9.999990e-003 8.051694e+000 -1.610509e+002 4.025847e+000 -1.621440e+000
  337 -6.299999e-001 3.334908e+000 9.999931e-003 -1.611350e+000 -1.511719e+002 -8.056751e-001 -1.589239e+000
  338 -6.200000e-001 3.318784e+000 9.999990e-003 -1.068160e+001 -8.928347e+001 -5.340802e+000 -1.650703e+000
  339 -6.100000e-001 3.301654e+000 9.999931e-003 -1.603861e+001 -6.915776e-001 -8.019303e+000 -1.784304e+000
  340 -6.000001e-001 3.283009e+000 1.000011e-002 -1.608010e+001 9.013564e+001 -8.040051e+000 -1.944896e+000
  341 -5.900000e-001 3.262846e+000 9.999990e-003 -1.067190e+001 1.543038e+002 -5.335952e+000 -2.078658e+000
  342 -5.800000e-001 3.241680e+000 1.000005e-002 -1.413685e+000 1.460708e+002 -7.068424e-001 -2.139086e+000
  343 -5.699999e-001 3.220364e+000 9.999990e-003 7.350610e+000 8.107818e+001 3.675305e+000 -2.109401e+000
  344 -5.599999e-001 3.199719e+000 9.999931e-003 1.221530e+001 -1.403442e+001 6.107648e+000 -2.011571e+000
  345 -5.500000e-001 3.180200e+000 1.000011e-002 1.137324e+001 -1.136608e+002 5.686618e+000 -1.893630e+000
  346 -5.399999e-001 3.161718e+000 9.999871e-003 4.553516e+000 -1.443530e+002 2.276758e+000 -1.813995e+000
  347 -5.300000e-001 3.143662e+000 1.000005e-002 -4.107551e+000 -1.032957e+002 -2.053775e+000 -1.811765e+000
  348 -5.200000e-001 3.125236e+000 9.999931e-003 -1.030532e+001 -1.975207e+001 -5.152662e+000 -1.883830e+000
  349 -5.100001e-001 3.105862e+000 1.000008e-002 -1.149044e+001 8.006991e+001 -5.745220e+000 -1.992808e+000
  350 -5.000000e-001 3.085440e+000 1.000005e-002 -6.686206e+000 1.282720e+002 -3.343103e+000 -2.083692e+000
  351 -4.899999e-001 3.064397e+000 9.999901e-003 1.010152e+000 9.227397e+001 5.050758e-001 -2.112072e+000
  352 -4.800000e-001 3.043419e+000 1.000008e-002 6.546535e+000 1.424723e+001 3.273268e+000 -2.074289e+000
  353 -4.699999e-001 3.023017e+000 1.000002e-002 7.401376e+000 -7.489529e+001 3.700688e+000 -2.004549e+000
  354 -4.599999e-001 3.003267e+000 9.999931e-003 2.907649e+000 -1.085825e+002 1.453825e+000 -1.953004e+000
  355 -4.500000e-001 2.983774e+000 1.000002e-002 -3.607254e+000 -5.619498e+001 -1.803627e+000 -1.956502e+000
  356 -4.400000e-001 2.963972e+000 9.999961e-003 -6.978960e+000 1.930732e+001 -3.489480e+000 -2.009433e+000
  357 -4.300000e-001 2.943548e+000 9.999990e-003 -5.820525e+000 7.928202e+001 -2.910262e+000 -2.073430e+000
  358 -4.200000e-001 2.922602e+000 9.999961e-003 -1.063608e+000 7.543077e+001 -5.318040e-001 -2.107851e+000
  359 -4.100001e-001 2.901546e+000 1.000008e-002 3.462220e+000 1.968682e+000 1.731110e+000 -2.095858e+000
  360 -4.000000e-001 2.880763e+000 1.000002e-002 3.580342e+000 -5.101580e+001 1.790171e+000 -2.060645e+000
  361 -3.900000e-001 2.860284e+000 9.999961e-003 5.193876e-001 -6.230754e+001 2.596938e-001 -2.040146e+000
  362 -3.800000e-001 2.839846e+000 9.999990e-003 -3.219050e+000 -1.547725e+001 -1.609525e+000 -2.053644e+000
  363 -3.700000e-001 2.819134e+000 9.999990e-003 -4.147684e+000 4.476208e+001 -2.073842e+000 -2.090478e+000
  364 -3.600000e-001 2.798066e+000 1.000002e-002 -1.461962e+000 4.296320e+001 -7.309808e-001 -2.118526e+000
  365 -3.500000e-001 2.776851e+000 1.000002e-002 1.115836e+000 1.005752e+001 5.579178e-001 -2.120257e+000
  366 -3.400000e-001 2.755714e+000 9.999961e-003 1.719288e+000 -3.515813e+001 8.596439e-001 -2.106081e+000
  367 -3.300000e-001 2.734704e+000 1.000002e-002 -3.901920e-001 -3.272972e+001 -1.950960e-001 -2.099436e+000
  368 -3.200000e-001 2.713657e+000 9.999961e-003 -2.353980e+000 7.992150e+000 -1.176990e+000 -2.113157e+000
  369 -3.100000e-001 2.692416e+000 1.000002e-002 -1.874452e+000 2.580996e+001 -9.372262e-001 -2.134299e+000
  370 -3.000000e-001 2.671005e+000 9.999990e-003 -3.258516e-001 1.875395e+001 -1.629258e-001 -2.145300e+000
  371 -2.900000e-001 2.649555e+000 1.000005e-002 7.993842e-001 -1.837992e+001 3.996921e-001 -2.142932e+000
  372 -2.800000e-001 2.628147e+000 9.999990e-003 -3.034164e-001 -1.844522e+001 -1.517082e-001 -2.140453e+000
  373 -2.700000e-001 2.606709e+000 9.999990e-003 -1.410129e+000 1.927634e+000 -7.050643e-001 -2.149020e+000
  374 -2.600000e-001 2.585150e+000 9.999961e-003 -1.294471e+000 1.710732e+001 -6.472353e-001 -2.162543e+000
  375 -2.500000e-001 2.563477e+000 9.999976e-003 -2.680356e-001 7.464859e+000 -1.340178e-001 -2.170356e+000
  376 -2.400001e-001 2.541768e+000 1.000009e-002 1.798548e-001 -1.574520e+001 8.992741e-002 -2.170797e+000
  377 -2.300000e-001 2.520053e+000 9.999990e-003 -7.648664e-001 -5.288644e+000 -3.824332e-001 -2.173722e+000
  378 -2.200000e-001 2.498272e+000 9.999946e-003 -1.082185e+000 6.272135e+000 -5.410923e-001 -2.182957e+000
  379 -2.100000e-001 2.476395e+000 9.999990e-003 -7.058586e-001 1.210561e+001 -3.529293e-001 -2.191897e+000
  380 -2.000000e-001 2.454453e+000 1.000002e-002 2.047732e-002 -1.014225e+001 1.023866e-002 -2.195324e+000
  381 -1.900000e-001 2.432490e+000 9.999990e-003 -5.880590e-001 -5.046051e+000 -2.940295e-001 -2.198162e+000
  382 -1.800000e-001 2.410474e+000 1.000005e-002 -8.908218e-001 3.582427e+000 -4.454109e-001 -2.205556e+000
  383 -1.700000e-001 2.388377e+000 9.999990e-003 -6.758751e-001 1.024162e+001 -3.379375e-001 -2.213390e+000
  384 -1.600000e-001 2.366220e+000 1.000001e-002 -6.137815e-002 -1.076726e+001 -3.068907e-002 -2.217076e+000
  385 -1.500000e-001 2.344035e+000 9.999990e-003 -7.074140e-001 -8.557417e-001 -3.537070e-001 -2.220920e+000
  386 -1.400000e-001 2.321790e+000 9.999946e-003 -7.587584e-001 5.063449e+000 -3.793792e-001 -2.228251e+000
  387 -1.300000e-001 2.299475e+000 1.000004e-002 -4.549531e-001 4.283360e+000 -2.274766e-001 -2.234320e+000
  388 -1.200000e-001 2.277113e+000 9.999976e-003 -1.979504e-001 -1.207284e+001 -9.897522e-002 -2.237584e+000
  389 -1.100000e-001 2.254715e+000 1.000001e-002 -9.223192e-001 8.478601e+000 -4.611596e-001 -2.243186e+000
  390 -1.000000e-001 2.232246e+000 1.000001e-002 -4.136025e-001 9.463856e-001 -2.068012e-001 -2.249865e+000
  391 -9.000000e-002 2.209727e+000 1.000002e-002 -3.568193e-001 -4.345977e+000 -1.784097e-001 -2.253717e+000
  392 -7.999998e-002 2.187168e+000 9.999961e-003 -6.175784e-001 2.950670e-001 -3.087892e-001 -2.258589e+000
  393 -7.000002e-002 2.164551e+000 1.000001e-002 -5.998745e-001 4.848917e+000 -2.999372e-001 -2.264676e+000
  394 -6.000001e-002 2.141880e+000 9.999994e-003 -3.089391e-001 -4.115309e+000 -1.544696e-001 -2.269221e+000
  395 -5.000002e-002 2.119168e+000 9.999990e-003 -5.558575e-001 -1.705452e+000 -2.779288e-001 -2.273545e+000
  396 -4.000003e-002 2.096403e+000 1.000003e-002 -6.581846e-001 8.165364e+000 -3.290923e-001 -2.279615e+000
  397 -3.000000e-002 2.073582e+000 1.000000e-002 -1.682615e-001 -9.872787e+000 -8.413073e-002 -2.283747e+000
  398 -2.000000e-002 2.050726e+000 9.999999e-003 -7.606288e-001 6.340630e+000 -3.803144e-001 -2.288391e+000
  399 -9.999999e-003 2.027811e+000 9.999999e-003 -3.801910e-001 2.522817e-001 -1.900955e-001 -2.294096e+000
  400 0.000000e+000 2.004851e+000 1.000001e-002 -3.650541e-001 -5.414522e+000 -1.825271e-001 -2.297822e+000
  401 1.000001e-002 1.981849e+000 1.000019e-002 -6.899258e-001 6.893901e+000 -3.449629e-001 -2.303097e+000
  402 2.000020e-002 1.958790e+000 9.999681e-003 -2.762838e-001 -4.087666e+000 -1.381419e-001 -2.307928e+000
  403 2.999988e-002 1.935694e+000 1.000003e-002 -5.215359e-001 -1.162972e-001 -2.607680e-001 -2.311917e+000
  404 3.999992e-002 1.912548e+000 9.999897e-003 -5.285138e-001 3.186301e+000 -2.642569e-001 -2.317167e+000
  405 4.999981e-002 1.889353e+000 1.000034e-002 -3.373377e-001 -2.470442e+000 -1.686689e-001 -2.321496e+000
  406 6.000015e-002 1.866118e+000 1.000002e-002 -4.855692e-001 -5.440075e-001 -2.427846e-001 -2.325611e+000
  407 7.000017e-002 1.842837e+000 9.999655e-003 -5.182098e-001 2.383321e+000 -2.591049e-001 -2.330630e+000
  408 7.999983e-002 1.819508e+000 1.000024e-002 -3.752154e-001 -7.003822e-001 -1.876077e-001 -2.335097e+000
  409 9.000006e-002 1.796137e+000 9.999782e-003 -4.172393e-001 -1.166772e+000 -2.086197e-001 -2.339059e+000
  410 9.999985e-002 1.772725e+000 1.000030e-002 -4.872441e-001 8.407001e-001 -2.436221e-001 -2.343581e+000
  411 1.100001e-001 1.749265e+000 9.999938e-003 -4.368006e-001 7.667465e-001 -2.184003e-001 -2.348202e+000
  412 1.200001e-001 1.725762e+000 9.999961e-003 -3.907961e-001 -5.134270e-001 -1.953981e-001 -2.352340e+000
  413 1.300000e-001 1.702219e+000 9.999871e-003 -4.216016e-001 -4.071268e-001 -2.108008e-001 -2.356402e+000
  414 1.399999e-001 1.678634e+000 1.000024e-002 -4.460289e-001 2.530285e-001 -2.230145e-001 -2.360740e+000
  415 1.500002e-001 1.655004e+000 9.999931e-003 -4.308468e-001 5.175100e-001 -2.154234e-001 -2.365124e+000
  416 1.600001e-001 1.631332e+000 9.999797e-003 -3.997965e-001 1.239966e-001 -1.998982e-001 -2.369277e+000
  417 1.699999e-001 1.607619e+000 1.000005e-002 -3.923568e-001 -2.132728e-001 -1.961784e-001 -2.373238e+000
  418 1.799999e-001 1.583867e+000 1.000018e-002 -4.051532e-001 -5.053661e-001 -2.025766e-001 -2.377226e+000
  419 1.900001e-001 1.560074e+000 9.999827e-003 -4.354758e-001 7.057690e-001 -2.177379e-001 -2.381429e+000
  420 1.999999e-001 1.536239e+000 1.000002e-002 -3.931304e-001 -5.087097e-002 -1.965652e-001 -2.385572e+000
  421 2.100000e-001 1.512363e+000 1.000006e-002 -3.961826e-001 9.706156e-002 -1.980913e-001 -2.389518e+000
  422 2.200000e-001 1.488448e+000 1.000005e-002 -3.903589e-001 -2.910182e-003 -1.951794e-001 -2.393451e+000
  423 2.300001e-001 1.464494e+000 9.999946e-003 -3.905335e-001 -6.186946e-002 -1.952668e-001 -2.397356e+000
  424 2.400000e-001 1.440501e+000 9.999856e-003 -3.942457e-001 4.042242e-001 -1.971228e-001 -2.401280e+000
  425 2.499999e-001 1.416469e+000 1.000014e-002 -3.699926e-001 -4.201970e-001 -1.849963e-001 -2.405101e+000
  426 2.600000e-001 1.392399e+000 9.999961e-003 -3.952047e-001 4.037247e-001 -1.976024e-001 -2.408927e+000
  427 2.700000e-001 1.368290e+000 1.000008e-002 -3.709813e-001 -1.189262e-001 -1.854907e-001 -2.412758e+000
  428 2.800001e-001 1.344144e+000 1.000002e-002 -3.781170e-001 -1.210250e-001 -1.890585e-001 -2.416503e+000
  429 2.900001e-001 1.319960e+000 9.999841e-003 -3.853785e-001 5.518092e-001 -1.926892e-001 -2.420321e+000
  430 2.999999e-001 1.295738e+000 1.000011e-002 -3.522705e-001 -5.260355e-001 -1.761352e-001 -2.424009e+000
  431 3.100000e-001 1.271480e+000 9.999961e-003 -3.838329e-001 5.408825e-001 -1.919165e-001 -2.427689e+000
  432 3.200000e-001 1.247184e+000 1.000002e-002 -3.513801e-001 -1.774635e-001 -1.756901e-001 -2.431365e+000
  433 3.300000e-001 1.222853e+000 1.000008e-002 -3.620279e-001 -6.879662e-002 -1.810140e-001 -2.434932e+000
  434 3.400001e-001 1.198485e+000 9.999871e-003 -3.661558e-001 3.943097e-001 -1.830779e-001 -2.438573e+000
  435 3.500000e-001 1.174082e+000 1.000011e-002 -3.424975e-001 -2.981362e-001 -1.712487e-001 -2.442117e+000
  436 3.600001e-001 1.149643e+000 9.999961e-003 -3.603859e-001 3.287393e-001 -1.801929e-001 -2.445631e+000
  437 3.700000e-001 1.125169e+000 9.999990e-003 -3.406616e-001 -1.029785e-001 -1.703308e-001 -2.449136e+000
  438 3.800000e-001 1.100661e+000 9.999990e-003 -3.468403e-001 -2.281305e-001 -1.734201e-001 -2.452574e+000
  439 3.900000e-001 1.076117e+000 9.999901e-003 -3.605281e-001 6.763948e-001 -1.802641e-001 -2.456111e+000
  440 3.999999e-001 1.051539e+000 1.000011e-002 -3.199448e-001 -4.330220e-001 -1.599724e-001 -2.459513e+000
  441 4.100000e-001 1.026927e+000 9.999990e-003 -3.459264e-001 2.493414e-001 -1.729632e-001 -2.462842e+000
  442 4.200000e-001 1.002282e+000 1.000002e-002 -3.309660e-001 -7.833872e-002 -1.654830e-001 -2.466227e+000
  443 4.300000e-001 9.776030e-001 1.000002e-002 -3.356663e-001 5.022128e-002 -1.678331e-001 -2.469560e+000
  444 4.400001e-001 9.528906e-001 9.999961e-003 -3.326530e-001 3.259096e-001 -1.663265e-001 -2.472902e+000
  445 4.500000e-001 9.281453e-001 1.000005e-002 -3.130985e-001 -4.485371e-001 -1.565493e-001 -2.476130e+000
  446 4.600001e-001 9.033678e-001 9.999901e-003 -3.400109e-001 5.195878e-001 -1.700054e-001 -2.479396e+000
  447 4.700000e-001 8.785576e-001 1.000008e-002 -3.088359e-001 -2.798600e-001 -1.544180e-001 -2.482640e+000
  448 4.800000e-001 8.537153e-001 9.999901e-003 -3.256277e-001 3.074905e-001 -1.628138e-001 -2.485812e+000
  449 4.899999e-001 8.288414e-001 1.000011e-002 -3.071784e-001 -2.246728e-001 -1.535892e-001 -2.488976e+000
  450 5.000001e-001 8.039358e-001 9.999990e-003 -3.206589e-001 1.924089e-001 -1.603295e-001 -2.492116e+000
  451 5.100001e-001 7.789989e-001 9.999931e-003 -3.091144e-001 1.392796e-001 -1.545572e-001 -2.495265e+000
  452 5.200000e-001 7.540311e-001 1.000011e-002 -3.007577e-001 -1.536953e-001 -1.503788e-001 -2.498314e+000
  453 5.300001e-001 7.290325e-001 9.999990e-003 -3.099795e-001 2.879751e-002 -1.549897e-001 -2.501368e+000
  454 5.400001e-001 7.040033e-001 9.999931e-003 -3.082516e-001 3.060814e-001 -1.541258e-001 -2.504459e+000
  455 5.500000e-001 6.789438e-001 1.000005e-002 -2.898869e-001 -2.683005e-001 -1.449434e-001 -2.507449e+000
  456 5.600001e-001 6.538544e-001 9.999931e-003 -3.059850e-001 2.881597e-001 -1.529925e-001 -2.510429e+000
  457 5.700000e-001 6.287353e-001 9.999990e-003 -2.886955e-001 -7.779904e-002 -1.443478e-001 -2.513402e+000
  458 5.800000e-001 6.035868e-001 9.999990e-003 -2.933635e-001 5.221620e-002 -1.466817e-001 -2.516313e+000
  459 5.900000e-001 5.784091e-001 1.000005e-002 -2.902305e-001 7.886897e-002 -1.451153e-001 -2.519231e+000
  460 6.000000e-001 5.532022e-001 9.999990e-003 -2.854984e-001 -7.213312e-002 -1.427492e-001 -2.522109e+000
  461 6.100000e-001 5.279668e-001 9.999990e-003 -2.898263e-001 1.810066e-001 -1.449132e-001 -2.524986e+000
  462 6.200000e-001 5.027027e-001 9.999990e-003 -2.789660e-001 -2.604328e-002 -1.394830e-001 -2.527830e+000
  463 6.300000e-001 4.774104e-001 9.999990e-003 -2.805285e-001 4.237497e-002 -1.402643e-001 -2.530627e+000
  464 6.400000e-001 4.520902e-001 9.999990e-003 -2.779860e-001 9.496320e-002 -1.389930e-001 -2.533420e+000
  465 6.500000e-001 4.267422e-001 9.999990e-003 -2.722883e-001 -1.242008e-001 -1.361441e-001 -2.536171e+000
  466 6.600000e-001 4.013668e-001 9.999990e-003 -2.797403e-001 2.826306e-001 -1.398702e-001 -2.538931e+000
  467 6.700000e-001 3.759638e-001 1.000005e-002 -2.627825e-001 -1.394126e-001 -1.313912e-001 -2.541644e+000
  468 6.800000e-001 3.505339e-001 9.999990e-003 -2.711473e-001 -2.812100e-002 -1.355736e-001 -2.544314e+000
  469 6.900000e-001 3.250772e-001 9.999931e-003 -2.728345e-001 3.706272e-001 -1.364173e-001 -2.547034e+000
  470 6.999999e-001 2.995938e-001 1.000011e-002 -2.505971e-001 -3.396931e-001 -1.252985e-001 -2.549651e+000
  471 7.100000e-001 2.740842e-001 9.999990e-003 -2.709789e-001 2.132577e-001 -1.354894e-001 -2.552258e+000
  472 7.200000e-001 2.485483e-001 9.999990e-003 -2.581834e-001 1.412383e-002 -1.290917e-001 -2.554904e+000
  473 7.300000e-001 2.229863e-001 9.999990e-003 -2.573360e-001 1.474797e-001 -1.286680e-001 -2.557482e+000
  474 7.400000e-001 1.973988e-001 9.999990e-003 -2.484872e-001 -2.166102e-001 -1.242436e-001 -2.560011e+000
  475 7.500000e-001 1.717861e-001 9.999931e-003 -2.614838e-001 2.978472e-001 -1.307419e-001 -2.562561e+000
  476 7.599999e-001 1.461479e-001 1.000011e-002 -2.436131e-001 -1.320896e-001 -1.218066e-001 -2.565086e+000
  477 7.700000e-001 1.204844e-001 9.999990e-003 -2.515386e-001 4.706586e-002 -1.257693e-001 -2.567562e+000
  478 7.800000e-001 9.479631e-002 9.999931e-003 -2.487146e-001 1.633318e-001 -1.243573e-001 -2.570063e+000
  479 7.900000e-001 6.908358e-002 9.999990e-003 -2.389148e-001 -9.956692e-002 -1.194574e-001 -2.572501e+000
  480 8.000000e-001 4.334654e-002 1.000005e-002 -2.448888e-001 7.704557e-002 -1.224444e-001 -2.574921e+000
  481 8.100000e-001 1.758504e-002 9.999990e-003 -2.402660e-001 4.493946e-002 -1.201330e-001 -2.577346e+000
  482 8.200000e-001 -8.200366e-003 9.999990e-003 -2.375697e-001 5.872255e-002 -1.187848e-001 -2.579736e+000
  483 8.300000e-001 -3.400952e-002 1.000005e-002 -2.340463e-001 -2.333783e-002 -1.170232e-001 -2.582093e+000
  484 8.400000e-001 -5.984231e-002 9.999990e-003 -2.354466e-001 5.450651e-002 -1.177233e-001 -2.584441e+000
  485 8.500000e-001 -8.569841e-002 9.999990e-003 -2.321762e-001 2.999855e-002 -1.160881e-001 -2.586779e+000
  486 8.600000e-001 -1.115778e-001 9.999990e-003 -2.303763e-001 4.529088e-002 -1.151882e-001 -2.589092e+000
  487 8.700000e-001 -1.374801e-001 9.999990e-003 -2.276589e-001 3.470856e-002 -1.138294e-001 -2.591382e+000
  488 8.800000e-001 -1.634053e-001 9.999990e-003 -2.255763e-001 2.138070e-003 -1.127882e-001 -2.593648e+000
  489 8.900000e-001 -1.893530e-001 9.999990e-003 -2.254481e-001 1.057529e-001 -1.127240e-001 -2.595903e+000
  490 9.000000e-001 -2.153232e-001 1.000005e-002 -2.191029e-001 -6.153950e-002 -1.095514e-001 -2.598126e+000
  491 9.100000e-001 -2.413156e-001 9.999990e-003 -2.227953e-001 6.897257e-002 -1.113976e-001 -2.600336e+000
  492 9.200000e-001 -2.673300e-001 9.999990e-003 -2.186569e-001 4.481826e-002 -1.093285e-001 -2.602543e+000
  493 9.300000e-001 -2.933663e-001 9.999990e-003 -2.159678e-001 5.074347e-003 -1.079839e-001 -2.604716e+000
  494 9.400000e-001 -3.194242e-001 9.999990e-003 -2.156634e-001 5.409400e-002 -1.078317e-001 -2.606874e+000
  495 9.500000e-001 -3.455037e-001 9.999990e-003 -2.124177e-001 7.657292e-002 -1.062089e-001 -2.609015e+000
  496 9.600000e-001 -3.716043e-001 1.000005e-002 -2.078234e-001 -1.748205e-001 -1.039117e-001 -2.611116e+000
  497 9.700000e-001 -3.977262e-001 9.999990e-003 -2.183127e-001 4.901342e-001 -1.091563e-001 -2.613246e+000
  498 9.800000e-001 -4.238690e-001 9.999990e-003 -1.889046e-001 -1.242651e+000 -9.445231e-002 -2.615283e+000
  499 9.900000e-001 -4.500325e-001 9.999990e-003 -2.634636e-001 4.391065e+000 -1.317318e-001 -2.617544e+000
  500 1.000000e+000 -4.762167e-001                0.000000e+000