Derivatives of cos(x) at 0.100000 using extrapolated difference method

 i  step size h    derivative      e               epsilon 
 1  5.000000e-001  -1.556361e-001
 2  2.500000e-001  -1.636373e-001  -8.001179e-003  5.140952e-002
 3  1.250000e-001  -1.656972e-001  -1.006107e-002  6.464483e-002
 4  6.249999e-002  -1.662163e-001  -5.191267e-004  3.132984e-003
 5  3.124999e-002  -1.663458e-001  -1.294762e-004  7.789620e-004
 6  1.562499e-002  -1.663813e-001  -3.549457e-005  2.133782e-004
 7  7.812493e-003  -1.663896e-001  -8.344650e-006  5.015378e-005
 8  3.906243e-003  -1.663821e-001  7.480383e-006  -4.495703e-005
 9  1.953118e-003  -1.663799e-001  2.220273e-006  -1.334442e-005
10  9.765550e-004  -1.663780e-001  1.907349e-006  -1.146381e-005
11  4.882738e-004  -1.663742e-001  3.814697e-006  -2.292789e-005
12  2.441332e-004  -1.665090e-001  -1.347810e-004  8.101076e-004
13  1.220629e-004  -1.666768e-001  -1.678467e-004  1.008034e-003
14  6.102771e-005  -1.657103e-001  9.665042e-004  -5.798671e-003
15  3.051013e-005  -1.650794e-001  6.309599e-004  -3.807607e-003
16  1.525134e-005  -1.677251e-001  -2.645761e-003  1.602720e-002
17  7.621944e-006  -1.726947e-001  -4.969552e-003  2.962914e-002
18  3.807247e-006  -1.735160e-001  -8.212924e-004  4.755748e-003
19  1.899898e-006  -1.411765e-001  3.233950e-002  -1.863776e-001
20  9.462237e-007  -1.837270e-001  -4.255056e-002  3.013998e-001
