Derivatives of exp(x) at 0.100000 using forward difference method

 i  step size h    derivative      e               epsilon 
 1  5.000000e-001  1.433896e+000
 2  2.500000e-001  1.255586e+000  -1.783097e-001  -1.243533e-001
 3  1.250000e-001  1.177214e+000  -2.566820e-001  -1.790102e-001
 4  6.249999e-002  1.140438e+000  -3.677559e-002  -3.123952e-002
 5  3.124999e-002  1.122620e+000  -1.781833e-002  -1.562411e-002
 6  1.562499e-002  1.113846e+000  -8.773565e-003  -7.815260e-003
 7  7.812493e-003  1.109498e+000  -4.348159e-003  -3.903733e-003
 8  3.906243e-003  1.107332e+000  -2.165675e-003  -1.951941e-003
 9  1.953118e-003  1.106205e+000  -1.127124e-003  -1.017873e-003
10  9.765550e-004  1.105721e+000  -4.839897e-004  -4.375225e-004
11  4.882738e-004  1.105241e+000  -4.799366e-004  -4.340484e-004
12  2.441332e-004  1.105014e+000  -2.272129e-004  -2.055776e-004
13  1.220629e-004  1.104560e+000  -4.545450e-004  -4.113477e-004
14  6.102771e-005  1.103650e+000  -9.093285e-004  -8.232497e-004
15  3.051013e-005  1.101832e+000  -1.818776e-003  -1.647964e-003
16  1.525134e-005  1.102101e+000  2.690554e-004  2.441892e-004
17  7.621944e-006  1.094819e+000  -7.281423e-003  -6.606858e-003
18  3.807247e-006  1.095890e+000  1.071215e-003  9.784398e-004
19  1.899898e-006  1.066667e+000  -2.922368e-002  -2.666661e-002
20  9.462237e-007  1.007874e+000  -5.879271e-002  -5.511816e-002
