Integrals of exp(-x) within [0.000000e+000,1.000000e+000] using Simpson's rule

 i        N  integral       e               epsilon 
 1        2  6.323337e-001
 2        4  6.321341e-001  -1.995564e-004  -3.155871e-004
 3        8  6.321214e-001  -1.269579e-005  -2.008401e-005
 4       16  6.321205e-001  -8.940697e-007  -1.414395e-006
 5       32  6.321206e-001  5.960464e-008  9.429316e-008
 6       64  6.321205e-001  -1.192093e-007  -1.885863e-007
 7      128  6.321205e-001  0.000000e+000  0.000000e+000
