Gradient descent of Schechter

gamma = 1.000000e-004, epsilon = 2.000000e-007

   log(phi*)      log(M*)       alpha        chi^2     
-4.000000e+000 9.000000e+000 -5.000000e-001 6.073610e+002
-3.999943e+000 9.000215e+000 -4.999645e-001 6.073605e+002
-3.999886e+000 9.000430e+000 -4.999290e-001 6.073600e+002
-3.999829e+000 9.000646e+000 -4.998933e-001 6.073595e+002
-3.999772e+000 9.000862e+000 -4.998575e-001 6.073589e+002
-3.999714e+000 9.001079e+000 -4.998218e-001 6.073585e+002
-3.999656e+000 9.001295e+000 -4.997859e-001 6.073579e+002
-3.999599e+000 9.001513e+000 -4.997499e-001 6.073574e+002
-3.999541e+000 9.001730e+000 -4.997140e-001 6.073569e+002
-3.999483e+000 9.001947e+000 -4.996780e-001 6.073564e+002
-3.999425e+000 9.002166e+000 -4.996418e-001 6.073558e+002
-3.999367e+000 9.002384e+000 -4.996057e-001 6.073553e+002
-3.999308e+000 9.002604e+000 -4.995696e-001 6.073548e+002
-3.999250e+000 9.002823e+000 -4.995333e-001 6.073542e+002
-3.999192e+000 9.003042e+000 -4.994969e-001 6.073538e+002
-3.999133e+000 9.003262e+000 -4.994606e-001 6.073532e+002
-3.999074e+000 9.003482e+000 -4.994241e-001 6.073527e+002
-3.999015e+000 9.003702e+000 -4.993876e-001 6.073522e+002
-3.998956e+000 9.003923e+000 -4.993510e-001 6.073516e+002
-3.998897e+000 9.004145e+000 -4.993144e-001 6.073511e+002
-3.998838e+000 9.004366e+000 -4.992777e-001 6.073505e+002
-3.998779e+000 9.004588e+000 -4.992409e-001 6.073500e+002
-3.998719e+000 9.004810e+000 -4.992040e-001 6.073495e+002
-3.998660e+000 9.005033e+000 -4.991672e-001 6.073489e+002
-3.998600e+000 9.005256e+000 -4.991301e-001 6.073484e+002
-3.998540e+000 9.005479e+000 -4.990930e-001 6.073478e+002
-3.998480e+000 9.005703e+000 -4.990559e-001 6.073473e+002
-3.998420e+000 9.005927e+000 -4.990186e-001 6.073467e+002
-3.998360e+000 9.006151e+000 -4.989812e-001 6.073462e+002
-3.998300e+000 9.006376e+000 -4.989439e-001 6.073456e+002
-3.998239e+000 9.006601e+000 -4.989066e-001 6.073450e+002
-3.998178e+000 9.006827e+000 -4.988691e-001 6.073445e+002
-3.998118e+000 9.007053e+000 -4.988316e-001 6.073439e+002
-3.998057e+000 9.007279e+000 -4.987940e-001 6.073434e+002
-3.997996e+000 9.007506e+000 -4.987564e-001 6.073428e+002
-3.997935e+000 9.007733e+000 -4.987187e-001 6.073422e+002
-3.997874e+000 9.007960e+000 -4.986809e-001 6.073417e+002
-3.997812e+000 9.008188e+000 -4.986429e-001 6.073411e+002
-3.997751e+000 9.008416e+000 -4.986049e-001 6.073405e+002
-3.997689e+000 9.008645e+000 -4.985670e-001 6.073400e+002
-3.997627e+000 9.008874e+000 -4.985289e-001 6.073394e+002
-3.997565e+000 9.009103e+000 -4.984907e-001 6.073388e+002
-3.997503e+000 9.009333e+000 -4.984525e-001 6.073382e+002
-3.997441e+000 9.009562e+000 -4.984142e-001 6.073376e+002
-3.997378e+000 9.009793e+000 -4.983758e-001 6.073370e+002
-3.997316e+000 9.010024e+000 -4.983374e-001 6.073365e+002
-3.997253e+000 9.010255e+000 -4.982988e-001 6.073359e+002
-3.997190e+000 9.010487e+000 -4.982602e-001 6.073353e+002
-3.997128e+000 9.010718e+000 -4.982215e-001 6.073347e+002
-3.997065e+000 9.010951e+000 -4.981828e-001 6.073341e+002
-3.997001e+000 9.011184e+000 -4.981440e-001 6.073335e+002
-3.996938e+000 9.011416e+000 -4.981050e-001 6.073329e+002
-3.996875e+000 9.011650e+000 -4.980661e-001 6.073323e+002
-3.996811e+000 9.011884e+000 -4.980270e-001 6.073317e+002
-3.996747e+000 9.012118e+000 -4.979880e-001 6.073311e+002
-3.996684e+000 9.012353e+000 -4.979487e-001 6.073305e+002
-3.996620e+000 9.012588e+000 -4.979096e-001 6.073299e+002
-3.996556e+000 9.012823e+000 -4.978703e-001 6.073293e+002
-3.996491e+000 9.013059e+000 -4.978310e-001 6.073287e+002
-3.996427e+000 9.013295e+000 -4.977916e-001 6.073281e+002
-3.996362e+000 9.013532e+000 -4.977520e-001 6.073275e+002
-3.996298e+000 9.013768e+000 -4.977125e-001 6.073268e+002
-3.996233e+000 9.014006e+000 -4.976727e-001 6.073262e+002
-3.996168e+000 9.014243e+000 -4.976329e-001 6.073256e+002
-3.996103e+000 9.014482e+000 -4.975930e-001 6.073250e+002
-3.996038e+000 9.014720e+000 -4.975531e-001 6.073243e+002
-3.995972e+000 9.014959e+000 -4.975131e-001 6.073237e+002
-3.995907e+000 9.015199e+000 -4.974730e-001 6.073231e+002
-3.995841e+000 9.015438e+000 -4.974328e-001 6.073224e+002
-3.995775e+000 9.015678e+000 -4.973926e-001 6.073218e+002
-3.995709e+000 9.015919e+000 -4.973522e-001 6.073212e+002
-3.995643e+000 9.016160e+000 -4.973119e-001 6.073205e+002
-3.995577e+000 9.016401e+000 -4.972715e-001 6.073199e+002
-3.995510e+000 9.016644e+000 -4.972310e-001 6.073192e+002
-3.995444e+000 9.016886e+000 -4.971904e-001 6.073186e+002
-3.995377e+000 9.017128e+000 -4.971497e-001 6.073179e+002
-3.995311e+000 9.017371e+000 -4.971090e-001 6.073173e+002
-3.995244e+000 9.017614e+000 -4.970681e-001 6.073167e+002
-3.995176e+000 9.017859e+000 -4.970272e-001 6.073160e+002
-3.995109e+000 9.018103e+000 -4.969862e-001 6.073153e+002
-3.995042e+000 9.018348e+000 -4.969452e-001 6.073146e+002
-3.994974e+000 9.018593e+000 -4.969040e-001 6.073140e+002
-3.994906e+000 9.018838e+000 -4.968629e-001 6.073134e+002
-3.994838e+000 9.019084e+000 -4.968216e-001 6.073127e+002
-3.994771e+000 9.019330e+000 -4.967802e-001 6.073120e+002
-3.994702e+000 9.019577e+000 -4.967387e-001 6.073113e+002
-3.994634e+000 9.019824e+000 -4.966972e-001 6.073107e+002
-3.994565e+000 9.020072e+000 -4.966556e-001 6.073100e+002
-3.994497e+000 9.020320e+000 -4.966140e-001 6.073093e+002
-3.994428e+000 9.020569e+000 -4.965723e-001 6.073086e+002
-3.994359e+000 9.020818e+000 -4.965304e-001 6.073079e+002
-3.994290e+000 9.021068e+000 -4.964886e-001 6.073073e+002
-3.994220e+000 9.021317e+000 -4.964466e-001 6.073066e+002
-3.994151e+000 9.021567e+000 -4.964046e-001 6.073058e+002
-3.994081e+000 9.021818e+000 -4.963624e-001 6.073052e+002
-3.994011e+000 9.022069e+000 -4.963202e-001 6.073045e+002
-3.993941e+000 9.022321e+000 -4.962779e-001 6.073038e+002
-3.993871e+000 9.022573e+000 -4.962354e-001 6.073031e+002
-3.993801e+000 9.022825e+000 -4.961929e-001 6.073024e+002
-3.993731e+000 9.023078e+000 -4.961504e-001 6.073017e+002
-3.993660e+000 9.023331e+000 -4.961078e-001 6.073010e+002
-3.993589e+000 9.023584e+000 -4.960651e-001 6.073002e+002
-3.993518e+000 9.023838e+000 -4.960222e-001 6.072996e+002
-3.993447e+000 9.024093e+000 -4.959793e-001 6.072988e+002
-3.993376e+000 9.024348e+000 -4.959364e-001 6.072981e+002
-3.993305e+000 9.024604e+000 -4.958934e-001 6.072974e+002
-3.993233e+000 9.024859e+000 -4.958502e-001 6.072966e+002
-3.993161e+000 9.025116e+000 -4.958069e-001 6.072959e+002
-3.993089e+000 9.025373e+000 -4.957636e-001 6.072952e+002
-3.993017e+000 9.025630e+000 -4.957202e-001 6.072945e+002
-3.992945e+000 9.025887e+000 -4.956766e-001 6.072937e+002
-3.992872e+000 9.026146e+000 -4.956331e-001 6.072930e+002
-3.992800e+000 9.026404e+000 -4.955894e-001 6.072922e+002
-3.992727e+000 9.026664e+000 -4.955457e-001 6.072915e+002
-3.992654e+000 9.026923e+000 -4.955017e-001 6.072908e+002
-3.992581e+000 9.027184e+000 -4.954577e-001 6.072900e+002
-3.992508e+000 9.027444e+000 -4.954137e-001 6.072892e+002
-3.992435e+000 9.027704e+000 -4.953696e-001 6.072885e+002
-3.992361e+000 9.027966e+000 -4.953255e-001 6.072878e+002
-3.992287e+000 9.028228e+000 -4.952812e-001 6.072870e+002
-3.992213e+000 9.028490e+000 -4.952367e-001 6.072863e+002
-3.992139e+000 9.028753e+000 -4.951923e-001 6.072855e+002
-3.992065e+000 9.029016e+000 -4.951479e-001 6.072847e+002
-3.991990e+000 9.029281e+000 -4.951034e-001 6.072839e+002
-3.991916e+000 9.029545e+000 -4.950587e-001 6.072831e+002
-3.991841e+000 9.029809e+000 -4.950139e-001 6.072823e+002
-3.991766e+000 9.030074e+000 -4.949690e-001 6.072816e+002
-3.991691e+000 9.030340e+000 -4.949239e-001 6.072808e+002
-3.991615e+000 9.030606e+000 -4.948789e-001 6.072800e+002
-3.991540e+000 9.030873e+000 -4.948337e-001 6.072792e+002
-3.991464e+000 9.031140e+000 -4.947886e-001 6.072784e+002
-3.991388e+000 9.031408e+000 -4.947432e-001 6.072776e+002
-3.991312e+000 9.031676e+000 -4.946978e-001 6.072769e+002
-3.991235e+000 9.031945e+000 -4.946525e-001 6.072761e+002
-3.991159e+000 9.032214e+000 -4.946068e-001 6.072753e+002
-3.991082e+000 9.032484e+000 -4.945610e-001 6.072745e+002
-3.991006e+000 9.032754e+000 -4.945152e-001 6.072736e+002
-3.990929e+000 9.033025e+000 -4.944694e-001 6.072728e+002
-3.990851e+000 9.033296e+000 -4.944232e-001 6.072720e+002
-3.990774e+000 9.033567e+000 -4.943772e-001 6.072712e+002
-3.990696e+000 9.033839e+000 -4.943311e-001 6.072704e+002
-3.990618e+000 9.034112e+000 -4.942848e-001 6.072696e+002
-3.990541e+000 9.034385e+000 -4.942385e-001 6.072687e+002
-3.990462e+000 9.034658e+000 -4.941919e-001 6.072679e+002
-3.990384e+000 9.034932e+000 -4.941454e-001 6.072671e+002
-3.990305e+000 9.035207e+000 -4.940986e-001 6.072662e+002
-3.990227e+000 9.035481e+000 -4.940519e-001 6.072654e+002
-3.990148e+000 9.035757e+000 -4.940050e-001 6.072645e+002
-3.990069e+000 9.036033e+000 -4.939582e-001 6.072637e+002
-3.989989e+000 9.036309e+000 -4.939111e-001 6.072628e+002
-3.989910e+000 9.036587e+000 -4.938639e-001 6.072620e+002
-3.989830e+000 9.036864e+000 -4.938166e-001 6.072611e+002
-3.989750e+000 9.037143e+000 -4.937693e-001 6.072603e+002
-3.989670e+000 9.037421e+000 -4.937219e-001 6.072594e+002
-3.989590e+000 9.037701e+000 -4.936743e-001 6.072585e+002
-3.989509e+000 9.037980e+000 -4.936267e-001 6.072577e+002
-3.989429e+000 9.038260e+000 -4.935790e-001 6.072568e+002
-3.989348e+000 9.038541e+000 -4.935312e-001 6.072559e+002
-3.989267e+000 9.038822e+000 -4.934832e-001 6.072551e+002
-3.989185e+000 9.039104e+000 -4.934353e-001 6.072542e+002
-3.989104e+000 9.039386e+000 -4.933872e-001 6.072533e+002
-3.989022e+000 9.039668e+000 -4.933390e-001 6.072524e+002
-3.988940e+000 9.039951e+000 -4.932906e-001 6.072515e+002
-3.988858e+000 9.040236e+000 -4.932422e-001 6.072506e+002
-3.988776e+000 9.040520e+000 -4.931937e-001 6.072497e+002
-3.988693e+000 9.040805e+000 -4.931452e-001 6.072488e+002
-3.988611e+000 9.041090e+000 -4.930963e-001 6.072479e+002
-3.988528e+000 9.041376e+000 -4.930475e-001 6.072470e+002
-3.988444e+000 9.041662e+000 -4.929986e-001 6.072461e+002
-3.988361e+000 9.041949e+000 -4.929496e-001 6.072452e+002
-3.988277e+000 9.042237e+000 -4.929005e-001 6.072443e+002
-3.988194e+000 9.042525e+000 -4.928513e-001 6.072433e+002
-3.988110e+000 9.042814e+000 -4.928019e-001 6.072424e+002
-3.988025e+000 9.043103e+000 -4.927524e-001 6.072415e+002
-3.987941e+000 9.043393e+000 -4.927028e-001 6.072405e+002
-3.987856e+000 9.043683e+000 -4.926531e-001 6.072396e+002
-3.987771e+000 9.043974e+000 -4.926032e-001 6.072386e+002
-3.987686e+000 9.044266e+000 -4.925533e-001 6.072377e+002
-3.987601e+000 9.044558e+000 -4.925032e-001 6.072368e+002
-3.987515e+000 9.044850e+000 -4.924530e-001 6.072358e+002
-3.987430e+000 9.045143e+000 -4.924029e-001 6.072349e+002
-3.987344e+000 9.045437e+000 -4.923525e-001 6.072339e+002
-3.987257e+000 9.045732e+000 -4.923021e-001 6.072329e+002
-3.987171e+000 9.046026e+000 -4.922515e-001 6.072319e+002
-3.987085e+000 9.046322e+000 -4.922008e-001 6.072310e+002
-3.986998e+000 9.046618e+000 -4.921500e-001 6.072300e+002
-3.986910e+000 9.046914e+000 -4.920992e-001 6.072290e+002
-3.986823e+000 9.047212e+000 -4.920483e-001 6.072280e+002
-3.986735e+000 9.047509e+000 -4.919972e-001 6.072271e+002
-3.986648e+000 9.047808e+000 -4.919461e-001 6.072261e+002
-3.986560e+000 9.048106e+000 -4.918948e-001 6.072250e+002
-3.986471e+000 9.048406e+000 -4.918434e-001 6.072241e+002
-3.986383e+000 9.048705e+000 -4.917919e-001 6.072231e+002
-3.986294e+000 9.049006e+000 -4.917403e-001 6.072220e+002
-3.986205e+000 9.049307e+000 -4.916885e-001 6.072210e+002
-3.986116e+000 9.049608e+000 -4.916367e-001 6.072200e+002
-3.986027e+000 9.049911e+000 -4.915847e-001 6.072190e+002
-3.985937e+000 9.050214e+000 -4.915326e-001 6.072180e+002
-3.985847e+000 9.050517e+000 -4.914805e-001 6.072170e+002
-3.985757e+000 9.050821e+000 -4.914282e-001 6.072159e+002
-3.985667e+000 9.051126e+000 -4.913758e-001 6.072148e+002
-3.985576e+000 9.051432e+000 -4.913231e-001 6.072138e+002
-3.985485e+000 9.051738e+000 -4.912705e-001 6.072128e+002
-3.985394e+000 9.052044e+000 -4.912179e-001 6.072117e+002
-3.985303e+000 9.052351e+000 -4.911650e-001 6.072107e+002
-3.985212e+000 9.052659e+000 -4.911121e-001 6.072097e+002
-3.985120e+000 9.052967e+000 -4.910589e-001 6.072086e+002
-3.985028e+000 9.053276e+000 -4.910056e-001 6.072075e+002
-3.984936e+000 9.053586e+000 -4.909522e-001 6.072064e+002
-3.984843e+000 9.053896e+000 -4.908987e-001 6.072053e+002
-3.984750e+000 9.054207e+000 -4.908451e-001 6.072043e+002
-3.984657e+000 9.054518e+000 -4.907915e-001 6.072032e+002
-3.984564e+000 9.054830e+000 -4.907376e-001 6.072021e+002
-3.984471e+000 9.055142e+000 -4.906837e-001 6.072010e+002
-3.984377e+000 9.055455e+000 -4.906296e-001 6.071999e+002
-3.984283e+000 9.055769e+000 -4.905754e-001 6.071988e+002
-3.984189e+000 9.056084e+000 -4.905211e-001 6.071977e+002
-3.984094e+000 9.056398e+000 -4.904667e-001 6.071966e+002
-3.984000e+000 9.056714e+000 -4.904121e-001 6.071955e+002
-3.983905e+000 9.057031e+000 -4.903575e-001 6.071943e+002
-3.983809e+000 9.057347e+000 -4.903027e-001 6.071932e+002
-3.983714e+000 9.057665e+000 -4.902478e-001 6.071921e+002
-3.983618e+000 9.057983e+000 -4.901927e-001 6.071910e+002
-3.983522e+000 9.058302e+000 -4.901375e-001 6.071898e+002
-3.983426e+000 9.058621e+000 -4.900823e-001 6.071887e+002
-3.983329e+000 9.058942e+000 -4.900267e-001 6.071875e+002
-3.983232e+000 9.059262e+000 -4.899712e-001 6.071863e+002
-3.983135e+000 9.059584e+000 -4.899155e-001 6.071852e+002
-3.983038e+000 9.059906e+000 -4.898597e-001 6.071840e+002
-3.982940e+000 9.060229e+000 -4.898036e-001 6.071829e+002
-3.982842e+000 9.060553e+000 -4.897476e-001 6.071817e+002
-3.982744e+000 9.060877e+000 -4.896914e-001 6.071805e+002
-3.982645e+000 9.061202e+000 -4.896350e-001 6.071793e+002
-3.982547e+000 9.061527e+000 -4.895785e-001 6.071782e+002
-3.982448e+000 9.061853e+000 -4.895220e-001 6.071769e+002
-3.982348e+000 9.062181e+000 -4.894652e-001 6.071758e+002
-3.982249e+000 9.062509e+000 -4.894084e-001 6.071746e+002
-3.982149e+000 9.062837e+000 -4.893516e-001 6.071733e+002
-3.982049e+000 9.063166e+000 -4.892944e-001 6.071721e+002
-3.981948e+000 9.063496e+000 -4.892371e-001 6.071709e+002
-3.981848e+000 9.063826e+000 -4.891798e-001 6.071697e+002
-3.981747e+000 9.064157e+000 -4.891223e-001 6.071685e+002
-3.981646e+000 9.064488e+000 -4.890647e-001 6.071672e+002
-3.981544e+000 9.064820e+000 -4.890070e-001 6.071660e+002
-3.981442e+000 9.065153e+000 -4.889489e-001 6.071647e+002
-3.981340e+000 9.065487e+000 -4.888908e-001 6.071635e+002
-3.981238e+000 9.065822e+000 -4.888326e-001 6.071622e+002
-3.981135e+000 9.066156e+000 -4.887743e-001 6.071609e+002
-3.981032e+000 9.066492e+000 -4.887158e-001 6.071597e+002
-3.980929e+000 9.066829e+000 -4.886574e-001 6.071584e+002
-3.980825e+000 9.067166e+000 -4.885987e-001 6.071572e+002
-3.980721e+000 9.067504e+000 -4.885398e-001 6.071559e+002
-3.980617e+000 9.067842e+000 -4.884809e-001 6.071545e+002
-3.980513e+000 9.068182e+000 -4.884216e-001 6.071533e+002
-3.980408e+000 9.068522e+000 -4.883624e-001 6.071520e+002
-3.980303e+000 9.068863e+000 -4.883031e-001 6.071506e+002
-3.980198e+000 9.069204e+000 -4.882437e-001 6.071494e+002
-3.980092e+000 9.069547e+000 -4.881842e-001 6.071480e+002
-3.979986e+000 9.069890e+000 -4.881245e-001 6.071467e+002
-3.979880e+000 9.070233e+000 -4.880645e-001 6.071454e+002
-3.979774e+000 9.070578e+000 -4.880044e-001 6.071440e+002
-3.979667e+000 9.070923e+000 -4.879441e-001 6.071427e+002
-3.979560e+000 9.071269e+000 -4.878839e-001 6.071414e+002
-3.979452e+000 9.071615e+000 -4.878233e-001 6.071400e+002
-3.979344e+000 9.071962e+000 -4.877627e-001 6.071387e+002
-3.979236e+000 9.072310e+000 -4.877017e-001 6.071373e+002
-3.979128e+000 9.072659e+000 -4.876407e-001 6.071359e+002
-3.979019e+000 9.073009e+000 -4.875796e-001 6.071345e+002
-3.978910e+000 9.073359e+000 -4.875183e-001 6.071331e+002
-3.978801e+000 9.073710e+000 -4.874569e-001 6.071318e+002
-3.978691e+000 9.074062e+000 -4.873952e-001 6.071304e+002
-3.978581e+000 9.074415e+000 -4.873335e-001 6.071290e+002
-3.978470e+000 9.074769e+000 -4.872716e-001 6.071276e+002
-3.978360e+000 9.075123e+000 -4.872096e-001 6.071261e+002
-3.978249e+000 9.075478e+000 -4.871475e-001 6.071247e+002
-3.978137e+000 9.075833e+000 -4.870853e-001 6.071233e+002
-3.978026e+000 9.076190e+000 -4.870228e-001 6.071218e+002
-3.977914e+000 9.076548e+000 -4.869603e-001 6.071204e+002
-3.977801e+000 9.076905e+000 -4.868976e-001 6.071190e+002
-3.977689e+000 9.077264e+000 -4.868346e-001 6.071175e+002
-3.977576e+000 9.077623e+000 -4.867717e-001 6.071160e+002
-3.977463e+000 9.077984e+000 -4.867084e-001 6.071146e+002
-3.977349e+000 9.078345e+000 -4.866450e-001 6.071131e+002
-3.977235e+000 9.078707e+000 -4.865816e-001 6.071116e+002
-3.977121e+000 9.079069e+000 -4.865178e-001 6.071102e+002
-3.977006e+000 9.079432e+000 -4.864540e-001 6.071086e+002
-3.976891e+000 9.079797e+000 -4.863901e-001 6.071072e+002
-3.976776e+000 9.080162e+000 -4.863259e-001 6.071057e+002
-3.976660e+000 9.080528e+000 -4.862617e-001 6.071041e+002
-3.976544e+000 9.080894e+000 -4.861972e-001 6.071026e+002
-3.976428e+000 9.081262e+000 -4.861325e-001 6.071011e+002
-3.976311e+000 9.081630e+000 -4.860677e-001 6.070995e+002
-3.976194e+000 9.081999e+000 -4.860026e-001 6.070980e+002
-3.976077e+000 9.082369e+000 -4.859376e-001 6.070965e+002
-3.975959e+000 9.082740e+000 -4.858724e-001 6.070949e+002
-3.975841e+000 9.083112e+000 -4.858068e-001 6.070933e+002
-3.975722e+000 9.083484e+000 -4.857411e-001 6.070918e+002
-3.975603e+000 9.083857e+000 -4.856753e-001 6.070902e+002
-3.975484e+000 9.084230e+000 -4.856094e-001 6.070886e+002
-3.975364e+000 9.084605e+000 -4.855434e-001 6.070870e+002
-3.975245e+000 9.084981e+000 -4.854771e-001 6.070854e+002
-3.975124e+000 9.085358e+000 -4.854107e-001 6.070838e+002
-3.975003e+000 9.085735e+000 -4.853442e-001 6.070822e+002
-3.974883e+000 9.086114e+000 -4.852774e-001 6.070806e+002
-3.974761e+000 9.086493e+000 -4.852105e-001 6.070789e+002
-3.974639e+000 9.086873e+000 -4.851433e-001 6.070773e+002
-3.974517e+000 9.087254e+000 -4.850762e-001 6.070757e+002
-3.974395e+000 9.087635e+000 -4.850089e-001 6.070740e+002
-3.974272e+000 9.088017e+000 -4.849413e-001 6.070723e+002
-3.974149e+000 9.088401e+000 -4.848736e-001 6.070707e+002
-3.974025e+000 9.088785e+000 -4.848056e-001 6.070690e+002
-3.973901e+000 9.089170e+000 -4.847375e-001 6.070673e+002
-3.973776e+000 9.089557e+000 -4.846694e-001 6.070656e+002
-3.973651e+000 9.089944e+000 -4.846008e-001 6.070639e+002
-3.973526e+000 9.090332e+000 -4.845322e-001 6.070622e+002
-3.973400e+000 9.090721e+000 -4.844634e-001 6.070605e+002
-3.973274e+000 9.091111e+000 -4.843944e-001 6.070588e+002
-3.973148e+000 9.091501e+000 -4.843252e-001 6.070570e+002
-3.973021e+000 9.091892e+000 -4.842559e-001 6.070553e+002
-3.972893e+000 9.092284e+000 -4.841864e-001 6.070535e+002
-3.972766e+000 9.092677e+000 -4.841167e-001 6.070518e+002
-3.972638e+000 9.093071e+000 -4.840469e-001 6.070500e+002
-3.972509e+000 9.093466e+000 -4.839768e-001 6.070483e+002
-3.972381e+000 9.093862e+000 -4.839066e-001 6.070464e+002
-3.972251e+000 9.094258e+000 -4.838362e-001 6.070447e+002
-3.972121e+000 9.094656e+000 -4.837656e-001 6.070428e+002
-3.971991e+000 9.095055e+000 -4.836948e-001 6.070411e+002
-3.971861e+000 9.095454e+000 -4.836238e-001 6.070392e+002
-3.971730e+000 9.095855e+000 -4.835526e-001 6.070374e+002
-3.971599e+000 9.096256e+000 -4.834814e-001 6.070356e+002
-3.971467e+000 9.096659e+000 -4.834099e-001 6.070338e+002
-3.971335e+000 9.097062e+000 -4.833381e-001 6.070319e+002
-3.971202e+000 9.097466e+000 -4.832662e-001 6.070300e+002
-3.971069e+000 9.097872e+000 -4.831942e-001 6.070281e+002
-3.970936e+000 9.098278e+000 -4.831220e-001 6.070262e+002
-3.970802e+000 9.098685e+000 -4.830495e-001 6.070244e+002
-3.970667e+000 9.099093e+000 -4.829768e-001 6.070225e+002
-3.970532e+000 9.099503e+000 -4.829039e-001 6.070206e+002
-3.970397e+000 9.099913e+000 -4.828309e-001 6.070186e+002
-3.970262e+000 9.100324e+000 -4.827578e-001 6.070167e+002
-3.970125e+000 9.100736e+000 -4.826844e-001 6.070148e+002
-3.969989e+000 9.101149e+000 -4.826108e-001 6.070128e+002
-3.969852e+000 9.101563e+000 -4.825370e-001 6.070109e+002
-3.969714e+000 9.101977e+000 -4.824630e-001 6.070089e+002
-3.969576e+000 9.102393e+000 -4.823888e-001 6.070070e+002
-3.969438e+000 9.102810e+000 -4.823143e-001 6.070049e+002
-3.969299e+000 9.103228e+000 -4.822398e-001 6.070029e+002
-3.969159e+000 9.103646e+000 -4.821649e-001 6.070009e+002
-3.969020e+000 9.104066e+000 -4.820899e-001 6.069990e+002
-3.968879e+000 9.104486e+000 -4.820147e-001 6.069969e+002
-3.968739e+000 9.104909e+000 -4.819394e-001 6.069949e+002
-3.968598e+000 9.105332e+000 -4.818638e-001 6.069928e+002
-3.968456e+000 9.105757e+000 -4.817880e-001 6.069908e+002
-3.968314e+000 9.106182e+000 -4.817120e-001 6.069887e+002
-3.968171e+000 9.106608e+000 -4.816358e-001 6.069866e+002
-3.968028e+000 9.107036e+000 -4.815594e-001 6.069846e+002
-3.967885e+000 9.107464e+000 -4.814829e-001 6.069824e+002
-3.967741e+000 9.107893e+000 -4.814060e-001 6.069803e+002
-3.967596e+000 9.108323e+000 -4.813290e-001 6.069782e+002
-3.967451e+000 9.108754e+000 -4.812518e-001 6.069761e+002
-3.967306e+000 9.109186e+000 -4.811743e-001 6.069739e+002
-3.967160e+000 9.109620e+000 -4.810967e-001 6.069717e+002
-3.967014e+000 9.110055e+000 -4.810187e-001 6.069696e+002
-3.966867e+000 9.110491e+000 -4.809405e-001 6.069674e+002
-3.966719e+000 9.110928e+000 -4.808623e-001 6.069652e+002
-3.966571e+000 9.111365e+000 -4.807838e-001 6.069631e+002
-3.966423e+000 9.111804e+000 -4.807051e-001 6.069608e+002
-3.966274e+000 9.112244e+000 -4.806262e-001 6.069586e+002
-3.966125e+000 9.112684e+000 -4.805471e-001 6.069564e+002
-3.965975e+000 9.113127e+000 -4.804678e-001 6.069542e+002
-3.965824e+000 9.113570e+000 -4.803883e-001 6.069518e+002
-3.965673e+000 9.114015e+000 -4.803085e-001 6.069496e+002
-3.965522e+000 9.114460e+000 -4.802285e-001 6.069473e+002
-3.965369e+000 9.114906e+000 -4.801483e-001 6.069451e+002
-3.965217e+000 9.115354e+000 -4.800678e-001 6.069427e+002
-3.965064e+000 9.115803e+000 -4.799871e-001 6.069404e+002
-3.964910e+000 9.116253e+000 -4.799063e-001 6.069381e+002
-3.964756e+000 9.116704e+000 -4.798251e-001 6.069357e+002
-3.964601e+000 9.117156e+000 -4.797438e-001 6.069334e+002
-3.964446e+000 9.117609e+000 -4.796622e-001 6.069310e+002
-3.964290e+000 9.118064e+000 -4.795803e-001 6.069286e+002
-3.964134e+000 9.118520e+000 -4.794983e-001 6.069263e+002
-3.963977e+000 9.118977e+000 -4.794160e-001 6.069239e+002
-3.963820e+000 9.119434e+000 -4.793335e-001 6.069214e+002
-3.963661e+000 9.119893e+000 -4.792508e-001 6.069190e+002
-3.963503e+000 9.120354e+000 -4.791678e-001 6.069166e+002
-3.963344e+000 9.120815e+000 -4.790846e-001 6.069141e+002
-3.963184e+000 9.121278e+000 -4.790010e-001 6.069117e+002
-3.963024e+000 9.121741e+000 -4.789174e-001 6.069092e+002
-3.962863e+000 9.122206e+000 -4.788334e-001 6.069067e+002
-3.962702e+000 9.122672e+000 -4.787493e-001 6.069042e+002
-3.962540e+000 9.123139e+000 -4.786650e-001 6.069017e+002
-3.962377e+000 9.123608e+000 -4.785802e-001 6.068992e+002
-3.962214e+000 9.124077e+000 -4.784954e-001 6.068966e+002
-3.962050e+000 9.124548e+000 -4.784104e-001 6.068940e+002
-3.961886e+000 9.125020e+000 -4.783251e-001 6.068915e+002
-3.961721e+000 9.125493e+000 -4.782395e-001 6.068889e+002
-3.961555e+000 9.125967e+000 -4.781537e-001 6.068863e+002
-3.961389e+000 9.126443e+000 -4.780677e-001 6.068837e+002
-3.961223e+000 9.126920e+000 -4.779814e-001 6.068810e+002
-3.961055e+000 9.127398e+000 -4.778949e-001 6.068784e+002
-3.960887e+000 9.127877e+000 -4.778082e-001 6.068757e+002
-3.960719e+000 9.128358e+000 -4.777211e-001 6.068730e+002
-3.960550e+000 9.128839e+000 -4.776337e-001 6.068704e+002
-3.960380e+000 9.129323e+000 -4.775461e-001 6.068677e+002
-3.960210e+000 9.129807e+000 -4.774584e-001 6.068650e+002
-3.960039e+000 9.130293e+000 -4.773702e-001 6.068622e+002
-3.959867e+000 9.130780e+000 -4.772820e-001 6.068595e+002
-3.959695e+000 9.131269e+000 -4.771933e-001 6.068568e+002
-3.959522e+000 9.131759e+000 -4.771045e-001 6.068539e+002
-3.959349e+000 9.132250e+000 -4.770153e-001 6.068511e+002
-3.959174e+000 9.132742e+000 -4.769259e-001 6.068483e+002
-3.959000e+000 9.133235e+000 -4.768364e-001 6.068455e+002
-3.958824e+000 9.133730e+000 -4.767464e-001 6.068427e+002
-3.958648e+000 9.134226e+000 -4.766564e-001 6.068398e+002
-3.958471e+000 9.134724e+000 -4.765659e-001 6.068370e+002
-3.958294e+000 9.135222e+000 -4.764752e-001 6.068340e+002
-3.958116e+000 9.135722e+000 -4.763843e-001 6.068312e+002
-3.957937e+000 9.136224e+000 -4.762930e-001 6.068282e+002
-3.957757e+000 9.136726e+000 -4.762014e-001 6.068253e+002
-3.957577e+000 9.137231e+000 -4.761097e-001 6.068224e+002
-3.957397e+000 9.137736e+000 -4.760177e-001 6.068194e+002
-3.957215e+000 9.138244e+000 -4.759254e-001 6.068164e+002
-3.957033e+000 9.138752e+000 -4.758328e-001 6.068134e+002
-3.956850e+000 9.139261e+000 -4.757400e-001 6.068104e+002
-3.956666e+000 9.139772e+000 -4.756468e-001 6.068073e+002
-3.956482e+000 9.140285e+000 -4.755535e-001 6.068043e+002
-3.956297e+000 9.140799e+000 -4.754598e-001 6.068012e+002
-3.956112e+000 9.141314e+000 -4.753658e-001 6.067981e+002
-3.955925e+000 9.141830e+000 -4.752714e-001 6.067950e+002
-3.955738e+000 9.142348e+000 -4.751768e-001 6.067919e+002
-3.955550e+000 9.142868e+000 -4.750820e-001 6.067888e+002
-3.955362e+000 9.143389e+000 -4.749869e-001 6.067856e+002
-3.955173e+000 9.143911e+000 -4.748914e-001 6.067824e+002
-3.954983e+000 9.144435e+000 -4.747957e-001 6.067792e+002
-3.954792e+000 9.144960e+000 -4.746996e-001 6.067760e+002
-3.954601e+000 9.145487e+000 -4.746034e-001 6.067728e+002
-3.954408e+000 9.146015e+000 -4.745068e-001 6.067695e+002
-3.954216e+000 9.146544e+000 -4.744100e-001 6.067662e+002
-3.954022e+000 9.147076e+000 -4.743128e-001 6.067629e+002
-3.953827e+000 9.147608e+000 -4.742154e-001 6.067596e+002
-3.953632e+000 9.148142e+000 -4.741177e-001 6.067563e+002
-3.953436e+000 9.148677e+000 -4.740196e-001 6.067529e+002
-3.953239e+000 9.149214e+000 -4.739212e-001 6.067496e+002
-3.953042e+000 9.149752e+000 -4.738227e-001 6.067462e+002
-3.952844e+000 9.150291e+000 -4.737236e-001 6.067428e+002
-3.952645e+000 9.150833e+000 -4.736244e-001 6.067394e+002
-3.952445e+000 9.151376e+000 -4.735249e-001 6.067359e+002
-3.952244e+000 9.151920e+000 -4.734250e-001 6.067324e+002
-3.952043e+000 9.152466e+000 -4.733248e-001 6.067289e+002
-3.951841e+000 9.153013e+000 -4.732242e-001 6.067254e+002
-3.951638e+000 9.153563e+000 -4.731236e-001 6.067219e+002
-3.951434e+000 9.154113e+000 -4.730224e-001 6.067184e+002
-3.951229e+000 9.154665e+000 -4.729210e-001 6.067148e+002
-3.951024e+000 9.155218e+000 -4.728192e-001 6.067112e+002
-3.950817e+000 9.155773e+000 -4.727172e-001 6.067076e+002
-3.950610e+000 9.156330e+000 -4.726148e-001 6.067039e+002
-3.950402e+000 9.156888e+000 -4.725120e-001 6.067003e+002
-3.950193e+000 9.157448e+000 -4.724090e-001 6.066966e+002
-3.949984e+000 9.158010e+000 -4.723056e-001 6.066929e+002
-3.949773e+000 9.158573e+000 -4.722019e-001 6.066891e+002
-3.949562e+000 9.159138e+000 -4.720980e-001 6.066854e+002
-3.949350e+000 9.159704e+000 -4.719936e-001 6.066816e+002
-3.949136e+000 9.160273e+000 -4.718889e-001 6.066779e+002
-3.948923e+000 9.160842e+000 -4.717838e-001 6.066740e+002
-3.948708e+000 9.161413e+000 -4.716784e-001 6.066702e+002
-3.948492e+000 9.161986e+000 -4.715727e-001 6.066663e+002
-3.948275e+000 9.162561e+000 -4.714667e-001 6.066624e+002
-3.948058e+000 9.163137e+000 -4.713604e-001 6.066585e+002
-3.947839e+000 9.163715e+000 -4.712537e-001 6.066546e+002
-3.947620e+000 9.164295e+000 -4.711466e-001 6.066506e+002
-3.947400e+000 9.164877e+000 -4.710393e-001 6.066467e+002
-3.947179e+000 9.165460e+000 -4.709317e-001 6.066426e+002
-3.946956e+000 9.166044e+000 -4.708237e-001 6.066386e+002
-3.946733e+000 9.166631e+000 -4.707153e-001 6.066345e+002
-3.946510e+000 9.167219e+000 -4.706065e-001 6.066304e+002
-3.946285e+000 9.167809e+000 -4.704974e-001 6.066263e+002
-3.946059e+000 9.168401e+000 -4.703879e-001 6.066223e+002
-3.945832e+000 9.168994e+000 -4.702781e-001 6.066180e+002
-3.945605e+000 9.169589e+000 -4.701679e-001 6.066139e+002
-3.945376e+000 9.170186e+000 -4.700575e-001 6.066097e+002
-3.945146e+000 9.170785e+000 -4.699467e-001 6.066054e+002
-3.944916e+000 9.171386e+000 -4.698355e-001 6.066011e+002
-3.944684e+000 9.171988e+000 -4.697239e-001 6.065969e+002
-3.944452e+000 9.172591e+000 -4.696119e-001 6.065925e+002
-3.944218e+000 9.173197e+000 -4.694994e-001 6.065882e+002
-3.943983e+000 9.173804e+000 -4.693868e-001 6.065838e+002
-3.943748e+000 9.174414e+000 -4.692736e-001 6.065794e+002
-3.943511e+000 9.175025e+000 -4.691602e-001 6.065750e+002
-3.943274e+000 9.175638e+000 -4.690464e-001 6.065706e+002
-3.943035e+000 9.176253e+000 -4.689322e-001 6.065660e+002
-3.942796e+000 9.176870e+000 -4.688175e-001 6.065615e+002
-3.942555e+000 9.177489e+000 -4.687025e-001 6.065570e+002
-3.942313e+000 9.178110e+000 -4.685871e-001 6.065524e+002
-3.942070e+000 9.178733e+000 -4.684714e-001 6.065478e+002
-3.941826e+000 9.179358e+000 -4.683553e-001 6.065432e+002
-3.941581e+000 9.179984e+000 -4.682387e-001 6.065385e+002
-3.941335e+000 9.180613e+000 -4.681218e-001 6.065338e+002
-3.941088e+000 9.181243e+000 -4.680045e-001 6.065291e+002
-3.940840e+000 9.181875e+000 -4.678868e-001 6.065244e+002
-3.940591e+000 9.182509e+000 -4.677688e-001 6.065195e+002
-3.940341e+000 9.183146e+000 -4.676504e-001 6.065147e+002
-3.940089e+000 9.183784e+000 -4.675315e-001 6.065099e+002
-3.939837e+000 9.184423e+000 -4.674122e-001 6.065050e+002
-3.939583e+000 9.185065e+000 -4.672926e-001 6.065001e+002
-3.939328e+000 9.185709e+000 -4.671725e-001 6.064951e+002
-3.939072e+000 9.186355e+000 -4.670520e-001 6.064902e+002
-3.938815e+000 9.187002e+000 -4.669312e-001 6.064852e+002
-3.938557e+000 9.187652e+000 -4.668099e-001 6.064801e+002
-3.938298e+000 9.188303e+000 -4.666881e-001 6.064750e+002
-3.938037e+000 9.188956e+000 -4.665661e-001 6.064699e+002
-3.937775e+000 9.189612e+000 -4.664435e-001 6.064648e+002
-3.937512e+000 9.190270e+000 -4.663205e-001 6.064596e+002
-3.937248e+000 9.190930e+000 -4.661972e-001 6.064544e+002
-3.936983e+000 9.191592e+000 -4.660734e-001 6.064492e+002
-3.936716e+000 9.192256e+000 -4.659492e-001 6.064439e+002
-3.936449e+000 9.192923e+000 -4.658246e-001 6.064385e+002
-3.936180e+000 9.193591e+000 -4.656996e-001 6.064332e+002
-3.935910e+000 9.194262e+000 -4.655741e-001 6.064278e+002
-3.935638e+000 9.194934e+000 -4.654481e-001 6.064224e+002
-3.935365e+000 9.195608e+000 -4.653217e-001 6.064169e+002
-3.935092e+000 9.196285e+000 -4.651949e-001 6.064114e+002
-3.934816e+000 9.196964e+000 -4.650676e-001 6.064059e+002
-3.934540e+000 9.197645e+000 -4.649398e-001 6.064003e+002
-3.934262e+000 9.198328e+000 -4.648115e-001 6.063947e+002
-3.933983e+000 9.199014e+000 -4.646829e-001 6.063890e+002
-3.933703e+000 9.199701e+000 -4.645537e-001 6.063834e+002
-3.933421e+000 9.200391e+000 -4.644243e-001 6.063776e+002
-3.933138e+000 9.201083e+000 -4.642944e-001 6.063718e+002
-3.932854e+000 9.201777e+000 -4.641641e-001 6.063661e+002
-3.932569e+000 9.202474e+000 -4.640332e-001 6.063602e+002
-3.932282e+000 9.203173e+000 -4.639018e-001 6.063543e+002
-3.931993e+000 9.203874e+000 -4.637700e-001 6.063484e+002
-3.931704e+000 9.204576e+000 -4.636378e-001 6.063424e+002
-3.931413e+000 9.205282e+000 -4.635050e-001 6.063364e+002
-3.931121e+000 9.205990e+000 -4.633719e-001 6.063304e+002
-3.930827e+000 9.206700e+000 -4.632382e-001 6.063243e+002
-3.930532e+000 9.207413e+000 -4.631041e-001 6.063181e+002
-3.930235e+000 9.208128e+000 -4.629694e-001 6.063120e+002
-3.929937e+000 9.208845e+000 -4.628343e-001 6.063057e+002
-3.929638e+000 9.209565e+000 -4.626986e-001 6.062994e+002
-3.929337e+000 9.210287e+000 -4.625625e-001 6.062932e+002
-3.929035e+000 9.211012e+000 -4.624259e-001 6.062868e+002
-3.928731e+000 9.211739e+000 -4.622889e-001 6.062804e+002
-3.928426e+000 9.212468e+000 -4.621515e-001 6.062739e+002
-3.928119e+000 9.213200e+000 -4.620135e-001 6.062675e+002
-3.927811e+000 9.213934e+000 -4.618749e-001 6.062609e+002
-3.927501e+000 9.214670e+000 -4.617358e-001 6.062543e+002
-3.927190e+000 9.215409e+000 -4.615964e-001 6.062477e+002
-3.926877e+000 9.216150e+000 -4.614564e-001 6.062410e+002
-3.926563e+000 9.216894e+000 -4.613158e-001 6.062343e+002
-3.926247e+000 9.217641e+000 -4.611748e-001 6.062275e+002
-3.925930e+000 9.218390e+000 -4.610333e-001 6.062206e+002
-3.925611e+000 9.219141e+000 -4.608911e-001 6.062137e+002
-3.925291e+000 9.219895e+000 -4.607485e-001 6.062068e+002
-3.924968e+000 9.220652e+000 -4.606055e-001 6.061999e+002
-3.924645e+000 9.221411e+000 -4.604618e-001 6.061929e+002
-3.924319e+000 9.222173e+000 -4.603176e-001 6.061858e+002
-3.923992e+000 9.222937e+000 -4.601730e-001 6.061786e+002
-3.923664e+000 9.223703e+000 -4.600278e-001 6.061714e+002
-3.923334e+000 9.224473e+000 -4.598820e-001 6.061642e+002
-3.923002e+000 9.225245e+000 -4.597357e-001 6.061569e+002
-3.922668e+000 9.226020e+000 -4.595887e-001 6.061496e+002
-3.922333e+000 9.226797e+000 -4.594414e-001 6.061422e+002
-3.921996e+000 9.227577e+000 -4.592935e-001 6.061348e+002
-3.921657e+000 9.228360e+000 -4.591451e-001 6.061273e+002
-3.921317e+000 9.229146e+000 -4.589961e-001 6.061196e+002
-3.920975e+000 9.229935e+000 -4.588465e-001 6.061120e+002
-3.920631e+000 9.230725e+000 -4.586964e-001 6.061044e+002
-3.920285e+000 9.231519e+000 -4.585457e-001 6.060966e+002
-3.919938e+000 9.232315e+000 -4.583943e-001 6.060889e+002
-3.919589e+000 9.233114e+000 -4.582425e-001 6.060810e+002
-3.919238e+000 9.233916e+000 -4.580900e-001 6.060731e+002
-3.918885e+000 9.234721e+000 -4.579369e-001 6.060651e+002
-3.918530e+000 9.235529e+000 -4.577833e-001 6.060571e+002
-3.918174e+000 9.236340e+000 -4.576292e-001 6.060490e+002
-3.917815e+000 9.237153e+000 -4.574744e-001 6.060408e+002
-3.917455e+000 9.237969e+000 -4.573190e-001 6.060326e+002
-3.917093e+000 9.238789e+000 -4.571632e-001 6.060244e+002
-3.916729e+000 9.239611e+000 -4.570067e-001 6.060160e+002
-3.916363e+000 9.240436e+000 -4.568495e-001 6.060076e+002
-3.915995e+000 9.241263e+000 -4.566918e-001 6.059991e+002
-3.915625e+000 9.242094e+000 -4.565336e-001 6.059906e+002
-3.915254e+000 9.242928e+000 -4.563746e-001 6.059820e+002
-3.914880e+000 9.243765e+000 -4.562152e-001 6.059733e+002
-3.914504e+000 9.244605e+000 -4.560550e-001 6.059645e+002
-3.914127e+000 9.245448e+000 -4.558943e-001 6.059557e+002
-3.913747e+000 9.246294e+000 -4.557329e-001 6.059469e+002
-3.913365e+000 9.247143e+000 -4.555708e-001 6.059379e+002
-3.912981e+000 9.247994e+000 -4.554081e-001 6.059290e+002
-3.912595e+000 9.248850e+000 -4.552449e-001 6.059199e+002
-3.912207e+000 9.249708e+000 -4.550811e-001 6.059107e+002
-3.911817e+000 9.250569e+000 -4.549165e-001 6.059014e+002
-3.911425e+000 9.251434e+000 -4.547514e-001 6.058922e+002
-3.911031e+000 9.252302e+000 -4.545856e-001 6.058828e+002
-3.910634e+000 9.253173e+000 -4.544191e-001 6.058733e+002
-3.910236e+000 9.254046e+000 -4.542521e-001 6.058638e+002
-3.909835e+000 9.254924e+000 -4.540842e-001 6.058542e+002
-3.909432e+000 9.255804e+000 -4.539158e-001 6.058445e+002
-3.909027e+000 9.256688e+000 -4.537468e-001 6.058347e+002
-3.908619e+000 9.257575e+000 -4.535770e-001 6.058250e+002
-3.908210e+000 9.258465e+000 -4.534066e-001 6.058150e+002
-3.907798e+000 9.259358e+000 -4.532355e-001 6.058050e+002
-3.907383e+000 9.260255e+000 -4.530638e-001 6.057949e+002
-3.906967e+000 9.261155e+000 -4.528913e-001 6.057848e+002
-3.906548e+000 9.262058e+000 -4.527182e-001 6.057745e+002
-3.906127e+000 9.262965e+000 -4.525443e-001 6.057642e+002
-3.905703e+000 9.263876e+000 -4.523698e-001 6.057538e+002
-3.905277e+000 9.264790e+000 -4.521946e-001 6.057433e+002
-3.904849e+000 9.265707e+000 -4.520187e-001 6.057328e+002
-3.904418e+000 9.266627e+000 -4.518422e-001 6.057221e+002
-3.903985e+000 9.267551e+000 -4.516649e-001 6.057114e+002
-3.903549e+000 9.268479e+000 -4.514868e-001 6.057005e+002
-3.903111e+000 9.269410e+000 -4.513082e-001 6.056896e+002
-3.902670e+000 9.270345e+000 -4.511288e-001 6.056785e+002
-3.902227e+000 9.271283e+000 -4.509485e-001 6.056674e+002
-3.901781e+000 9.272225e+000 -4.507676e-001 6.056563e+002
-3.901333e+000 9.273170e+000 -4.505860e-001 6.056450e+002
-3.900882e+000 9.274119e+000 -4.504036e-001 6.056335e+002
-3.900428e+000 9.275072e+000 -4.502205e-001 6.056220e+002
-3.899972e+000 9.276029e+000 -4.500366e-001 6.056104e+002
-3.899513e+000 9.276989e+000 -4.498520e-001 6.055988e+002
-3.899051e+000 9.277953e+000 -4.496667e-001 6.055869e+002
-3.898587e+000 9.278920e+000 -4.494806e-001 6.055751e+002
-3.898120e+000 9.279891e+000 -4.492939e-001 6.055630e+002
-3.897651e+000 9.280866e+000 -4.491063e-001 6.055510e+002
-3.897179e+000 9.281844e+000 -4.489180e-001 6.055388e+002
-3.896703e+000 9.282826e+000 -4.487288e-001 6.055266e+002
-3.896225e+000 9.283813e+000 -4.485390e-001 6.055141e+002
-3.895745e+000 9.284804e+000 -4.483484e-001 6.055016e+002
-3.895261e+000 9.285799e+000 -4.481569e-001 6.054890e+002
-3.894774e+000 9.286798e+000 -4.479645e-001 6.054763e+002
-3.894284e+000 9.287800e+000 -4.477713e-001 6.054634e+002
-3.893792e+000 9.288806e+000 -4.475774e-001 6.054504e+002
-3.893296e+000 9.289816e+000 -4.473825e-001 6.054374e+002
-3.892798e+000 9.290831e+000 -4.471870e-001 6.054242e+002
-3.892296e+000 9.291849e+000 -4.469908e-001 6.054109e+002
-3.891792e+000 9.292871e+000 -4.467938e-001 6.053975e+002
-3.891284e+000 9.293898e+000 -4.465958e-001 6.053839e+002
-3.890774e+000 9.294929e+000 -4.463969e-001 6.053703e+002
-3.890260e+000 9.295963e+000 -4.461974e-001 6.053565e+002
-3.889743e+000 9.297002e+000 -4.459969e-001 6.053426e+002
-3.889222e+000 9.298045e+000 -4.457957e-001 6.053286e+002
-3.888699e+000 9.299092e+000 -4.455935e-001 6.053145e+002
-3.888172e+000 9.300143e+000 -4.453905e-001 6.053002e+002
-3.887642e+000 9.301199e+000 -4.451866e-001 6.052858e+002
-3.887109e+000 9.302259e+000 -4.449819e-001 6.052712e+002
-3.886572e+000 9.303324e+000 -4.447764e-001 6.052566e+002
-3.886032e+000 9.304393e+000 -4.445699e-001 6.052418e+002
-3.885489e+000 9.305466e+000 -4.443626e-001 6.052268e+002
-3.884942e+000 9.306543e+000 -4.441543e-001 6.052117e+002
-3.884392e+000 9.307626e+000 -4.439452e-001 6.051965e+002
-3.883838e+000 9.308712e+000 -4.437352e-001 6.051812e+002
-3.883281e+000 9.309803e+000 -4.435245e-001 6.051657e+002
-3.882720e+000 9.310899e+000 -4.433127e-001 6.051501e+002
-3.882156e+000 9.311998e+000 -4.430999e-001 6.051343e+002
-3.881588e+000 9.313103e+000 -4.428863e-001 6.051184e+002
-3.881016e+000 9.314212e+000 -4.426719e-001 6.051024e+002
-3.880441e+000 9.315326e+000 -4.424565e-001 6.050861e+002
-3.879862e+000 9.316444e+000 -4.422402e-001 6.050698e+002
-3.879280e+000 9.317568e+000 -4.420229e-001 6.050532e+002
-3.878693e+000 9.318696e+000 -4.418047e-001 6.050366e+002
-3.878103e+000 9.319829e+000 -4.415854e-001 6.050197e+002
-3.877509e+000 9.320967e+000 -4.413653e-001 6.050027e+002
-3.876911e+000 9.322109e+000 -4.411443e-001 6.049855e+002
-3.876309e+000 9.323256e+000 -4.409223e-001 6.049682e+002
-3.875703e+000 9.324409e+000 -4.406993e-001 6.049507e+002
-3.875093e+000 9.325565e+000 -4.404753e-001 6.049331e+002
-3.874479e+000 9.326727e+000 -4.402503e-001 6.049153e+002
-3.873861e+000 9.327894e+000 -4.400244e-001 6.048973e+002
-3.873239e+000 9.329066e+000 -4.397975e-001 6.048792e+002
-3.872613e+000 9.330243e+000 -4.395696e-001 6.048608e+002
-3.871982e+000 9.331425e+000 -4.393407e-001 6.048423e+002
-3.871347e+000 9.332612e+000 -4.391108e-001 6.048235e+002
-3.870708e+000 9.333804e+000 -4.388799e-001 6.048047e+002
-3.870065e+000 9.335002e+000 -4.386480e-001 6.047856e+002
-3.869418e+000 9.336205e+000 -4.384149e-001 6.047664e+002
-3.868766e+000 9.337413e+000 -4.381810e-001 6.047469e+002
-3.868109e+000 9.338626e+000 -4.379460e-001 6.047273e+002
-3.867448e+000 9.339845e+000 -4.377100e-001 6.047075e+002
-3.866783e+000 9.341069e+000 -4.374728e-001 6.046874e+002
-3.866112e+000 9.342299e+000 -4.372346e-001 6.046672e+002
-3.865438e+000 9.343534e+000 -4.369953e-001 6.046468e+002
-3.864758e+000 9.344774e+000 -4.367549e-001 6.046262e+002
-3.864074e+000 9.346020e+000 -4.365135e-001 6.046053e+002
-3.863385e+000 9.347271e+000 -4.362710e-001 6.045842e+002
-3.862691e+000 9.348528e+000 -4.360275e-001 6.045630e+002
-3.861993e+000 9.349791e+000 -4.357829e-001 6.045415e+002
-3.861289e+000 9.351059e+000 -4.355372e-001 6.045198e+002
-3.860581e+000 9.352333e+000 -4.352903e-001 6.044979e+002
-3.859867e+000 9.353613e+000 -4.350424e-001 6.044758e+002
-3.859149e+000 9.354898e+000 -4.347933e-001 6.044534e+002
-3.858425e+000 9.356190e+000 -4.345430e-001 6.044308e+002
-3.857696e+000 9.357487e+000 -4.342917e-001 6.044080e+002
-3.856962e+000 9.358789e+000 -4.340392e-001 6.043849e+002
-3.856223e+000 9.360099e+000 -4.337856e-001 6.043616e+002
-3.855478e+000 9.361414e+000 -4.335310e-001 6.043380e+002
-3.854728e+000 9.362735e+000 -4.332750e-001 6.043142e+002
-3.853972e+000 9.364062e+000 -4.330179e-001 6.042902e+002
-3.853211e+000 9.365396e+000 -4.327596e-001 6.042659e+002
-3.852445e+000 9.366735e+000 -4.325001e-001 6.042413e+002
-3.851673e+000 9.368081e+000 -4.322394e-001 6.042165e+002
-3.850895e+000 9.369433e+000 -4.319776e-001 6.041914e+002
-3.850111e+000 9.370791e+000 -4.317147e-001 6.041661e+002
-3.849322e+000 9.372156e+000 -4.314504e-001 6.041404e+002
-3.848527e+000 9.373528e+000 -4.311849e-001 6.041145e+002
-3.847725e+000 9.374905e+000 -4.309183e-001 6.040884e+002
-3.846918e+000 9.376288e+000 -4.306503e-001 6.040619e+002
-3.846105e+000 9.377679e+000 -4.303813e-001 6.040352e+002
-3.845286e+000 9.379076e+000 -4.301110e-001 6.040081e+002
-3.844460e+000 9.380480e+000 -4.298396e-001 6.039808e+002
-3.843629e+000 9.381890e+000 -4.295668e-001 6.039531e+002
-3.842791e+000 9.383307e+000 -4.292927e-001 6.039252e+002
-3.841946e+000 9.384731e+000 -4.290173e-001 6.038970e+002
-3.841095e+000 9.386162e+000 -4.287406e-001 6.038684e+002
-3.840238e+000 9.387600e+000 -4.284628e-001 6.038395e+002
-3.839374e+000 9.389045e+000 -4.281836e-001 6.038103e+002
-3.838504e+000 9.390496e+000 -4.279030e-001 6.037808e+002
-3.837626e+000 9.391955e+000 -4.276211e-001 6.037509e+002
-3.836742e+000 9.393421e+000 -4.273381e-001 6.037207e+002
-3.835851e+000 9.394895e+000 -4.270535e-001 6.036902e+002
-3.834953e+000 9.396375e+000 -4.267679e-001 6.036593e+002
-3.834047e+000 9.397862e+000 -4.264807e-001 6.036281e+002
-3.833135e+000 9.399358e+000 -4.261923e-001 6.035964e+002
-3.832215e+000 9.400860e+000 -4.259026e-001 6.035645e+002
-3.831289e+000 9.402369e+000 -4.256115e-001 6.035322e+002
-3.830354e+000 9.403887e+000 -4.253191e-001 6.034995e+002
-3.829413e+000 9.405412e+000 -4.250253e-001 6.034664e+002
-3.828464e+000 9.406944e+000 -4.247300e-001 6.034329e+002
-3.827507e+000 9.408484e+000 -4.244334e-001 6.033990e+002
-3.826542e+000 9.410032e+000 -4.241354e-001 6.033649e+002
-3.825570e+000 9.411588e+000 -4.238359e-001 6.033302e+002
-3.824589e+000 9.413151e+000 -4.235352e-001 6.032951e+002
-3.823601e+000 9.414721e+000 -4.232329e-001 6.032596e+002
-3.822605e+000 9.416301e+000 -4.229292e-001 6.032238e+002
-3.821600e+000 9.417888e+000 -4.226242e-001 6.031874e+002
-3.820587e+000 9.419483e+000 -4.223177e-001 6.031506e+002
-3.819566e+000 9.421087e+000 -4.220097e-001 6.031135e+002
-3.818536e+000 9.422699e+000 -4.217002e-001 6.030757e+002
-3.817497e+000 9.424319e+000 -4.213892e-001 6.030377e+002
-3.816451e+000 9.425948e+000 -4.210767e-001 6.029991e+002
-3.815395e+000 9.427585e+000 -4.207627e-001 6.029601e+002
-3.814330e+000 9.429230e+000 -4.204475e-001 6.029205e+002
-3.813256e+000 9.430883e+000 -4.201306e-001 6.028805e+002
-3.812173e+000 9.432546e+000 -4.198122e-001 6.028400e+002
-3.811081e+000 9.434217e+000 -4.194922e-001 6.027990e+002
-3.809979e+000 9.435898e+000 -4.191708e-001 6.027574e+002
-3.808868e+000 9.437587e+000 -4.188479e-001 6.027154e+002
-3.807748e+000 9.439285e+000 -4.185234e-001 6.026728e+002
-3.806617e+000 9.440992e+000 -4.181973e-001 6.026296e+002
-3.805477e+000 9.442709e+000 -4.178698e-001 6.025860e+002
-3.804327e+000 9.444434e+000 -4.175407e-001 6.025417e+002
-3.803167e+000 9.446169e+000 -4.172100e-001 6.024969e+002
-3.801997e+000 9.447913e+000 -4.168777e-001 6.024516e+002
-3.800816e+000 9.449666e+000 -4.165438e-001 6.024056e+002
-3.799625e+000 9.451429e+000 -4.162084e-001 6.023591e+002
-3.798423e+000 9.453201e+000 -4.158714e-001 6.023120e+002
-3.797211e+000 9.454984e+000 -4.155328e-001 6.022642e+002
-3.795987e+000 9.456776e+000 -4.151925e-001 6.022158e+002
-3.794753e+000 9.458577e+000 -4.148507e-001 6.021668e+002
-3.793507e+000 9.460389e+000 -4.145073e-001 6.021171e+002
-3.792250e+000 9.462211e+000 -4.141622e-001 6.020668e+002
-3.790982e+000 9.464043e+000 -4.138154e-001 6.020157e+002
-3.789702e+000 9.465884e+000 -4.134668e-001 6.019640e+002
-3.788410e+000 9.467736e+000 -4.131165e-001 6.019116e+002
-3.787106e+000 9.469599e+000 -4.127648e-001 6.018585e+002
-3.785790e+000 9.471472e+000 -4.124114e-001 6.018047e+002
-3.784462e+000 9.473355e+000 -4.120563e-001 6.017501e+002
-3.783122e+000 9.475249e+000 -4.116995e-001 6.016948e+002
-3.781769e+000 9.477155e+000 -4.113410e-001 6.016387e+002
-3.780403e+000 9.479071e+000 -4.109806e-001 6.015818e+002
-3.779024e+000 9.480998e+000 -4.106185e-001 6.015242e+002
-3.777632e+000 9.482936e+000 -4.102549e-001 6.014657e+002
-3.776227e+000 9.484885e+000 -4.098894e-001 6.014064e+002
-3.774808e+000 9.486846e+000 -4.095223e-001 6.013463e+002
-3.773376e+000 9.488818e+000 -4.091532e-001 6.012853e+002
-3.771929e+000 9.490801e+000 -4.087825e-001 6.012234e+002
-3.770468e+000 9.492796e+000 -4.084101e-001 6.011608e+002
-3.768994e+000 9.494802e+000 -4.080358e-001 6.010971e+002
-3.767505e+000 9.496820e+000 -4.076598e-001 6.010325e+002
-3.766001e+000 9.498851e+000 -4.072820e-001 6.009670e+002
-3.764482e+000 9.500894e+000 -4.069025e-001 6.009006e+002
-3.762949e+000 9.502948e+000 -4.065212e-001 6.008331e+002
-3.761399e+000 9.505014e+000 -4.061380e-001 6.007646e+002
-3.759835e+000 9.507093e+000 -4.057530e-001 6.006952e+002
-3.758254e+000 9.509185e+000 -4.053662e-001 6.006248e+002
-3.756657e+000 9.511290e+000 -4.049776e-001 6.005532e+002
-3.755044e+000 9.513407e+000 -4.045872e-001 6.004805e+002
-3.753415e+000 9.515537e+000 -4.041950e-001 6.004067e+002
-3.751769e+000 9.517680e+000 -4.038010e-001 6.003318e+002
-3.750106e+000 9.519836e+000 -4.034051e-001 6.002559e+002
-3.748425e+000 9.522006e+000 -4.030074e-001 6.001786e+002
-3.746728e+000 9.524189e+000 -4.026078e-001 6.001003e+002
-3.745012e+000 9.526386e+000 -4.022063e-001 6.000206e+002
-3.743278e+000 9.528597e+000 -4.018030e-001 5.999398e+002
-3.741526e+000 9.530821e+000 -4.013979e-001 5.998576e+002
-3.739755e+000 9.533059e+000 -4.009908e-001 5.997742e+002
-3.737965e+000 9.535312e+000 -4.005819e-001 5.996893e+002
-3.736156e+000 9.537579e+000 -4.001710e-001 5.996032e+002
-3.734327e+000 9.539861e+000 -3.997584e-001 5.995156e+002
-3.732478e+000 9.542157e+000 -3.993439e-001 5.994266e+002
-3.730610e+000 9.544468e+000 -3.989273e-001 5.993362e+002
-3.728722e+000 9.546794e+000 -3.985090e-001 5.992443e+002
-3.726812e+000 9.549135e+000 -3.980888e-001 5.991508e+002
-3.724881e+000 9.551492e+000 -3.976668e-001 5.990558e+002
-3.722928e+000 9.553864e+000 -3.972429e-001 5.989592e+002
-3.720954e+000 9.556252e+000 -3.968171e-001 5.988610e+002
-3.718957e+000 9.558656e+000 -3.963894e-001 5.987610e+002
-3.716938e+000 9.561075e+000 -3.959597e-001 5.986594e+002
-3.714896e+000 9.563511e+000 -3.955281e-001 5.985560e+002
-3.712831e+000 9.565964e+000 -3.950948e-001 5.984509e+002
-3.710741e+000 9.568434e+000 -3.946595e-001 5.983439e+002
-3.708628e+000 9.570920e+000 -3.942223e-001 5.982350e+002
-3.706490e+000 9.573423e+000 -3.937832e-001 5.981241e+002
-3.704326e+000 9.575944e+000 -3.933422e-001 5.980114e+002
-3.702137e+000 9.578483e+000 -3.928993e-001 5.978965e+002
-3.699922e+000 9.581038e+000 -3.924546e-001 5.977797e+002
-3.697681e+000 9.583612e+000 -3.920080e-001 5.976606e+002
-3.695413e+000 9.586205e+000 -3.915595e-001 5.975394e+002
-3.693116e+000 9.588815e+000 -3.911091e-001 5.974160e+002
-3.690793e+000 9.591444e+000 -3.906570e-001 5.972902e+002
-3.688441e+000 9.594092e+000 -3.902032e-001 5.971621e+002
-3.686059e+000 9.596760e+000 -3.897475e-001 5.970316e+002
-3.683649e+000 9.599446e+000 -3.892898e-001 5.968986e+002
-3.681208e+000 9.602152e+000 -3.888304e-001 5.967630e+002
-3.678736e+000 9.604877e+000 -3.883691e-001 5.966248e+002
-3.676234e+000 9.607623e+000 -3.879061e-001 5.964840e+002
-3.673699e+000 9.610389e+000 -3.874414e-001 5.963404e+002
-3.671132e+000 9.613175e+000 -3.869748e-001 5.961940e+002
-3.668532e+000 9.615983e+000 -3.865064e-001 5.960446e+002
-3.665898e+000 9.618812e+000 -3.860365e-001 5.958922e+002
-3.663230e+000 9.621662e+000 -3.855649e-001 5.957368e+002
-3.660526e+000 9.624535e+000 -3.850917e-001 5.955782e+002
-3.657787e+000 9.627429e+000 -3.846166e-001 5.954163e+002
-3.655012e+000 9.630345e+000 -3.841400e-001 5.952510e+002
-3.652199e+000 9.633285e+000 -3.836617e-001 5.950824e+002
-3.649348e+000 9.636248e+000 -3.831818e-001 5.949100e+002
-3.646458e+000 9.639234e+000 -3.827003e-001 5.947341e+002
-3.643528e+000 9.642243e+000 -3.822173e-001 5.945544e+002
-3.640558e+000 9.645277e+000 -3.817329e-001 5.943708e+002
-3.637547e+000 9.648335e+000 -3.812469e-001 5.941832e+002
-3.634493e+000 9.651419e+000 -3.807596e-001 5.939915e+002
-3.631396e+000 9.654528e+000 -3.802706e-001 5.937953e+002
-3.628254e+000 9.657662e+000 -3.797804e-001 5.935950e+002
-3.625067e+000 9.660823e+000 -3.792889e-001 5.933900e+002
-3.621835e+000 9.664010e+000 -3.787961e-001 5.931802e+002
-3.618555e+000 9.667224e+000 -3.783022e-001 5.929657e+002
-3.615227e+000 9.670465e+000 -3.778070e-001 5.927462e+002
-3.611850e+000 9.673735e+000 -3.773108e-001 5.925214e+002
-3.608421e+000 9.677032e+000 -3.768137e-001 5.922913e+002
-3.604942e+000 9.680359e+000 -3.763153e-001 5.920557e+002
-3.601409e+000 9.683715e+000 -3.758160e-001 5.918143e+002
-3.597822e+000 9.687101e+000 -3.753159e-001 5.915670e+002
-3.594179e+000 9.690517e+000 -3.748151e-001 5.913135e+002
-3.590480e+000 9.693964e+000 -3.743136e-001 5.910537e+002
-3.586722e+000 9.697442e+000 -3.738113e-001 5.907873e+002
-3.582903e+000 9.700953e+000 -3.733085e-001 5.905140e+002
-3.579025e+000 9.704495e+000 -3.728052e-001 5.902337e+002
-3.575083e+000 9.708072e+000 -3.723015e-001 5.899460e+002
-3.571076e+000 9.711682e+000 -3.717976e-001 5.896506e+002
-3.567003e+000 9.715327e+000 -3.712936e-001 5.893473e+002
-3.562862e+000 9.719007e+000 -3.707896e-001 5.890358e+002
-3.558652e+000 9.722724e+000 -3.702856e-001 5.887156e+002
-3.554370e+000 9.726477e+000 -3.697818e-001 5.883866e+002
-3.550014e+000 9.730268e+000 -3.692784e-001 5.880483e+002
-3.545583e+000 9.734097e+000 -3.687755e-001 5.877004e+002
-3.541073e+000 9.737965e+000 -3.682731e-001 5.873423e+002
-3.536484e+000 9.741873e+000 -3.677717e-001 5.869738e+002
-3.531813e+000 9.745821e+000 -3.672713e-001 5.865944e+002
-3.527056e+000 9.749811e+000 -3.667720e-001 5.862035e+002
-3.522212e+000 9.753844e+000 -3.662740e-001 5.858008e+002
-3.517279e+000 9.757920e+000 -3.657777e-001 5.853856e+002
-3.512253e+000 9.762041e+000 -3.652832e-001 5.849575e+002
-3.507132e+000 9.766208e+000 -3.647908e-001 5.845156e+002
-3.501912e+000 9.770421e+000 -3.643006e-001 5.840596e+002
-3.496590e+000 9.774682e+000 -3.638129e-001 5.835887e+002
-3.491164e+000 9.778993e+000 -3.633280e-001 5.831022e+002
-3.485630e+000 9.783353e+000 -3.628462e-001 5.825992e+002
-3.479984e+000 9.787765e+000 -3.623679e-001 5.820792e+002
-3.474222e+000 9.792230e+000 -3.618934e-001 5.815410e+002
-3.468341e+000 9.796749e+000 -3.614232e-001 5.809838e+002
-3.462337e+000 9.801325e+000 -3.609575e-001 5.804066e+002
-3.456204e+000 9.805957e+000 -3.604965e-001 5.798083e+002
-3.449939e+000 9.810648e+000 -3.600412e-001 5.791881e+002
-3.443536e+000 9.815400e+000 -3.595916e-001 5.785444e+002
-3.436992e+000 9.820214e+000 -3.591485e-001 5.778760e+002
-3.430299e+000 9.825092e+000 -3.587125e-001 5.771816e+002
-3.423454e+000 9.830037e+000 -3.582837e-001 5.764595e+002
-3.416449e+000 9.835050e+000 -3.578633e-001 5.757084e+002
-3.409278e+000 9.840133e+000 -3.574517e-001 5.749262e+002
-3.401936e+000 9.845288e+000 -3.570497e-001 5.741113e+002
-3.394414e+000 9.850519e+000 -3.566580e-001 5.732614e+002
-3.386706e+000 9.855827e+000 -3.562776e-001 5.723745e+002
-3.378804e+000 9.861216e+000 -3.559093e-001 5.714481e+002
-3.370698e+000 9.866687e+000 -3.555541e-001 5.704796e+002
-3.362381e+000 9.872244e+000 -3.552133e-001 5.694662e+002
-3.353842e+000 9.877891e+000 -3.548877e-001 5.684047e+002
-3.345071e+000 9.883630e+000 -3.545787e-001 5.672917e+002
-3.336058e+000 9.889465e+000 -3.542875e-001 5.661238e+002
-3.326790e+000 9.895401e+000 -3.540159e-001 5.648964e+002
-3.317256e+000 9.901441e+000 -3.537654e-001 5.636055e+002
-3.307442e+000 9.907588e+000 -3.535377e-001 5.622460e+002
-3.297334e+000 9.913849e+000 -3.533348e-001 5.608126e+002
-3.286916e+000 9.920228e+000 -3.531588e-001 5.592991e+002
-3.276171e+000 9.926730e+000 -3.530119e-001 5.576991e+002
-3.265082e+000 9.933361e+000 -3.528967e-001 5.560050e+002
-3.253629e+000 9.940127e+000 -3.528159e-001 5.542087e+002
-3.241792e+000 9.947036e+000 -3.527727e-001 5.523008e+002
-3.229546e+000 9.954094e+000 -3.527707e-001 5.502712e+002
-3.216868e+000 9.961309e+000 -3.528134e-001 5.481082e+002
-3.203730e+000 9.968690e+000 -3.529052e-001 5.457988e+002
-3.190102e+000 9.976246e+000 -3.530506e-001 5.433282e+002
-3.175954e+000 9.983987e+000 -3.532548e-001 5.406799e+002
-3.161249e+000 9.991924e+000 -3.535239e-001 5.378346e+002
-3.145947e+000 1.000007e+001 -3.538640e-001 5.347707e+002
-3.130006e+000 1.000844e+001 -3.542827e-001 5.314630e+002
-3.113379e+000 1.001704e+001 -3.547886e-001 5.278831e+002
-3.096013e+000 1.002590e+001 -3.553907e-001 5.239977e+002
-3.077849e+000 1.003503e+001 -3.561000e-001 5.197681e+002
-3.058822e+000 1.004446e+001 -3.569284e-001 5.151494e+002
-3.038860e+000 1.005419e+001 -3.578902e-001 5.100893e+002
-3.017882e+000 1.006427e+001 -3.590014e-001 5.045255e+002
-2.995796e+000 1.007472e+001 -3.602805e-001 4.983850e+002
-2.972500e+000 1.008556e+001 -3.617489e-001 4.915807e+002
-2.947877e+000 1.009685e+001 -3.634316e-001 4.840088e+002
-2.921801e+000 1.010862e+001 -3.653575e-001 4.755455e+002
-2.894122e+000 1.012092e+001 -3.675607e-001 4.660413e+002
-2.864677e+000 1.013380e+001 -3.700807e-001 4.553173e+002
-2.833284e+000 1.014733e+001 -3.729643e-001 4.431574e+002
-2.799739e+000 1.016159e+001 -3.762657e-001 4.293030e+002
-2.763818e+000 1.017664e+001 -3.800482e-001 4.134461e+002
-2.725290e+000 1.019260e+001 -3.843849e-001 3.952281e+002
-2.683922e+000 1.020957e+001 -3.893579e-001 3.742448e+002
-2.639505e+000 1.022765e+001 -3.950558e-001 3.500703e+002
-2.591905e+000 1.024699e+001 -4.015671e-001 3.223211e+002
-2.541149e+000 1.026770e+001 -4.089637e-001 2.907912e+002
-2.487577e+000 1.028988e+001 -4.172711e-001 2.557027e+002
-2.432068e+000 1.031354e+001 -4.264086e-001 2.181010e+002
-2.376364e+000 1.033858e+001 -4.361047e-001 1.802985e+002
-2.323350e+000 1.036468e+001 -4.457923e-001 1.459434e+002
-2.276955e+000 1.039126e+001 -4.545826e-001 1.189219e+002
-2.241107e+000 1.041753e+001 -4.614824e-001 1.009925e+002
-2.217725e+000 1.044280e+001 -4.659312e-001 9.038694e+001
-2.205361e+000 1.046672e+001 -4.682517e-001 8.369430e+001
-2.200389e+000 1.048931e+001 -4.694076e-001 7.856457e+001
-2.199417e+000 1.051067e+001 -4.703430e-001 7.411027e+001
-2.200387e+000 1.053087e+001 -4.716467e-001 7.011086e+001
-2.202315e+000 1.054989e+001 -4.736035e-001 6.651988e+001
-2.204787e+000 1.056768e+001 -4.763270e-001 6.331432e+001
-2.207633e+000 1.058419e+001 -4.798474e-001 6.046811e+001
-2.210773e+000 1.059941e+001 -4.841525e-001 5.794587e+001
-2.214156e+000 1.061332e+001 -4.892046e-001 5.570440e+001
-2.217735e+000 1.062598e+001 -4.949479e-001 5.369704e+001
-2.221469e+000 1.063745e+001 -5.013123e-001 5.187731e+001
-2.225318e+000 1.064785e+001 -5.082192e-001 5.020346e+001
-2.229246e+000 1.065728e+001 -5.155853e-001 4.864053e+001
-2.233227e+000 1.066588e+001 -5.233275e-001 4.716100e+001
-2.237240e+000 1.067377e+001 -5.313655e-001 4.574495e+001
-2.241272e+000 1.068107e+001 -5.396258e-001 4.437835e+001
-2.245317e+000 1.068788e+001 -5.480427e-001 4.305198e+001
-2.249371e+000 1.069428e+001 -5.565591e-001 4.176004e+001
-2.253431e+000 1.070036e+001 -5.651284e-001 4.049904e+001
-2.257497e+000 1.070616e+001 -5.737099e-001 3.926710e+001
-2.261571e+000 1.071175e+001 -5.822708e-001 3.806308e+001
-2.265652e+000 1.071715e+001 -5.907859e-001 3.688655e+001
-2.269740e+000 1.072239e+001 -5.992340e-001 3.573737e+001
-2.273833e+000 1.072750e+001 -6.075988e-001 3.461553e+001
-2.277931e+000 1.073250e+001 -6.158677e-001 3.352105e+001
-2.282032e+000 1.073739e+001 -6.240312e-001 3.245395e+001
-2.286135e+000 1.074219e+001 -6.320810e-001 3.141429e+001
-2.290236e+000 1.074690e+001 -6.400117e-001 3.040205e+001
-2.294335e+000 1.075152e+001 -6.478195e-001 2.941716e+001
-2.298429e+000 1.075607e+001 -6.555011e-001 2.845956e+001
-2.302514e+000 1.076054e+001 -6.630540e-001 2.752912e+001
-2.306588e+000 1.076493e+001 -6.704771e-001 2.662553e+001
-2.310650e+000 1.076925e+001 -6.777693e-001 2.574863e+001
-2.314696e+000 1.077350e+001 -6.849305e-001 2.489804e+001
-2.318725e+000 1.077768e+001 -6.919601e-001 2.407360e+001
-2.322734e+000 1.078178e+001 -6.988587e-001 2.327484e+001
-2.326720e+000 1.078582e+001 -7.056264e-001 2.250141e+001
-2.330682e+000 1.078978e+001 -7.122641e-001 2.175291e+001
-2.334618e+000 1.079367e+001 -7.187723e-001 2.102887e+001
-2.338525e+000 1.079750e+001 -7.251522e-001 2.032886e+001
-2.342402e+000 1.080125e+001 -7.314053e-001 1.965238e+001
-2.346247e+000 1.080494e+001 -7.375323e-001 1.899891e+001
-2.350059e+000 1.080856e+001 -7.435349e-001 1.836798e+001
-2.353835e+000 1.081211e+001 -7.494142e-001 1.775906e+001
-2.357576e+000 1.081559e+001 -7.551720e-001 1.717163e+001
-2.361278e+000 1.081900e+001 -7.608097e-001 1.660514e+001
-2.364942e+000 1.082235e+001 -7.663289e-001 1.605902e+001
-2.368565e+000 1.082564e+001 -7.717315e-001 1.553274e+001
-2.372148e+000 1.082886e+001 -7.770188e-001 1.502572e+001
-2.375689e+000 1.083202e+001 -7.821934e-001 1.453745e+001
-2.379187e+000 1.083511e+001 -7.872566e-001 1.406736e+001
-2.382643e+000 1.083815e+001 -7.922100e-001 1.361491e+001
-2.386054e+000 1.084112e+001 -7.970560e-001 1.317957e+001
-2.389420e+000 1.084403e+001 -8.017963e-001 1.276081e+001
-2.392741e+000 1.084688e+001 -8.064325e-001 1.235808e+001
-2.396018e+000 1.084968e+001 -8.109667e-001 1.197090e+001
-2.399248e+000 1.085241e+001 -8.154007e-001 1.159873e+001
-2.402432e+000 1.085509e+001 -8.197363e-001 1.124106e+001
-2.405571e+000 1.085772e+001 -8.239756e-001 1.089739e+001
-2.408663e+000 1.086028e+001 -8.281206e-001 1.056725e+001
-2.411708e+000 1.086280e+001 -8.321730e-001 1.025020e+001
-2.414707e+000 1.086526e+001 -8.361345e-001 9.945737e+000
-2.417660e+000 1.086767e+001 -8.400073e-001 9.653419e+000
-2.420566e+000 1.087003e+001 -8.437930e-001 9.372804e+000
-2.423426e+000 1.087234e+001 -8.474934e-001 9.103481e+000
-2.426240e+000 1.087460e+001 -8.511105e-001 8.845039e+000
-2.429008e+000 1.087681e+001 -8.546460e-001 8.597055e+000
-2.431731e+000 1.087898e+001 -8.581012e-001 8.359140e+000
-2.434408e+000 1.088109e+001 -8.614784e-001 8.130908e+000
-2.437040e+000 1.088317e+001 -8.647791e-001 7.912021e+000
-2.439627e+000 1.088519e+001 -8.680048e-001 7.702084e+000
-2.442170e+000 1.088718e+001 -8.711573e-001 7.500769e+000
-2.444669e+000 1.088912e+001 -8.742383e-001 7.307731e+000
-2.447124e+000 1.089102e+001 -8.772494e-001 7.122662e+000
-2.449537e+000 1.089287e+001 -8.801921e-001 6.945241e+000
-2.451906e+000 1.089469e+001 -8.830679e-001 6.775170e+000
-2.454233e+000 1.089647e+001 -8.858782e-001 6.612163e+000
-2.456518e+000 1.089820e+001 -8.886248e-001 6.455921e+000
-2.458761e+000 1.089991e+001 -8.913088e-001 6.306187e+000
-2.460964e+000 1.090157e+001 -8.939317e-001 6.162697e+000
-2.463127e+000 1.090320e+001 -8.964952e-001 6.025195e+000
-2.465249e+000 1.090479e+001 -8.990002e-001 5.893438e+000
-2.467333e+000 1.090634e+001 -9.014484e-001 5.767199e+000
-2.469377e+000 1.090787e+001 -9.038410e-001 5.646263e+000
-2.471383e+000 1.090935e+001 -9.061791e-001 5.530396e+000
-2.473351e+000 1.091081e+001 -9.084642e-001 5.419394e+000
-2.475282e+000 1.091224e+001 -9.106981e-001 5.313039e+000
-2.477177e+000 1.091363e+001 -9.128811e-001 5.211155e+000
-2.479036e+000 1.091499e+001 -9.150147e-001 5.113566e+000
-2.480859e+000 1.091632e+001 -9.171000e-001 5.020090e+000
-2.482647e+000 1.091763e+001 -9.191378e-001 4.930558e+000
-2.484401e+000 1.091890e+001 -9.211296e-001 4.844814e+000
-2.486120e+000 1.092015e+001 -9.230763e-001 4.762691e+000
-2.487806e+000 1.092137e+001 -9.249789e-001 4.684031e+000
-2.489460e+000 1.092256e+001 -9.268385e-001 4.608706e+000
-2.491081e+000 1.092373e+001 -9.286562e-001 4.536561e+000
-2.492670e+000 1.092487e+001 -9.304329e-001 4.467473e+000
-2.494228e+000 1.092598e+001 -9.321694e-001 4.401309e+000
-2.495755e+000 1.092707e+001 -9.338667e-001 4.337950e+000
-2.497252e+000 1.092814e+001 -9.355260e-001 4.277273e+000
-2.498720e+000 1.092918e+001 -9.371475e-001 4.219179e+000
-2.500158e+000 1.093020e+001 -9.387329e-001 4.163544e+000
-2.501568e+000 1.093120e+001 -9.402825e-001 4.110267e+000
-2.502949e+000 1.093218e+001 -9.417973e-001 4.059247e+000
-2.504303e+000 1.093313e+001 -9.432782e-001 4.010400e+000
-2.505630e+000 1.093407e+001 -9.447259e-001 3.963622e+000
-2.506930e+000 1.093498e+001 -9.461412e-001 3.918830e+000
-2.508204e+000 1.093587e+001 -9.475246e-001 3.875940e+000
-2.509452e+000 1.093675e+001 -9.488771e-001 3.834871e+000
-2.510675e+000 1.093760e+001 -9.501995e-001 3.795549e+000
-2.511874e+000 1.093844e+001 -9.514924e-001 3.757895e+000
-2.513047e+000 1.093926e+001 -9.527563e-001 3.721845e+000
-2.514198e+000 1.094005e+001 -9.539918e-001 3.687330e+000
-2.515324e+000 1.094084e+001 -9.552000e-001 3.654276e+000
-2.516428e+000 1.094160e+001 -9.563811e-001 3.622626e+000
-2.517510e+000 1.094235e+001 -9.575360e-001 3.592319e+000
-2.518569e+000 1.094308e+001 -9.586653e-001 3.563304e+000
-2.519607e+000 1.094380e+001 -9.597693e-001 3.535516e+000
-2.520623e+000 1.094450e+001 -9.608488e-001 3.508911e+000
-2.521619e+000 1.094518e+001 -9.619045e-001 3.483438e+000
-2.522594e+000 1.094585e+001 -9.629368e-001 3.459044e+000
-2.523550e+000 1.094651e+001 -9.639461e-001 3.435684e+000
-2.524485e+000 1.094715e+001 -9.649332e-001 3.413323e+000
-2.525402e+000 1.094778e+001 -9.658984e-001 3.391908e+000
-2.526299e+000 1.094839e+001 -9.668422e-001 3.371405e+000
-2.527178e+000 1.094899e+001 -9.677652e-001 3.351774e+000
-2.528039e+000 1.094958e+001 -9.686677e-001 3.332976e+000
-2.528882e+000 1.095015e+001 -9.695504e-001 3.314977e+000
-2.529708e+000 1.095071e+001 -9.704134e-001 3.297740e+000
-2.530516e+000 1.095126e+001 -9.712574e-001 3.281236e+000
-2.531308e+000 1.095180e+001 -9.720830e-001 3.265429e+000
-2.532084e+000 1.095232e+001 -9.728904e-001 3.250298e+000
-2.532843e+000 1.095284e+001 -9.736799e-001 3.235807e+000
-2.533587e+000 1.095334e+001 -9.744523e-001 3.221930e+000
-2.534315e+000 1.095383e+001 -9.752074e-001 3.208642e+000
-2.535028e+000 1.095431e+001 -9.759462e-001 3.195923e+000
-2.535726e+000 1.095479e+001 -9.766688e-001 3.183740e+000
-2.536410e+000 1.095525e+001 -9.773753e-001 3.172076e+000
-2.537079e+000 1.095570e+001 -9.780664e-001 3.160904e+000
-2.537735e+000 1.095614e+001 -9.787424e-001 3.150209e+000
-2.538377e+000 1.095657e+001 -9.794036e-001 3.139966e+000
-2.539005e+000 1.095699e+001 -9.800503e-001 3.130157e+000
-2.539621e+000 1.095740e+001 -9.806828e-001 3.120764e+000
-2.540223e+000 1.095781e+001 -9.813015e-001 3.111770e+000
-2.540813e+000 1.095820e+001 -9.819070e-001 3.103158e+000
-2.541391e+000 1.095859e+001 -9.824988e-001 3.094909e+000
-2.541956e+000 1.095897e+001 -9.830778e-001 3.087008e+000
-2.542510e+000 1.095934e+001 -9.836442e-001 3.079443e+000
-2.543053e+000 1.095970e+001 -9.841983e-001 3.072202e+000
-2.543583e+000 1.096005e+001 -9.847406e-001 3.065267e+000
-2.544103e+000 1.096040e+001 -9.852707e-001 3.058624e+000
-2.544612e+000 1.096074e+001 -9.857893e-001 3.052263e+000
-2.545110e+000 1.096107e+001 -9.862967e-001 3.046173e+000
-2.545597e+000 1.096140e+001 -9.867931e-001 3.040340e+000
-2.546075e+000 1.096171e+001 -9.872787e-001 3.034751e+000
-2.546542e+000 1.096202e+001 -9.877537e-001 3.029400e+000
-2.547000e+000 1.096233e+001 -9.882181e-001 3.024276e+000
-2.547448e+000 1.096263e+001 -9.886727e-001 3.019370e+000
-2.547887e+000 1.096292e+001 -9.891176e-001 3.014670e+000
-2.548316e+000 1.096320e+001 -9.895526e-001 3.010169e+000
-2.548737e+000 1.096348e+001 -9.899784e-001 3.005859e+000
-2.549148e+000 1.096375e+001 -9.903949e-001 3.001730e+000
-2.549551e+000 1.096402e+001 -9.908023e-001 2.997775e+000
-2.549946e+000 1.096428e+001 -9.912009e-001 2.993990e+000
-2.550332e+000 1.096454e+001 -9.915909e-001 2.990365e+000
-2.550710e+000 1.096479e+001 -9.919725e-001 2.986891e+000
-2.551080e+000 1.096503e+001 -9.923456e-001 2.983567e+000
-2.551442e+000 1.096527e+001 -9.927107e-001 2.980382e+000
-2.551797e+000 1.096550e+001 -9.930681e-001 2.977330e+000
-2.552144e+000 1.096573e+001 -9.934177e-001 2.974408e+000
-2.552484e+000 1.096596e+001 -9.937597e-001 2.971610e+000
-2.552817e+000 1.096618e+001 -9.940944e-001 2.968931e+000
-2.553142e+000 1.096639e+001 -9.944217e-001 2.966365e+000
-2.553461e+000 1.096660e+001 -9.947421e-001 2.963907e+000
-2.553773e+000 1.096681e+001 -9.950555e-001 2.961551e+000
-2.554079e+000 1.096701e+001 -9.953621e-001 2.959297e+000
-2.554378e+000 1.096720e+001 -9.956622e-001 2.957137e+000
-2.554671e+000 1.096740e+001 -9.959558e-001 2.955068e+000
-2.554957e+000 1.096759e+001 -9.962431e-001 2.953086e+000
-2.555238e+000 1.096777e+001 -9.965242e-001 2.951188e+000
-2.555513e+000 1.096795e+001 -9.967994e-001 2.949370e+000
-2.555782e+000 1.096813e+001 -9.970686e-001 2.947630e+000
-2.556045e+000 1.096830e+001 -9.973319e-001 2.945964e+000
-2.556302e+000 1.096847e+001 -9.975895e-001 2.944370e+000
-2.556554e+000 1.096863e+001 -9.978415e-001 2.942839e+000
-2.556801e+000 1.096880e+001 -9.980880e-001 2.941372e+000
-2.557043e+000 1.096895e+001 -9.983295e-001 2.939970e+000
-2.557280e+000 1.096911e+001 -9.985657e-001 2.938627e+000
-2.557511e+000 1.096926e+001 -9.987968e-001 2.937341e+000
-2.557738e+000 1.096941e+001 -9.990229e-001 2.936108e+000
-2.557960e+000 1.096955e+001 -9.992441e-001 2.934927e+000
-2.558177e+000 1.096970e+001 -9.994606e-001 2.933796e+000
-2.558389e+000 1.096984e+001 -9.996724e-001 2.932713e+000
-2.558597e+000 1.096997e+001 -9.998797e-001 2.931675e+000
-2.558801e+000 1.097011e+001 -1.000083e+000 2.930681e+000
-2.559000e+000 1.097024e+001 -1.000281e+000 2.929727e+000
-2.559196e+000 1.097036e+001 -1.000475e+000 2.928816e+000
-2.559386e+000 1.097049e+001 -1.000666e+000 2.927943e+000
-2.559573e+000 1.097061e+001 -1.000852e+000 2.927106e+000
-2.559757e+000 1.097073e+001 -1.001034e+000 2.926306e+000
-2.559936e+000 1.097085e+001 -1.001212e+000 2.925537e+000
-2.560111e+000 1.097096e+001 -1.001386e+000 2.924802e+000
-2.560283e+000 1.097107e+001 -1.001557e+000 2.924096e+000
-2.560451e+000 1.097118e+001 -1.001724e+000 2.923422e+000
-2.560616e+000 1.097129e+001 -1.001887e+000 2.922777e+000
-2.560777e+000 1.097140e+001 -1.002047e+000 2.922158e+000
-2.560934e+000 1.097150e+001 -1.002204e+000 2.921565e+000
-2.561088e+000 1.097160e+001 -1.002357e+000 2.920996e+000
-2.561239e+000 1.097170e+001 -1.002507e+000 2.920453e+000
-2.561387e+000 1.097179e+001 -1.002653e+000 2.919932e+000
-2.561532e+000 1.097189e+001 -1.002797e+000 2.919433e+000
-2.561673e+000 1.097198e+001 -1.002937e+000 2.918955e+000
-2.561812e+000 1.097207e+001 -1.003074e+000 2.918497e+000
-2.561948e+000 1.097216e+001 -1.003209e+000 2.918057e+000
-2.562081e+000 1.097225e+001 -1.003340e+000 2.917638e+000
-2.562211e+000 1.097233e+001 -1.003469e+000 2.917235e+000
-2.562338e+000 1.097241e+001 -1.003595e+000 2.916850e+000
-2.562463e+000 1.097249e+001 -1.003719e+000 2.916480e+000
-2.562584e+000 1.097257e+001 -1.003839e+000 2.916126e+000
-2.562704e+000 1.097265e+001 -1.003958e+000 2.915787e+000
-2.562820e+000 1.097273e+001 -1.004073e+000 2.915463e+000
-2.562935e+000 1.097280e+001 -1.004186e+000 2.915153e+000
-2.563046e+000 1.097287e+001 -1.004297e+000 2.914854e+000
-2.563156e+000 1.097295e+001 -1.004405e+000 2.914569e+000
-2.563263e+000 1.097301e+001 -1.004511e+000 2.914295e+000
-2.563368e+000 1.097308e+001 -1.004615e+000 2.914034e+000
-2.563471e+000 1.097315e+001 -1.004717e+000 2.913784e+000
-2.563571e+000 1.097322e+001 -1.004816e+000 2.913544e+000
-2.563670e+000 1.097328e+001 -1.004913e+000 2.913312e+000
-2.563766e+000 1.097334e+001 -1.005008e+000 2.913091e+000
-2.563860e+000 1.097340e+001 -1.005101e+000 2.912881e+000
-2.563953e+000 1.097346e+001 -1.005193e+000 2.912679e+000
-2.564043e+000 1.097352e+001 -1.005282e+000 2.912485e+000
-2.564131e+000 1.097358e+001 -1.005369e+000 2.912299e+000
-2.564218e+000 1.097364e+001 -1.005455e+000 2.912121e+000
-2.564303e+000 1.097369e+001 -1.005538e+000 2.911951e+000
-2.564385e+000 1.097374e+001 -1.005620e+000 2.911787e+000
-2.564467e+000 1.097380e+001 -1.005700e+000 2.911631e+000
-2.564546e+000 1.097385e+001 -1.005778e+000 2.911482e+000
-2.564624e+000 1.097390e+001 -1.005855e+000 2.911337e+000
-2.564700e+000 1.097395e+001 -1.005930e+000 2.911200e+000
-2.564775e+000 1.097400e+001 -1.006004e+000 2.911070e+000
-2.564847e+000 1.097404e+001 -1.006076e+000 2.910943e+000
-2.564919e+000 1.097409e+001 -1.006146e+000 2.910822e+000
-2.564989e+000 1.097414e+001 -1.006215e+000 2.910706e+000
-2.565057e+000 1.097418e+001 -1.006283e+000 2.910595e+000
-2.565124e+000 1.097422e+001 -1.006349e+000 2.910490e+000
-2.565189e+000 1.097427e+001 -1.006413e+000 2.910388e+000
-2.565254e+000 1.097431e+001 -1.006476e+000 2.910289e+000
-2.565317e+000 1.097435e+001 -1.006538e+000 2.910195e+000
-2.565378e+000 1.097439e+001 -1.006599e+000 2.910107e+000
-2.565438e+000 1.097443e+001 -1.006658e+000 2.910021e+000
-2.565497e+000 1.097447e+001 -1.006716e+000 2.909939e+000
-2.565555e+000 1.097450e+001 -1.006773e+000 2.909859e+000
-2.565611e+000 1.097454e+001 -1.006829e+000 2.909784e+000
-2.565666e+000 1.097458e+001 -1.006883e+000 2.909713e+000
-2.565720e+000 1.097461e+001 -1.006936e+000 2.909644e+000
-2.565773e+000 1.097464e+001 -1.006988e+000 2.909577e+000
-2.565825e+000 1.097468e+001 -1.007039e+000 2.909514e+000
-2.565875e+000 1.097471e+001 -1.007089e+000 2.909453e+000
-2.565925e+000 1.097474e+001 -1.007138e+000 2.909395e+000
-2.565973e+000 1.097477e+001 -1.007185e+000 2.909338e+000
-2.566021e+000 1.097480e+001 -1.007232e+000 2.909286e+000
-2.566067e+000 1.097484e+001 -1.007278e+000 2.909235e+000
-2.566113e+000 1.097486e+001 -1.007323e+000 2.909186e+000
-2.566157e+000 1.097489e+001 -1.007367e+000 2.909139e+000
-2.566201e+000 1.097492e+001 -1.007410e+000 2.909093e+000
-2.566244e+000 1.097495e+001 -1.007452e+000 2.909050e+000
-2.566285e+000 1.097498e+001 -1.007493e+000 2.909008e+000
-2.566326e+000 1.097500e+001 -1.007533e+000 2.908969e+000
-2.566366e+000 1.097503e+001 -1.007572e+000 2.908932e+000
-2.566406e+000 1.097505e+001 -1.007611e+000 2.908894e+000
-2.566444e+000 1.097508e+001 -1.007649e+000 2.908860e+000
-2.566481e+000 1.097510e+001 -1.007686e+000 2.908827e+000
-2.566518e+000 1.097513e+001 -1.007722e+000 2.908794e+000
-2.566554e+000 1.097515e+001 -1.007757e+000 2.908766e+000
-2.566589e+000 1.097517e+001 -1.007792e+000 2.908737e+000
-2.566624e+000 1.097519e+001 -1.007826e+000 2.908708e+000
-2.566657e+000 1.097522e+001 -1.007859e+000 2.908680e+000
-2.566690e+000 1.097524e+001 -1.007891e+000 2.908653e+000
-2.566723e+000 1.097526e+001 -1.007923e+000 2.908630e+000
-2.566754e+000 1.097528e+001 -1.007954e+000 2.908606e+000
-2.566785e+000 1.097530e+001 -1.007985e+000 2.908584e+000
-2.566815e+000 1.097532e+001 -1.008014e+000 2.908562e+000
-2.566845e+000 1.097534e+001 -1.008043e+000 2.908541e+000
-2.566874e+000 1.097536e+001 -1.008072e+000 2.908520e+000
-2.566903e+000 1.097538e+001 -1.008100e+000 2.908501e+000
-2.566930e+000 1.097539e+001 -1.008127e+000 2.908483e+000
-2.566958e+000 1.097541e+001 -1.008154e+000 2.908465e+000
-2.566984e+000 1.097543e+001 -1.008180e+000 2.908449e+000
-2.567010e+000 1.097545e+001 -1.008206e+000 2.908433e+000
-2.567036e+000 1.097546e+001 -1.008231e+000 2.908418e+000
-2.567060e+000 1.097548e+001 -1.008255e+000 2.908403e+000
-2.567085e+000 1.097549e+001 -1.008279e+000 2.908389e+000
-2.567109e+000 1.097551e+001 -1.008303e+000 2.908375e+000
-2.567132e+000 1.097552e+001 -1.008326e+000 2.908363e+000
-2.567155e+000 1.097554e+001 -1.008348e+000 2.908350e+000
-2.567178e+000 1.097555e+001 -1.008371e+000 2.908337e+000
-2.567199e+000 1.097557e+001 -1.008392e+000 2.908327e+000
-2.567221e+000 1.097558e+001 -1.008413e+000 2.908315e+000
-2.567242e+000 1.097560e+001 -1.008434e+000 2.908306e+000
-2.567262e+000 1.097561e+001 -1.008454e+000 2.908296e+000
-2.567282e+000 1.097562e+001 -1.008474e+000 2.908285e+000
-2.567302e+000 1.097563e+001 -1.008493e+000 2.908276e+000
-2.567322e+000 1.097565e+001 -1.008512e+000 2.908268e+000
-2.567340e+000 1.097566e+001 -1.008530e+000 2.908259e+000
-2.567359e+000 1.097567e+001 -1.008548e+000 2.908250e+000
-2.567377e+000 1.097568e+001 -1.008566e+000 2.908243e+000
-2.567394e+000 1.097569e+001 -1.008584e+000 2.908237e+000
-2.567412e+000 1.097571e+001 -1.008601e+000 2.908228e+000
-2.567429e+000 1.097572e+001 -1.008617e+000 2.908222e+000
-2.567446e+000 1.097573e+001 -1.008634e+000 2.908216e+000
-2.567461e+000 1.097574e+001 -1.008650e+000 2.908209e+000
-2.567477e+000 1.097575e+001 -1.008665e+000 2.908203e+000
-2.567493e+000 1.097576e+001 -1.008681e+000 2.908198e+000
-2.567508e+000 1.097577e+001 -1.008695e+000 2.908192e+000
-2.567523e+000 1.097578e+001 -1.008710e+000 2.908187e+000
-2.567538e+000 1.097579e+001 -1.008724e+000 2.908180e+000
-2.567552e+000 1.097580e+001 -1.008738e+000 2.908176e+000
-2.567566e+000 1.097581e+001 -1.008752e+000 2.908171e+000
-2.567580e+000 1.097581e+001 -1.008766e+000 2.908168e+000
-2.567593e+000 1.097582e+001 -1.008779e+000 2.908164e+000
-2.567606e+000 1.097583e+001 -1.008792e+000 2.908160e+000
-2.567619e+000 1.097584e+001 -1.008804e+000 2.908155e+000
-2.567631e+000 1.097585e+001 -1.008816e+000 2.908152e+000
-2.567644e+000 1.097586e+001 -1.008828e+000 2.908147e+000
-2.567656e+000 1.097586e+001 -1.008840e+000 2.908144e+000
-2.567667e+000 1.097587e+001 -1.008852e+000 2.908141e+000
-2.567679e+000 1.097588e+001 -1.008863e+000 2.908139e+000
-2.567690e+000 1.097589e+001 -1.008874e+000 2.908134e+000
-2.567702e+000 1.097589e+001 -1.008885e+000 2.908132e+000
-2.567712e+000 1.097590e+001 -1.008896e+000 2.908129e+000
-2.567723e+000 1.097591e+001 -1.008906e+000 2.908126e+000
-2.567733e+000 1.097591e+001 -1.008916e+000 2.908125e+000
-2.567743e+000 1.097592e+001 -1.008926e+000 2.908121e+000
-2.567753e+000 1.097593e+001 -1.008936e+000 2.908120e+000
-2.567763e+000 1.097593e+001 -1.008945e+000 2.908116e+000
-2.567772e+000 1.097594e+001 -1.008955e+000 2.908113e+000
-2.567781e+000 1.097594e+001 -1.008964e+000 2.908113e+000
-2.567791e+000 1.097595e+001 -1.008973e+000 2.908112e+000
-2.567799e+000 1.097596e+001 -1.008981e+000 2.908109e+000
-2.567808e+000 1.097596e+001 -1.008990e+000 2.908107e+000
-2.567816e+000 1.097597e+001 -1.008998e+000 2.908106e+000
-2.567825e+000 1.097597e+001 -1.009006e+000 2.908104e+000
-2.567833e+000 1.097598e+001 -1.009014e+000 2.908103e+000
-2.567841e+000 1.097598e+001 -1.009022e+000 2.908099e+000
-2.567849e+000 1.097599e+001 -1.009030e+000 2.908099e+000
-2.567857e+000 1.097599e+001 -1.009037e+000 2.908097e+000
-2.567864e+000 1.097600e+001 -1.009045e+000 2.908095e+000
-2.567871e+000 1.097600e+001 -1.009052e+000 2.908096e+000
-2.567878e+000 1.097601e+001 -1.009059e+000 2.908093e+000
-2.567886e+000 1.097601e+001 -1.009066e+000 2.908092e+000
-2.567892e+000 1.097602e+001 -1.009073e+000 2.908092e+000
-2.567899e+000 1.097602e+001 -1.009079e+000 2.908091e+000
-2.567906e+000 1.097603e+001 -1.009086e+000 2.908090e+000
-2.567912e+000 1.097603e+001 -1.009092e+000 2.908088e+000
-2.567919e+000 1.097603e+001 -1.009098e+000 2.908089e+000
-2.567925e+000 1.097604e+001 -1.009105e+000 2.908086e+000
-2.567931e+000 1.097604e+001 -1.009110e+000 2.908086e+000
-2.567937e+000 1.097604e+001 -1.009116e+000 2.908085e+000
-2.567942e+000 1.097605e+001 -1.009122e+000 2.908083e+000
-2.567948e+000 1.097605e+001 -1.009127e+000 2.908083e+000
-2.567954e+000 1.097606e+001 -1.009133e+000 2.908081e+000
-2.567959e+000 1.097606e+001 -1.009138e+000 2.908082e+000
-2.567965e+000 1.097606e+001 -1.009143e+000 2.908081e+000
-2.567970e+000 1.097607e+001 -1.009148e+000 2.908082e+000
-2.567975e+000 1.097607e+001 -1.009153e+000 2.908079e+000
-2.567980e+000 1.097607e+001 -1.009158e+000 2.908079e+000
-2.567985e+000 1.097608e+001 -1.009163e+000 2.908078e+000
-2.567989e+000 1.097608e+001 -1.009168e+000 2.908077e+000
-2.567994e+000 1.097608e+001 -1.009173e+000 2.908077e+000
-2.567999e+000 1.097608e+001 -1.009177e+000 2.908077e+000
-2.568003e+000 1.097609e+001 -1.009181e+000 2.908076e+000
-2.568007e+000 1.097609e+001 -1.009186e+000 2.908076e+000
-2.568012e+000 1.097609e+001 -1.009190e+000 2.908076e+000
-2.568016e+000 1.097610e+001 -1.009194e+000 2.908074e+000
-2.568020e+000 1.097610e+001 -1.009198e+000 2.908076e+000
-2.568024e+000 1.097610e+001 -1.009202e+000 2.908075e+000
-2.568028e+000 1.097610e+001 -1.009206e+000 2.908073e+000
-2.568032e+000 1.097611e+001 -1.009209e+000 2.908073e+000
-2.568036e+000 1.097611e+001 -1.009213e+000 2.908075e+000
-2.568039e+000 1.097611e+001 -1.009217e+000 2.908072e+000
-2.568043e+000 1.097611e+001 -1.009221e+000 2.908073e+000
-2.568047e+000 1.097612e+001 -1.009224e+000 2.908071e+000
-2.568050e+000 1.097612e+001 -1.009227e+000 2.908072e+000
-2.568053e+000 1.097612e+001 -1.009231e+000 2.908072e+000
-2.568056e+000 1.097612e+001 -1.009234e+000 2.908072e+000
-2.568060e+000 1.097612e+001 -1.009237e+000 2.908071e+000
-2.568063e+000 1.097613e+001 -1.009240e+000 2.908072e+000
-2.568066e+000 1.097613e+001 -1.009243e+000 2.908071e+000
-2.568069e+000 1.097613e+001 -1.009246e+000 2.908071e+000
-2.568072e+000 1.097613e+001 -1.009249e+000 2.908071e+000
-2.568075e+000 1.097613e+001 -1.009252e+000 2.908070e+000
-2.568078e+000 1.097614e+001 -1.009255e+000 2.908071e+000
-2.568080e+000 1.097614e+001 -1.009257e+000 2.908070e+000
-2.568083e+000 1.097614e+001 -1.009260e+000 2.908069e+000
-2.568086e+000 1.097614e+001 -1.009263e+000 2.908070e+000
-2.568089e+000 1.097614e+001 -1.009265e+000 2.908070e+000
-2.568091e+000 1.097615e+001 -1.009268e+000 2.908068e+000
-2.568094e+000 1.097615e+001 -1.009271e+000 2.908070e+000
-2.568097e+000 1.097615e+001 -1.009273e+000 2.908068e+000
-2.568099e+000 1.097615e+001 -1.009276e+000 2.908069e+000
-2.568102e+000 1.097615e+001 -1.009278e+000 2.908068e+000
-2.568104e+000 1.097615e+001 -1.009280e+000 2.908069e+000
-2.568106e+000 1.097616e+001 -1.009283e+000 2.908069e+000
-2.568109e+000 1.097616e+001 -1.009285e+000 2.908068e+000
-2.568111e+000 1.097616e+001 -1.009287e+000 2.908067e+000
-2.568113e+000 1.097616e+001 -1.009289e+000 2.908067e+000
-2.568115e+000 1.097616e+001 -1.009291e+000 2.908067e+000
-2.568117e+000 1.097616e+001 -1.009293e+000 2.908067e+000
-2.568119e+000 1.097616e+001 -1.009295e+000 2.908068e+000
-2.568121e+000 1.097616e+001 -1.009297e+000 2.908067e+000
-2.568123e+000 1.097617e+001 -1.009299e+000 2.908067e+000
-2.568125e+000 1.097617e+001 -1.009301e+000 2.908068e+000
-2.568127e+000 1.097617e+001 -1.009302e+000 2.908066e+000
-2.568128e+000 1.097617e+001 -1.009304e+000 2.908067e+000
-2.568130e+000 1.097617e+001 -1.009306e+000 2.908066e+000
-2.568131e+000 1.097617e+001 -1.009308e+000 2.908067e+000
-2.568133e+000 1.097617e+001 -1.009309e+000 2.908066e+000
-2.568135e+000 1.097617e+001 -1.009311e+000 2.908066e+000
-2.568136e+000 1.097617e+001 -1.009312e+000 2.908066e+000
-2.568138e+000 1.097617e+001 -1.009314e+000 2.908067e+000
-2.568139e+000 1.097618e+001 -1.009315e+000 2.908066e+000
-2.568141e+000 1.097618e+001 -1.009316e+000 2.908066e+000
-2.568142e+000 1.097618e+001 -1.009318e+000 2.908066e+000
-2.568143e+000 1.097618e+001 -1.009319e+000 2.908066e+000
-2.568145e+000 1.097618e+001 -1.009320e+000 2.908066e+000
-2.568146e+000 1.097618e+001 -1.009322e+000 2.908067e+000
-2.568147e+000 1.097618e+001 -1.009323e+000 2.908067e+000
-2.568149e+000 1.097618e+001 -1.009324e+000 2.908067e+000
-2.568150e+000 1.097618e+001 -1.009325e+000 2.908066e+000
-2.568151e+000 1.097618e+001 -1.009327e+000 2.908066e+000
-2.568153e+000 1.097618e+001 -1.009328e+000 2.908067e+000
-2.568154e+000 1.097619e+001 -1.009329e+000 2.908067e+000
-2.568155e+000 1.097619e+001 -1.009330e+000 2.908066e+000
-2.568156e+000 1.097619e+001 -1.009332e+000 2.908066e+000
-2.568158e+000 1.097619e+001 -1.009333e+000 2.908065e+000
-2.568159e+000 1.097619e+001 -1.009334e+000 2.908066e+000
-2.568160e+000 1.097619e+001 -1.009335e+000 2.908067e+000
-2.568161e+000 1.097619e+001 -1.009336e+000 2.908065e+000
-2.568162e+000 1.097619e+001 -1.009338e+000 2.908065e+000
-2.568163e+000 1.097619e+001 -1.009339e+000 2.908066e+000
-2.568164e+000 1.097619e+001 -1.009340e+000 2.908065e+000
-2.568165e+000 1.097619e+001 -1.009341e+000 2.908066e+000
-2.568166e+000 1.097619e+001 -1.009341e+000 2.908066e+000
-2.568167e+000 1.097619e+001 -1.009342e+000 2.908066e+000
-2.568168e+000 1.097620e+001 -1.009343e+000 2.908066e+000
-2.568169e+000 1.097620e+001 -1.009344e+000 2.908065e+000
-2.568170e+000 1.097620e+001 -1.009345e+000 2.908066e+000
-2.568171e+000 1.097620e+001 -1.009346e+000 2.908066e+000
-2.568172e+000 1.097620e+001 -1.009347e+000 2.908065e+000
-2.568173e+000 1.097620e+001 -1.009348e+000 2.908065e+000
-2.568173e+000 1.097620e+001 -1.009348e+000 2.908066e+000
-2.568174e+000 1.097620e+001 -1.009349e+000 2.908065e+000
-2.568175e+000 1.097620e+001 -1.009350e+000 2.908065e+000
-2.568176e+000 1.097620e+001 -1.009351e+000 2.908065e+000
-2.568177e+000 1.097620e+001 -1.009352e+000 2.908065e+000
-2.568177e+000 1.097620e+001 -1.009352e+000 2.908067e+000
-2.568178e+000 1.097620e+001 -1.009353e+000 2.908065e+000
-2.568179e+000 1.097620e+001 -1.009354e+000 2.908066e+000
-2.568180e+000 1.097620e+001 -1.009354e+000 2.908065e+000
-2.568180e+000 1.097620e+001 -1.009355e+000 2.908067e+000
-2.568181e+000 1.097620e+001 -1.009356e+000 2.908065e+000
-2.568182e+000 1.097620e+001 -1.009356e+000 2.908064e+000
-2.568182e+000 1.097620e+001 -1.009357e+000 2.908067e+000
-2.568183e+000 1.097620e+001 -1.009358e+000 2.908064e+000
-2.568183e+000 1.097620e+001 -1.009358e+000 2.908065e+000
-2.568184e+000 1.097620e+001 -1.009359e+000 2.908064e+000
-2.568184e+000 1.097620e+001 -1.009359e+000 2.908064e+000
-2.568185e+000 1.097621e+001 -1.009360e+000 2.908066e+000
-2.568186e+000 1.097621e+001 -1.009360e+000 2.908066e+000
-2.568186e+000 1.097621e+001 -1.009361e+000 2.908066e+000
-2.568187e+000 1.097621e+001 -1.009361e+000 2.908066e+000
-2.568187e+000 1.097621e+001 -1.009362e+000 2.908065e+000
-2.568188e+000 1.097621e+001 -1.009362e+000 2.908065e+000
-2.568188e+000 1.097621e+001 -1.009363e+000 2.908065e+000
-2.568189e+000 1.097621e+001 -1.009363e+000 2.908066e+000
-2.568189e+000 1.097621e+001 -1.009364e+000 2.908065e+000
-2.568190e+000 1.097621e+001 -1.009364e+000 2.908065e+000
-2.568190e+000 1.097621e+001 -1.009365e+000 2.908064e+000
-2.568191e+000 1.097621e+001 -1.009365e+000 2.908065e+000
-2.568191e+000 1.097621e+001 -1.009366e+000 2.908065e+000
-2.568192e+000 1.097621e+001 -1.009366e+000 2.908066e+000
-2.568192e+000 1.097621e+001 -1.009367e+000 2.908066e+000
-2.568192e+000 1.097621e+001 -1.009367e+000 2.908065e+000
-2.568192e+000 1.097621e+001 -1.009367e+000 2.908065e+000
-2.568193e+000 1.097621e+001 -1.009367e+000 2.908064e+000
-2.568193e+000 1.097621e+001 -1.009368e+000 2.908065e+000
-2.568193e+000 1.097621e+001 -1.009368e+000 2.908065e+000
-2.568194e+000 1.097621e+001 -1.009368e+000 2.908065e+000
-2.568194e+000 1.097621e+001 -1.009369e+000 2.908066e+000
-2.568194e+000 1.097621e+001 -1.009369e+000 2.908065e+000
-2.568195e+000 1.097621e+001 -1.009369e+000 2.908066e+000
-2.568195e+000 1.097621e+001 -1.009370e+000 2.908065e+000
-2.568195e+000 1.097621e+001 -1.009370e+000 2.908065e+000
-2.568195e+000 1.097621e+001 -1.009370e+000 2.908065e+000
-2.568196e+000 1.097621e+001 -1.009370e+000 2.908065e+000
-2.568196e+000 1.097621e+001 -1.009371e+000 2.908066e+000
-2.568196e+000 1.097621e+001 -1.009371e+000 2.908066e+000
-2.568197e+000 1.097621e+001 -1.009371e+000 2.908065e+000
-2.568197e+000 1.097621e+001 -1.009372e+000 2.908065e+000
-2.568197e+000 1.097621e+001 -1.009372e+000 2.908066e+000
-2.568197e+000 1.097621e+001 -1.009372e+000 2.908064e+000
-2.568197e+000 1.097621e+001 -1.009372e+000 2.908064e+000
-2.568198e+000 1.097621e+001 -1.009372e+000 2.908066e+000
-2.568198e+000 1.097621e+001 -1.009373e+000 2.908066e+000
-2.568198e+000 1.097621e+001 -1.009373e+000 2.908064e+000
-2.568198e+000 1.097621e+001 -1.009373e+000 2.908065e+000
-2.568199e+000 1.097621e+001 -1.009373e+000 2.908065e+000
-2.568199e+000 1.097621e+001 -1.009374e+000 2.908066e+000
-2.568199e+000 1.097621e+001 -1.009374e+000 2.908065e+000
-2.568199e+000 1.097621e+001 -1.009374e+000 2.908066e+000
-2.568200e+000 1.097621e+001 -1.009374e+000 2.908066e+000
-2.568200e+000 1.097621e+001 -1.009374e+000 2.908066e+000
-2.568200e+000 1.097622e+001 -1.009375e+000 2.908065e+000
-2.568200e+000 1.097622e+001 -1.009375e+000 2.908065e+000
-2.568200e+000 1.097622e+001 -1.009375e+000 2.908066e+000
-2.568201e+000 1.097622e+001 -1.009375e+000 2.908065e+000
-2.568201e+000 1.097622e+001 -1.009375e+000 2.908065e+000
-2.568201e+000 1.097622e+001 -1.009375e+000 2.908065e+000
-2.568201e+000 1.097622e+001 -1.009376e+000 2.908065e+000
-2.568201e+000 1.097622e+001 -1.009376e+000 2.908066e+000
-2.568201e+000 1.097622e+001 -1.009376e+000 2.908065e+000
-2.568202e+000 1.097622e+001 -1.009376e+000 2.908067e+000
-2.568202e+000 1.097622e+001 -1.009376e+000 2.908066e+000
-2.568202e+000 1.097622e+001 -1.009376e+000 2.908066e+000

steps = 1468
