Gradient descent of Schechter

gamma = 1.000000e-004, epsilon = 2.000000e-007

   log(phi*)      log(M*)       alpha        chi^2     
-3.000000e+000 1.000000e+001 0.000000e+000 5.072994e+002
-2.978463e+000 1.000787e+001 7.695161e-004 5.019125e+002
-2.955862e+000 1.001598e+001 1.506794e-003 4.960005e+002
-2.932106e+000 1.002436e+001 2.205900e-003 4.894906e+002
-2.907093e+000 1.003302e+001 2.859474e-003 4.822972e+002
-2.880709e+000 1.004198e+001 3.458861e-003 4.743192e+002
-2.852832e+000 1.005127e+001 3.993625e-003 4.654384e+002
-2.823321e+000 1.006092e+001 4.451045e-003 4.555150e+002
-2.792025e+000 1.007097e+001 4.815973e-003 4.443856e+002
-2.758779e+000 1.008144e+001 5.069817e-003 4.318600e+002
-2.723411e+000 1.009239e+001 5.189946e-003 4.177200e+002
-2.685742e+000 1.010384e+001 5.148613e-003 4.017214e+002
-2.645600e+000 1.011585e+001 4.912090e-003 3.836015e+002
-2.602841e+000 1.012846e+001 4.439141e-003 3.631001e+002
-2.557380e+000 1.014173e+001 3.680268e-003 3.400032e+002
-2.509251e+000 1.015568e+001 2.576608e-003 3.142227e+002
-2.458693e+000 1.017034e+001 1.060473e-003 2.859300e+002
-2.406287e+000 1.018569e+001 -9.410735e-004 2.557540e+002
-2.353121e+000 1.020166e+001 -3.499199e-003 2.249985e+002
-2.300965e+000 1.021810e+001 -6.668682e-003 1.957482e+002
-2.252308e+000 1.023474e+001 -1.046924e-002 1.705693e+002
-2.210057e+000 1.025124e+001 -1.486524e-002 1.515850e+002
-2.176714e+000 1.026721e+001 -1.976915e-002 1.392974e+002
-2.153283e+000 1.028238e+001 -2.507396e-002 1.322938e+002
-2.138777e+000 1.029664e+001 -3.070011e-002 1.283615e+002
-2.130880e+000 1.031004e+001 -3.661761e-002 1.257943e+002
-2.127154e+000 1.032271e+001 -4.282719e-002 1.237366e+002
-2.125781e+000 1.033477e+001 -4.933849e-002 1.218677e+002
-2.125653e+000 1.034632e+001 -5.615623e-002 1.200850e+002
-2.126164e+000 1.035741e+001 -6.327789e-002 1.183558e+002
-2.127005e+000 1.036809e+001 -7.069553e-002 1.166667e+002
-2.128024e+000 1.037839e+001 -7.839814e-002 1.150096e+002
-2.129149e+000 1.038834e+001 -8.637284e-002 1.133784e+002
-2.130347e+000 1.039794e+001 -9.460562e-002 1.117679e+002
-2.131605e+000 1.040723e+001 -1.030826e-001 1.101735e+002
-2.132911e+000 1.041623e+001 -1.117893e-001 1.085912e+002
-2.134268e+000 1.042496e+001 -1.207114e-001 1.070174e+002
-2.135672e+000 1.043342e+001 -1.298348e-001 1.054493e+002
-2.137125e+000 1.044165e+001 -1.391454e-001 1.038843e+002
-2.138627e+000 1.044966e+001 -1.486298e-001 1.023202e+002
-2.140182e+000 1.045747e+001 -1.582743e-001 1.007554e+002
-2.141791e+000 1.046510e+001 -1.680663e-001 9.918833e+001
-2.143453e+000 1.047256e+001 -1.779927e-001 9.761819e+001
-2.145172e+000 1.047986e+001 -1.880417e-001 9.604415e+001
-2.146950e+000 1.048702e+001 -1.982011e-001 9.446565e+001
-2.148787e+000 1.049406e+001 -2.084599e-001 9.288248e+001
-2.150686e+000 1.050099e+001 -2.188070e-001 9.129468e+001
-2.152650e+000 1.050782e+001 -2.292327e-001 8.970208e+001
-2.154679e+000 1.051455e+001 -2.397262e-001 8.810522e+001
-2.156775e+000 1.052120e+001 -2.502777e-001 8.650443e+001
-2.158938e+000 1.052778e+001 -2.608778e-001 8.490032e+001
-2.161171e+000 1.053429e+001 -2.715178e-001 8.329344e+001
-2.163474e+000 1.054074e+001 -2.821890e-001 8.168470e+001
-2.165849e+000 1.054714e+001 -2.928834e-001 8.007478e+001
-2.168296e+000 1.055349e+001 -3.035933e-001 7.846455e+001
-2.170816e+000 1.055980e+001 -3.143106e-001 7.685505e+001
-2.173409e+000 1.056606e+001 -3.250284e-001 7.524722e+001
-2.176075e+000 1.057229e+001 -3.357391e-001 7.364215e+001
-2.178814e+000 1.057847e+001 -3.464364e-001 7.204086e+001
-2.181628e+000 1.058463e+001 -3.571135e-001 7.044446e+001
-2.184513e+000 1.059074e+001 -3.677644e-001 6.885410e+001
-2.187471e+000 1.059683e+001 -3.783828e-001 6.727087e+001
-2.190500e+000 1.060288e+001 -3.889624e-001 6.569603e+001
-2.193600e+000 1.060889e+001 -3.994979e-001 6.413071e+001
-2.196768e+000 1.061487e+001 -4.099838e-001 6.257600e+001
-2.200003e+000 1.062081e+001 -4.204142e-001 6.103324e+001
-2.203305e+000 1.062672e+001 -4.307835e-001 5.950342e+001
-2.206670e+000 1.063259e+001 -4.410871e-001 5.798781e+001
-2.210099e+000 1.063841e+001 -4.513198e-001 5.648742e+001
-2.213588e+000 1.064420e+001 -4.614767e-001 5.500336e+001
-2.217135e+000 1.064994e+001 -4.715534e-001 5.353667e+001
-2.220737e+000 1.065564e+001 -4.815452e-001 5.208844e+001
-2.224393e+000 1.066129e+001 -4.914477e-001 5.065961e+001
-2.228099e+000 1.066689e+001 -5.012569e-001 4.925112e+001
-2.231853e+000 1.067245e+001 -5.109689e-001 4.786388e+001
-2.235651e+000 1.067795e+001 -5.205795e-001 4.649871e+001
-2.239491e+000 1.068340e+001 -5.300862e-001 4.515636e+001
-2.243370e+000 1.068879e+001 -5.394847e-001 4.383753e+001
-2.247285e+000 1.069413e+001 -5.487718e-001 4.254302e+001
-2.251233e+000 1.069941e+001 -5.579443e-001 4.127330e+001
-2.255209e+000 1.070463e+001 -5.669999e-001 4.002903e+001
-2.259211e+000 1.070979e+001 -5.759358e-001 3.881058e+001
-2.263237e+000 1.071488e+001 -5.847495e-001 3.761846e+001
-2.267282e+000 1.071992e+001 -5.934394e-001 3.645294e+001
-2.271343e+000 1.072489e+001 -6.020031e-001 3.531431e+001
-2.275418e+000 1.072979e+001 -6.104394e-001 3.420282e+001
-2.279501e+000 1.073463e+001 -6.187463e-001 3.311864e+001
-2.283593e+000 1.073940e+001 -6.269230e-001 3.206185e+001
-2.287687e+000 1.074410e+001 -6.349685e-001 3.103247e+001
-2.291783e+000 1.074874e+001 -6.428820e-001 3.003046e+001
-2.295876e+000 1.075330e+001 -6.506627e-001 2.905581e+001
-2.299964e+000 1.075780e+001 -6.583102e-001 2.810836e+001
-2.304043e+000 1.076222e+001 -6.658248e-001 2.718798e+001
-2.308112e+000 1.076658e+001 -6.732056e-001 2.629438e+001
-2.312168e+000 1.077087e+001 -6.804537e-001 2.542737e+001
-2.316207e+000 1.077508e+001 -6.875689e-001 2.458663e+001
-2.320228e+000 1.077923e+001 -6.945516e-001 2.377184e+001
-2.324228e+000 1.078330e+001 -7.014025e-001 2.298266e+001
-2.328205e+000 1.078731e+001 -7.081221e-001 2.221861e+001
-2.332157e+000 1.079125e+001 -7.147119e-001 2.147928e+001
-2.336083e+000 1.079511e+001 -7.211725e-001 2.076429e+001
-2.339978e+000 1.079891e+001 -7.275051e-001 2.007313e+001
-2.343843e+000 1.080264e+001 -7.337110e-001 1.940534e+001
-2.347676e+000 1.080630e+001 -7.397912e-001 1.876040e+001
-2.351475e+000 1.080989e+001 -7.457476e-001 1.813777e+001
-2.355238e+000 1.081341e+001 -7.515814e-001 1.753694e+001
-2.358964e+000 1.081687e+001 -7.572941e-001 1.695738e+001
-2.362653e+000 1.082026e+001 -7.628872e-001 1.639855e+001
-2.366301e+000 1.082359e+001 -7.683628e-001 1.585990e+001
-2.369910e+000 1.082685e+001 -7.737221e-001 1.534090e+001
-2.373477e+000 1.083005e+001 -7.789673e-001 1.484095e+001
-2.377002e+000 1.083318e+001 -7.840998e-001 1.435955e+001
-2.380484e+000 1.083625e+001 -7.891217e-001 1.389613e+001
-2.383923e+000 1.083926e+001 -7.940348e-001 1.345016e+001
-2.387317e+000 1.084221e+001 -7.988409e-001 1.302110e+001
-2.390667e+000 1.084510e+001 -8.035417e-001 1.260840e+001
-2.393971e+000 1.084793e+001 -8.081394e-001 1.221156e+001
-2.397231e+000 1.085071e+001 -8.126358e-001 1.183002e+001
-2.400444e+000 1.085342e+001 -8.170329e-001 1.146332e+001
-2.403611e+000 1.085608e+001 -8.213325e-001 1.111094e+001
-2.406732e+000 1.085868e+001 -8.255364e-001 1.077241e+001
-2.409806e+000 1.086123e+001 -8.296465e-001 1.044723e+001
-2.412835e+000 1.086373e+001 -8.336646e-001 1.013492e+001
-2.415816e+000 1.086617e+001 -8.375927e-001 9.835067e+000
-2.418751e+000 1.086856e+001 -8.414325e-001 9.547174e+000
-2.421640e+000 1.087090e+001 -8.451861e-001 9.270843e+000
-2.424484e+000 1.087319e+001 -8.488551e-001 9.005619e+000
-2.427280e+000 1.087543e+001 -8.524414e-001 8.751138e+000
-2.430031e+000 1.087763e+001 -8.559467e-001 8.506972e+000
-2.432737e+000 1.087977e+001 -8.593725e-001 8.272713e+000
-2.435397e+000 1.088187e+001 -8.627209e-001 8.048017e+000
-2.438012e+000 1.088393e+001 -8.659934e-001 7.832505e+000
-2.440583e+000 1.088594e+001 -8.691917e-001 7.625831e+000
-2.443110e+000 1.088791e+001 -8.723174e-001 7.427652e+000
-2.445592e+000 1.088983e+001 -8.753720e-001 7.237637e+000
-2.448031e+000 1.089171e+001 -8.783574e-001 7.055473e+000
-2.450427e+000 1.089356e+001 -8.812748e-001 6.880831e+000
-2.452780e+000 1.089536e+001 -8.841259e-001 6.713439e+000
-2.455091e+000 1.089712e+001 -8.869121e-001 6.552995e+000
-2.457361e+000 1.089884e+001 -8.896351e-001 6.399216e+000
-2.459589e+000 1.090053e+001 -8.922960e-001 6.251856e+000
-2.461777e+000 1.090218e+001 -8.948965e-001 6.110628e+000
-2.463924e+000 1.090379e+001 -8.974379e-001 5.975304e+000
-2.466032e+000 1.090537e+001 -8.999216e-001 5.845636e+000
-2.468101e+000 1.090692e+001 -9.023488e-001 5.721394e+000
-2.470131e+000 1.090843e+001 -9.047210e-001 5.602369e+000
-2.472123e+000 1.090990e+001 -9.070393e-001 5.488345e+000
-2.474077e+000 1.091135e+001 -9.093049e-001 5.379101e+000
-2.475995e+000 1.091276e+001 -9.115200e-001 5.274437e+000
-2.477876e+000 1.091414e+001 -9.136845e-001 5.174178e+000
-2.479722e+000 1.091549e+001 -9.157999e-001 5.078144e+000
-2.481532e+000 1.091681e+001 -9.178674e-001 4.986161e+000
-2.483307e+000 1.091811e+001 -9.198880e-001 4.898058e+000
-2.485048e+000 1.091937e+001 -9.218620e-001 4.813707e+000
-2.486754e+000 1.092061e+001 -9.237926e-001 4.732887e+000
-2.488428e+000 1.092182e+001 -9.256790e-001 4.655486e+000
-2.490070e+000 1.092300e+001 -9.275230e-001 4.581360e+000
-2.491679e+000 1.092416e+001 -9.293251e-001 4.510375e+000
-2.493256e+000 1.092529e+001 -9.310867e-001 4.442392e+000
-2.494803e+000 1.092639e+001 -9.328085e-001 4.377290e+000
-2.496319e+000 1.092747e+001 -9.344915e-001 4.314955e+000
-2.497805e+000 1.092853e+001 -9.361367e-001 4.255253e+000
-2.499261e+000 1.092957e+001 -9.377446e-001 4.198089e+000
-2.500689e+000 1.093058e+001 -9.393166e-001 4.143349e+000
-2.502087e+000 1.093157e+001 -9.408532e-001 4.090934e+000
-2.503458e+000 1.093254e+001 -9.423552e-001 4.040741e+000
-2.504802e+000 1.093349e+001 -9.438233e-001 3.992677e+000
-2.506119e+000 1.093441e+001 -9.452587e-001 3.946657e+000
-2.507409e+000 1.093532e+001 -9.466619e-001 3.902587e+000
-2.508673e+000 1.093620e+001 -9.480337e-001 3.860389e+000
-2.509912e+000 1.093707e+001 -9.493748e-001 3.819983e+000
-2.511126e+000 1.093792e+001 -9.506858e-001 3.781295e+000
-2.512315e+000 1.093875e+001 -9.519678e-001 3.744251e+000
-2.513480e+000 1.093956e+001 -9.532210e-001 3.708779e+000
-2.514621e+000 1.094035e+001 -9.544464e-001 3.674808e+000
-2.515740e+000 1.094112e+001 -9.556444e-001 3.642286e+000
-2.516835e+000 1.094188e+001 -9.568158e-001 3.611143e+000
-2.517908e+000 1.094263e+001 -9.579610e-001 3.581322e+000
-2.518960e+000 1.094335e+001 -9.590807e-001 3.552773e+000
-2.519989e+000 1.094406e+001 -9.601758e-001 3.525434e+000
-2.520998e+000 1.094476e+001 -9.612463e-001 3.499261e+000
-2.521986e+000 1.094543e+001 -9.622931e-001 3.474198e+000
-2.522954e+000 1.094610e+001 -9.633167e-001 3.450199e+000
-2.523901e+000 1.094675e+001 -9.643176e-001 3.427216e+000
-2.524830e+000 1.094738e+001 -9.652963e-001 3.405212e+000
-2.525739e+000 1.094801e+001 -9.662534e-001 3.384145e+000
-2.526630e+000 1.094862e+001 -9.671893e-001 3.363972e+000
-2.527502e+000 1.094921e+001 -9.681045e-001 3.344655e+000
-2.528356e+000 1.094979e+001 -9.689997e-001 3.326158e+000
-2.529193e+000 1.095036e+001 -9.698750e-001 3.308445e+000
-2.530012e+000 1.095092e+001 -9.707311e-001 3.291487e+000
-2.530814e+000 1.095146e+001 -9.715682e-001 3.275248e+000
-2.531600e+000 1.095200e+001 -9.723870e-001 3.259701e+000
-2.532369e+000 1.095252e+001 -9.731876e-001 3.244814e+000
-2.533123e+000 1.095303e+001 -9.739707e-001 3.230556e+000
-2.533860e+000 1.095353e+001 -9.747364e-001 3.216905e+000
-2.534583e+000 1.095401e+001 -9.754854e-001 3.203832e+000
-2.535290e+000 1.095449e+001 -9.762179e-001 3.191312e+000
-2.535983e+000 1.095496e+001 -9.769344e-001 3.179324e+000
-2.536662e+000 1.095542e+001 -9.776353e-001 3.167844e+000
-2.537326e+000 1.095586e+001 -9.783207e-001 3.156858e+000
-2.537976e+000 1.095630e+001 -9.789912e-001 3.146330e+000
-2.538613e+000 1.095673e+001 -9.796469e-001 3.136249e+000
-2.539237e+000 1.095715e+001 -9.802883e-001 3.126597e+000
-2.539847e+000 1.095756e+001 -9.809158e-001 3.117356e+000
-2.540445e+000 1.095796e+001 -9.815295e-001 3.108506e+000
-2.541031e+000 1.095835e+001 -9.821297e-001 3.100030e+000
-2.541604e+000 1.095873e+001 -9.827169e-001 3.091914e+000
-2.542165e+000 1.095911e+001 -9.832913e-001 3.084144e+000
-2.542714e+000 1.095947e+001 -9.838530e-001 3.076703e+000
-2.543252e+000 1.095983e+001 -9.844025e-001 3.069574e+000
-2.543779e+000 1.096018e+001 -9.849400e-001 3.062750e+000
-2.544294e+000 1.096053e+001 -9.854659e-001 3.056216e+000
-2.544799e+000 1.096086e+001 -9.859802e-001 3.049958e+000
-2.545293e+000 1.096119e+001 -9.864835e-001 3.043963e+000
-2.545777e+000 1.096152e+001 -9.869757e-001 3.038222e+000
-2.546251e+000 1.096183e+001 -9.874573e-001 3.032723e+000
-2.546715e+000 1.096214e+001 -9.879285e-001 3.027459e+000
-2.547168e+000 1.096244e+001 -9.883894e-001 3.022418e+000
-2.547613e+000 1.096274e+001 -9.888402e-001 3.017590e+000
-2.548048e+000 1.096302e+001 -9.892812e-001 3.012964e+000
-2.548474e+000 1.096331e+001 -9.897128e-001 3.008536e+000
-2.548892e+000 1.096358e+001 -9.901351e-001 3.004294e+000
-2.549300e+000 1.096385e+001 -9.905481e-001 3.000232e+000
-2.549700e+000 1.096412e+001 -9.909524e-001 2.996340e+000
-2.550091e+000 1.096438e+001 -9.913477e-001 2.992616e+000
-2.550474e+000 1.096463e+001 -9.917344e-001 2.989049e+000
-2.550849e+000 1.096488e+001 -9.921127e-001 2.985632e+000
-2.551216e+000 1.096512e+001 -9.924829e-001 2.982360e+000
-2.551576e+000 1.096536e+001 -9.928452e-001 2.979224e+000
-2.551928e+000 1.096559e+001 -9.931996e-001 2.976224e+000
-2.552272e+000 1.096582e+001 -9.935464e-001 2.973350e+000
-2.552609e+000 1.096604e+001 -9.938856e-001 2.970598e+000
-2.552939e+000 1.096626e+001 -9.942176e-001 2.967960e+000
-2.553262e+000 1.096647e+001 -9.945422e-001 2.965436e+000
-2.553578e+000 1.096668e+001 -9.948599e-001 2.963017e+000
-2.553888e+000 1.096688e+001 -9.951707e-001 2.960701e+000
-2.554191e+000 1.096708e+001 -9.954748e-001 2.958480e+000
-2.554488e+000 1.096728e+001 -9.957724e-001 2.956355e+000
-2.554779e+000 1.096747e+001 -9.960637e-001 2.954319e+000
-2.555063e+000 1.096765e+001 -9.963487e-001 2.952371e+000
-2.555341e+000 1.096784e+001 -9.966275e-001 2.950503e+000
-2.555614e+000 1.096802e+001 -9.969004e-001 2.948714e+000
-2.555881e+000 1.096819e+001 -9.971674e-001 2.946999e+000
-2.556142e+000 1.096836e+001 -9.974287e-001 2.945359e+000
-2.556397e+000 1.096853e+001 -9.976842e-001 2.943789e+000
-2.556648e+000 1.096869e+001 -9.979343e-001 2.942282e+000
-2.556892e+000 1.096885e+001 -9.981790e-001 2.940842e+000
-2.557132e+000 1.096901e+001 -9.984185e-001 2.939461e+000
-2.557367e+000 1.096917e+001 -9.986526e-001 2.938139e+000
-2.557596e+000 1.096932e+001 -9.988821e-001 2.936872e+000
-2.557821e+000 1.096946e+001 -9.991063e-001 2.935659e+000
-2.558041e+000 1.096961e+001 -9.993259e-001 2.934498e+000
-2.558257e+000 1.096975e+001 -9.995407e-001 2.933385e+000
-2.558468e+000 1.096989e+001 -9.997508e-001 2.932318e+000
-2.558674e+000 1.097002e+001 -9.999564e-001 2.931297e+000
-2.558876e+000 1.097015e+001 -1.000157e+000 2.930321e+000
-2.559074e+000 1.097028e+001 -1.000355e+000 2.929382e+000
-2.559268e+000 1.097041e+001 -1.000547e+000 2.928485e+000
-2.559457e+000 1.097053e+001 -1.000736e+000 2.927624e+000
-2.559643e+000 1.097066e+001 -1.000921e+000 2.926800e+000
-2.559824e+000 1.097077e+001 -1.001101e+000 2.926013e+000
-2.560002e+000 1.097089e+001 -1.001278e+000 2.925257e+000
-2.560176e+000 1.097100e+001 -1.001451e+000 2.924533e+000
-2.560347e+000 1.097111e+001 -1.001620e+000 2.923841e+000
-2.560513e+000 1.097122e+001 -1.001786e+000 2.923178e+000
-2.560676e+000 1.097133e+001 -1.001948e+000 2.922543e+000
-2.560836e+000 1.097143e+001 -1.002106e+000 2.921932e+000
-2.560992e+000 1.097154e+001 -1.002261e+000 2.921349e+000
-2.561145e+000 1.097164e+001 -1.002413e+000 2.920790e+000
-2.561295e+000 1.097173e+001 -1.002562e+000 2.920256e+000
-2.561442e+000 1.097183e+001 -1.002707e+000 2.919743e+000
-2.561585e+000 1.097192e+001 -1.002849e+000 2.919253e+000
-2.561725e+000 1.097201e+001 -1.002989e+000 2.918781e+000
-2.561863e+000 1.097210e+001 -1.003125e+000 2.918331e+000
-2.561998e+000 1.097219e+001 -1.003258e+000 2.917900e+000
-2.562129e+000 1.097228e+001 -1.003389e+000 2.917486e+000
-2.562258e+000 1.097236e+001 -1.003517e+000 2.917090e+000
-2.562384e+000 1.097244e+001 -1.003641e+000 2.916711e+000
-2.562508e+000 1.097252e+001 -1.003764e+000 2.916346e+000
-2.562629e+000 1.097260e+001 -1.003884e+000 2.915999e+000
-2.562747e+000 1.097268e+001 -1.004001e+000 2.915665e+000
-2.562863e+000 1.097275e+001 -1.004115e+000 2.915346e+000
-2.562977e+000 1.097283e+001 -1.004228e+000 2.915040e+000
-2.563087e+000 1.097290e+001 -1.004337e+000 2.914747e+000
-2.563196e+000 1.097297e+001 -1.004445e+000 2.914466e+000
-2.563303e+000 1.097304e+001 -1.004550e+000 2.914197e+000
-2.563407e+000 1.097311e+001 -1.004653e+000 2.913939e+000
-2.563509e+000 1.097317e+001 -1.004754e+000 2.913692e+000
-2.563608e+000 1.097324e+001 -1.004852e+000 2.913457e+000
-2.563706e+000 1.097330e+001 -1.004949e+000 2.913229e+000
-2.563802e+000 1.097336e+001 -1.005043e+000 2.913013e+000
-2.563895e+000 1.097343e+001 -1.005136e+000 2.912804e+000
-2.563987e+000 1.097348e+001 -1.005226e+000 2.912605e+000
-2.564076e+000 1.097354e+001 -1.005315e+000 2.912415e+000
-2.564164e+000 1.097360e+001 -1.005401e+000 2.912232e+000
-2.564250e+000 1.097366e+001 -1.005486e+000 2.912055e+000
-2.564334e+000 1.097371e+001 -1.005569e+000 2.911889e+000
-2.564416e+000 1.097376e+001 -1.005650e+000 2.911728e+000
-2.564497e+000 1.097382e+001 -1.005730e+000 2.911575e+000
-2.564576e+000 1.097387e+001 -1.005808e+000 2.911425e+000
-2.564653e+000 1.097392e+001 -1.005884e+000 2.911286e+000
-2.564728e+000 1.097397e+001 -1.005958e+000 2.911151e+000
-2.564802e+000 1.097401e+001 -1.006031e+000 2.911021e+000
-2.564874e+000 1.097406e+001 -1.006102e+000 2.910897e+000
-2.564945e+000 1.097411e+001 -1.006172e+000 2.910778e+000
-2.565014e+000 1.097415e+001 -1.006241e+000 2.910665e+000
-2.565082e+000 1.097420e+001 -1.006307e+000 2.910555e+000
-2.565149e+000 1.097424e+001 -1.006373e+000 2.910450e+000
-2.565213e+000 1.097428e+001 -1.006437e+000 2.910351e+000
-2.565277e+000 1.097432e+001 -1.006500e+000 2.910255e+000
-2.565339e+000 1.097436e+001 -1.006561e+000 2.910163e+000
-2.565400e+000 1.097440e+001 -1.006621e+000 2.910075e+000
-2.565459e+000 1.097444e+001 -1.006680e+000 2.909991e+000
-2.565518e+000 1.097448e+001 -1.006737e+000 2.909911e+000
-2.565575e+000 1.097452e+001 -1.006793e+000 2.909832e+000
-2.565631e+000 1.097455e+001 -1.006849e+000 2.909758e+000
-2.565686e+000 1.097459e+001 -1.006903e+000 2.909687e+000
-2.565740e+000 1.097462e+001 -1.006955e+000 2.909619e+000
-2.565792e+000 1.097466e+001 -1.007007e+000 2.909554e+000
-2.565843e+000 1.097469e+001 -1.007058e+000 2.909490e+000
-2.565894e+000 1.097472e+001 -1.007107e+000 2.909431e+000
-2.565943e+000 1.097475e+001 -1.007156e+000 2.909373e+000
-2.565991e+000 1.097479e+001 -1.007203e+000 2.909319e+000
-2.566038e+000 1.097482e+001 -1.007249e+000 2.909266e+000
-2.566084e+000 1.097485e+001 -1.007295e+000 2.909216e+000
-2.566129e+000 1.097488e+001 -1.007339e+000 2.909168e+000
-2.566174e+000 1.097490e+001 -1.007383e+000 2.909122e+000
-2.566217e+000 1.097493e+001 -1.007425e+000 2.909078e+000
-2.566259e+000 1.097496e+001 -1.007467e+000 2.909034e+000
-2.566300e+000 1.097499e+001 -1.007508e+000 2.908994e+000
-2.566341e+000 1.097501e+001 -1.007547e+000 2.908956e+000
-2.566381e+000 1.097504e+001 -1.007586e+000 2.908919e+000
-2.566419e+000 1.097506e+001 -1.007625e+000 2.908883e+000
-2.566458e+000 1.097509e+001 -1.007662e+000 2.908847e+000
-2.566495e+000 1.097511e+001 -1.007699e+000 2.908815e+000
-2.566531e+000 1.097514e+001 -1.007735e+000 2.908784e+000
-2.566567e+000 1.097516e+001 -1.007770e+000 2.908754e+000
-2.566602e+000 1.097518e+001 -1.007804e+000 2.908724e+000
-2.566636e+000 1.097520e+001 -1.007838e+000 2.908697e+000
-2.566669e+000 1.097523e+001 -1.007871e+000 2.908671e+000
-2.566702e+000 1.097525e+001 -1.007903e+000 2.908644e+000
-2.566734e+000 1.097527e+001 -1.007934e+000 2.908622e+000
-2.566766e+000 1.097529e+001 -1.007965e+000 2.908598e+000
-2.566796e+000 1.097531e+001 -1.007995e+000 2.908575e+000
-2.566826e+000 1.097533e+001 -1.008025e+000 2.908553e+000
-2.566856e+000 1.097535e+001 -1.008054e+000 2.908533e+000
-2.566885e+000 1.097536e+001 -1.008082e+000 2.908513e+000
-2.566912e+000 1.097538e+001 -1.008110e+000 2.908496e+000
-2.566940e+000 1.097540e+001 -1.008137e+000 2.908478e+000
-2.566967e+000 1.097542e+001 -1.008163e+000 2.908460e+000
-2.566994e+000 1.097544e+001 -1.008189e+000 2.908443e+000
-2.567019e+000 1.097545e+001 -1.008215e+000 2.908427e+000
-2.567044e+000 1.097547e+001 -1.008240e+000 2.908413e+000
-2.567069e+000 1.097548e+001 -1.008264e+000 2.908397e+000
-2.567094e+000 1.097550e+001 -1.008288e+000 2.908384e+000
-2.567117e+000 1.097552e+001 -1.008311e+000 2.908370e+000
-2.567141e+000 1.097553e+001 -1.008334e+000 2.908358e+000
-2.567163e+000 1.097554e+001 -1.008356e+000 2.908346e+000
-2.567186e+000 1.097556e+001 -1.008378e+000 2.908334e+000
-2.567207e+000 1.097557e+001 -1.008400e+000 2.908323e+000
-2.567229e+000 1.097559e+001 -1.008421e+000 2.908312e+000
-2.567250e+000 1.097560e+001 -1.008441e+000 2.908303e+000
-2.567270e+000 1.097561e+001 -1.008461e+000 2.908291e+000
-2.567290e+000 1.097563e+001 -1.008481e+000 2.908283e+000
-2.567309e+000 1.097564e+001 -1.008500e+000 2.908272e+000
-2.567328e+000 1.097565e+001 -1.008519e+000 2.908263e+000
-2.567347e+000 1.097566e+001 -1.008537e+000 2.908255e+000
-2.567366e+000 1.097568e+001 -1.008555e+000 2.908247e+000
-2.567384e+000 1.097569e+001 -1.008573e+000 2.908241e+000
-2.567401e+000 1.097570e+001 -1.008590e+000 2.908232e+000
-2.567418e+000 1.097571e+001 -1.008607e+000 2.908227e+000
-2.567435e+000 1.097572e+001 -1.008623e+000 2.908218e+000
-2.567451e+000 1.097573e+001 -1.008640e+000 2.908212e+000
-2.567467e+000 1.097574e+001 -1.008655e+000 2.908207e+000
-2.567483e+000 1.097575e+001 -1.008671e+000 2.908200e+000
-2.567499e+000 1.097576e+001 -1.008686e+000 2.908196e+000
-2.567514e+000 1.097577e+001 -1.008701e+000 2.908190e+000
-2.567528e+000 1.097578e+001 -1.008715e+000 2.908185e+000
-2.567543e+000 1.097579e+001 -1.008729e+000 2.908179e+000
-2.567557e+000 1.097580e+001 -1.008743e+000 2.908175e+000
-2.567571e+000 1.097581e+001 -1.008757e+000 2.908170e+000
-2.567585e+000 1.097582e+001 -1.008770e+000 2.908166e+000
-2.567598e+000 1.097583e+001 -1.008783e+000 2.908161e+000
-2.567611e+000 1.097583e+001 -1.008796e+000 2.908158e+000
-2.567624e+000 1.097584e+001 -1.008809e+000 2.908153e+000
-2.567636e+000 1.097585e+001 -1.008821e+000 2.908149e+000
-2.567649e+000 1.097586e+001 -1.008833e+000 2.908145e+000
-2.567661e+000 1.097587e+001 -1.008845e+000 2.908144e+000
-2.567672e+000 1.097587e+001 -1.008856e+000 2.908140e+000
-2.567683e+000 1.097588e+001 -1.008867e+000 2.908137e+000
-2.567695e+000 1.097589e+001 -1.008878e+000 2.908134e+000
-2.567706e+000 1.097590e+001 -1.008889e+000 2.908132e+000
-2.567716e+000 1.097590e+001 -1.008900e+000 2.908129e+000
-2.567727e+000 1.097591e+001 -1.008910e+000 2.908124e+000
-2.567737e+000 1.097592e+001 -1.008920e+000 2.908124e+000
-2.567747e+000 1.097592e+001 -1.008930e+000 2.908120e+000
-2.567757e+000 1.097593e+001 -1.008940e+000 2.908119e+000
-2.567767e+000 1.097593e+001 -1.008949e+000 2.908116e+000
-2.567776e+000 1.097594e+001 -1.008958e+000 2.908114e+000
-2.567785e+000 1.097595e+001 -1.008967e+000 2.908112e+000
-2.567794e+000 1.097595e+001 -1.008976e+000 2.908110e+000
-2.567803e+000 1.097596e+001 -1.008985e+000 2.908108e+000
-2.567812e+000 1.097596e+001 -1.008993e+000 2.908107e+000
-2.567820e+000 1.097597e+001 -1.009002e+000 2.908105e+000
-2.567829e+000 1.097598e+001 -1.009010e+000 2.908103e+000
-2.567837e+000 1.097598e+001 -1.009018e+000 2.908102e+000
-2.567845e+000 1.097599e+001 -1.009026e+000 2.908101e+000
-2.567852e+000 1.097599e+001 -1.009033e+000 2.908099e+000
-2.567860e+000 1.097600e+001 -1.009041e+000 2.908097e+000
-2.567867e+000 1.097600e+001 -1.009048e+000 2.908096e+000
-2.567874e+000 1.097600e+001 -1.009055e+000 2.908095e+000
-2.567881e+000 1.097601e+001 -1.009062e+000 2.908093e+000
-2.567888e+000 1.097601e+001 -1.009069e+000 2.908093e+000
-2.567895e+000 1.097602e+001 -1.009076e+000 2.908090e+000
-2.567902e+000 1.097602e+001 -1.009082e+000 2.908090e+000
-2.567909e+000 1.097603e+001 -1.009089e+000 2.908088e+000
-2.567915e+000 1.097603e+001 -1.009095e+000 2.908087e+000
-2.567922e+000 1.097604e+001 -1.009101e+000 2.908087e+000
-2.567928e+000 1.097604e+001 -1.009107e+000 2.908086e+000
-2.567934e+000 1.097604e+001 -1.009113e+000 2.908085e+000
-2.567940e+000 1.097605e+001 -1.009119e+000 2.908084e+000
-2.567945e+000 1.097605e+001 -1.009125e+000 2.908085e+000
-2.567951e+000 1.097605e+001 -1.009130e+000 2.908082e+000
-2.567956e+000 1.097606e+001 -1.009136e+000 2.908083e+000
-2.567962e+000 1.097606e+001 -1.009141e+000 2.908081e+000
-2.567967e+000 1.097606e+001 -1.009146e+000 2.908082e+000
-2.567972e+000 1.097607e+001 -1.009151e+000 2.908080e+000
-2.567978e+000 1.097607e+001 -1.009156e+000 2.908078e+000
-2.567982e+000 1.097607e+001 -1.009161e+000 2.908078e+000
-2.567987e+000 1.097608e+001 -1.009166e+000 2.908078e+000
-2.567992e+000 1.097608e+001 -1.009170e+000 2.908079e+000
-2.567997e+000 1.097608e+001 -1.009175e+000 2.908076e+000
-2.568001e+000 1.097609e+001 -1.009179e+000 2.908077e+000
-2.568006e+000 1.097609e+001 -1.009184e+000 2.908076e+000
-2.568010e+000 1.097609e+001 -1.009188e+000 2.908077e+000
-2.568014e+000 1.097610e+001 -1.009192e+000 2.908076e+000
-2.568018e+000 1.097610e+001 -1.009196e+000 2.908076e+000
-2.568022e+000 1.097610e+001 -1.009200e+000 2.908074e+000
-2.568027e+000 1.097610e+001 -1.009204e+000 2.908075e+000
-2.568030e+000 1.097611e+001 -1.009208e+000 2.908074e+000
-2.568034e+000 1.097611e+001 -1.009212e+000 2.908074e+000
-2.568038e+000 1.097611e+001 -1.009215e+000 2.908073e+000
-2.568042e+000 1.097611e+001 -1.009219e+000 2.908074e+000
-2.568045e+000 1.097612e+001 -1.009223e+000 2.908073e+000
-2.568049e+000 1.097612e+001 -1.009226e+000 2.908072e+000
-2.568052e+000 1.097612e+001 -1.009229e+000 2.908072e+000
-2.568055e+000 1.097612e+001 -1.009233e+000 2.908071e+000
-2.568059e+000 1.097612e+001 -1.009236e+000 2.908071e+000
-2.568062e+000 1.097613e+001 -1.009239e+000 2.908072e+000
-2.568065e+000 1.097613e+001 -1.009242e+000 2.908070e+000
-2.568068e+000 1.097613e+001 -1.009245e+000 2.908071e+000
-2.568071e+000 1.097613e+001 -1.009248e+000 2.908071e+000
-2.568074e+000 1.097613e+001 -1.009251e+000 2.908069e+000
-2.568077e+000 1.097614e+001 -1.009254e+000 2.908071e+000
-2.568079e+000 1.097614e+001 -1.009256e+000 2.908070e+000
-2.568082e+000 1.097614e+001 -1.009259e+000 2.908070e+000
-2.568085e+000 1.097614e+001 -1.009262e+000 2.908069e+000
-2.568088e+000 1.097614e+001 -1.009264e+000 2.908069e+000
-2.568090e+000 1.097614e+001 -1.009267e+000 2.908069e+000
-2.568093e+000 1.097615e+001 -1.009269e+000 2.908069e+000
-2.568095e+000 1.097615e+001 -1.009272e+000 2.908069e+000
-2.568098e+000 1.097615e+001 -1.009274e+000 2.908068e+000
-2.568100e+000 1.097615e+001 -1.009277e+000 2.908068e+000
-2.568103e+000 1.097615e+001 -1.009279e+000 2.908068e+000
-2.568105e+000 1.097615e+001 -1.009282e+000 2.908070e+000
-2.568107e+000 1.097616e+001 -1.009284e+000 2.908069e+000
-2.568110e+000 1.097616e+001 -1.009286e+000 2.908066e+000
-2.568112e+000 1.097616e+001 -1.009288e+000 2.908068e+000
-2.568114e+000 1.097616e+001 -1.009290e+000 2.908067e+000
-2.568116e+000 1.097616e+001 -1.009292e+000 2.908068e+000
-2.568118e+000 1.097616e+001 -1.009294e+000 2.908067e+000
-2.568120e+000 1.097616e+001 -1.009296e+000 2.908066e+000
-2.568122e+000 1.097616e+001 -1.009298e+000 2.908066e+000
-2.568124e+000 1.097617e+001 -1.009299e+000 2.908067e+000
-2.568125e+000 1.097617e+001 -1.009301e+000 2.908067e+000
-2.568127e+000 1.097617e+001 -1.009303e+000 2.908066e+000
-2.568129e+000 1.097617e+001 -1.009305e+000 2.908067e+000
-2.568130e+000 1.097617e+001 -1.009306e+000 2.908067e+000
-2.568132e+000 1.097617e+001 -1.009308e+000 2.908067e+000
-2.568134e+000 1.097617e+001 -1.009310e+000 2.908066e+000
-2.568135e+000 1.097617e+001 -1.009311e+000 2.908066e+000
-2.568137e+000 1.097617e+001 -1.009313e+000 2.908067e+000
-2.568139e+000 1.097618e+001 -1.009314e+000 2.908066e+000
-2.568140e+000 1.097618e+001 -1.009316e+000 2.908067e+000
-2.568141e+000 1.097618e+001 -1.009317e+000 2.908067e+000
-2.568143e+000 1.097618e+001 -1.009319e+000 2.908067e+000
-2.568144e+000 1.097618e+001 -1.009320e+000 2.908066e+000
-2.568146e+000 1.097618e+001 -1.009321e+000 2.908066e+000
-2.568147e+000 1.097618e+001 -1.009323e+000 2.908066e+000
-2.568149e+000 1.097618e+001 -1.009324e+000 2.908066e+000
-2.568150e+000 1.097618e+001 -1.009325e+000 2.908066e+000
-2.568151e+000 1.097618e+001 -1.009327e+000 2.908066e+000
-2.568152e+000 1.097618e+001 -1.009328e+000 2.908065e+000
-2.568154e+000 1.097619e+001 -1.009329e+000 2.908067e+000
-2.568155e+000 1.097619e+001 -1.009330e+000 2.908065e+000
-2.568156e+000 1.097619e+001 -1.009332e+000 2.908066e+000
-2.568158e+000 1.097619e+001 -1.009333e+000 2.908066e+000
-2.568159e+000 1.097619e+001 -1.009334e+000 2.908066e+000
-2.568160e+000 1.097619e+001 -1.009335e+000 2.908066e+000
-2.568161e+000 1.097619e+001 -1.009336e+000 2.908066e+000
-2.568162e+000 1.097619e+001 -1.009337e+000 2.908066e+000
-2.568163e+000 1.097619e+001 -1.009338e+000 2.908066e+000
-2.568164e+000 1.097619e+001 -1.009339e+000 2.908066e+000
-2.568165e+000 1.097619e+001 -1.009340e+000 2.908066e+000
-2.568166e+000 1.097619e+001 -1.009341e+000 2.908067e+000
-2.568167e+000 1.097619e+001 -1.009342e+000 2.908065e+000
-2.568168e+000 1.097619e+001 -1.009343e+000 2.908066e+000
-2.568169e+000 1.097620e+001 -1.009344e+000 2.908065e+000
-2.568170e+000 1.097620e+001 -1.009345e+000 2.908066e+000
-2.568171e+000 1.097620e+001 -1.009345e+000 2.908066e+000
-2.568171e+000 1.097620e+001 -1.009346e+000 2.908066e+000
-2.568172e+000 1.097620e+001 -1.009347e+000 2.908066e+000
-2.568173e+000 1.097620e+001 -1.009348e+000 2.908066e+000
-2.568174e+000 1.097620e+001 -1.009349e+000 2.908066e+000
-2.568175e+000 1.097620e+001 -1.009350e+000 2.908065e+000
-2.568176e+000 1.097620e+001 -1.009350e+000 2.908065e+000
-2.568176e+000 1.097620e+001 -1.009351e+000 2.908065e+000
-2.568177e+000 1.097620e+001 -1.009352e+000 2.908065e+000
-2.568178e+000 1.097620e+001 -1.009353e+000 2.908066e+000
-2.568178e+000 1.097620e+001 -1.009353e+000 2.908065e+000
-2.568179e+000 1.097620e+001 -1.009354e+000 2.908065e+000
-2.568180e+000 1.097620e+001 -1.009355e+000 2.908066e+000
-2.568180e+000 1.097620e+001 -1.009355e+000 2.908066e+000
-2.568181e+000 1.097620e+001 -1.009356e+000 2.908066e+000
-2.568182e+000 1.097620e+001 -1.009356e+000 2.908066e+000
-2.568182e+000 1.097620e+001 -1.009357e+000 2.908066e+000
-2.568183e+000 1.097620e+001 -1.009358e+000 2.908064e+000
-2.568183e+000 1.097620e+001 -1.009358e+000 2.908064e+000
-2.568184e+000 1.097620e+001 -1.009359e+000 2.908064e+000
-2.568184e+000 1.097620e+001 -1.009359e+000 2.908064e+000
-2.568185e+000 1.097621e+001 -1.009360e+000 2.908066e+000
-2.568186e+000 1.097621e+001 -1.009360e+000 2.908066e+000
-2.568186e+000 1.097621e+001 -1.009361e+000 2.908066e+000
-2.568187e+000 1.097621e+001 -1.009361e+000 2.908066e+000
-2.568187e+000 1.097621e+001 -1.009362e+000 2.908065e+000
-2.568188e+000 1.097621e+001 -1.009362e+000 2.908065e+000
-2.568188e+000 1.097621e+001 -1.009363e+000 2.908065e+000
-2.568189e+000 1.097621e+001 -1.009363e+000 2.908066e+000
-2.568189e+000 1.097621e+001 -1.009364e+000 2.908065e+000
-2.568190e+000 1.097621e+001 -1.009364e+000 2.908065e+000
-2.568190e+000 1.097621e+001 -1.009365e+000 2.908064e+000
-2.568191e+000 1.097621e+001 -1.009365e+000 2.908065e+000
-2.568191e+000 1.097621e+001 -1.009366e+000 2.908065e+000
-2.568192e+000 1.097621e+001 -1.009366e+000 2.908066e+000
-2.568192e+000 1.097621e+001 -1.009367e+000 2.908066e+000
-2.568192e+000 1.097621e+001 -1.009367e+000 2.908065e+000
-2.568192e+000 1.097621e+001 -1.009367e+000 2.908065e+000
-2.568193e+000 1.097621e+001 -1.009367e+000 2.908064e+000
-2.568193e+000 1.097621e+001 -1.009368e+000 2.908065e+000
-2.568193e+000 1.097621e+001 -1.009368e+000 2.908065e+000
-2.568194e+000 1.097621e+001 -1.009368e+000 2.908065e+000
-2.568194e+000 1.097621e+001 -1.009369e+000 2.908066e+000
-2.568194e+000 1.097621e+001 -1.009369e+000 2.908065e+000
-2.568195e+000 1.097621e+001 -1.009369e+000 2.908066e+000
-2.568195e+000 1.097621e+001 -1.009370e+000 2.908065e+000
-2.568195e+000 1.097621e+001 -1.009370e+000 2.908065e+000
-2.568195e+000 1.097621e+001 -1.009370e+000 2.908065e+000
-2.568196e+000 1.097621e+001 -1.009370e+000 2.908065e+000
-2.568196e+000 1.097621e+001 -1.009371e+000 2.908066e+000
-2.568196e+000 1.097621e+001 -1.009371e+000 2.908066e+000
-2.568197e+000 1.097621e+001 -1.009371e+000 2.908065e+000
-2.568197e+000 1.097621e+001 -1.009372e+000 2.908065e+000
-2.568197e+000 1.097621e+001 -1.009372e+000 2.908066e+000
-2.568197e+000 1.097621e+001 -1.009372e+000 2.908064e+000
-2.568197e+000 1.097621e+001 -1.009372e+000 2.908064e+000
-2.568198e+000 1.097621e+001 -1.009372e+000 2.908066e+000
-2.568198e+000 1.097621e+001 -1.009373e+000 2.908066e+000
-2.568198e+000 1.097621e+001 -1.009373e+000 2.908064e+000
-2.568198e+000 1.097621e+001 -1.009373e+000 2.908065e+000
-2.568199e+000 1.097621e+001 -1.009373e+000 2.908065e+000
-2.568199e+000 1.097621e+001 -1.009374e+000 2.908066e+000
-2.568199e+000 1.097621e+001 -1.009374e+000 2.908065e+000
-2.568199e+000 1.097621e+001 -1.009374e+000 2.908066e+000
-2.568200e+000 1.097621e+001 -1.009374e+000 2.908066e+000
-2.568200e+000 1.097621e+001 -1.009374e+000 2.908066e+000
-2.568200e+000 1.097622e+001 -1.009375e+000 2.908065e+000
-2.568200e+000 1.097622e+001 -1.009375e+000 2.908065e+000
-2.568200e+000 1.097622e+001 -1.009375e+000 2.908066e+000
-2.568201e+000 1.097622e+001 -1.009375e+000 2.908065e+000
-2.568201e+000 1.097622e+001 -1.009375e+000 2.908065e+000
-2.568201e+000 1.097622e+001 -1.009375e+000 2.908065e+000
-2.568201e+000 1.097622e+001 -1.009376e+000 2.908065e+000
-2.568201e+000 1.097622e+001 -1.009376e+000 2.908066e+000
-2.568201e+000 1.097622e+001 -1.009376e+000 2.908065e+000
-2.568202e+000 1.097622e+001 -1.009376e+000 2.908067e+000
-2.568202e+000 1.097622e+001 -1.009376e+000 2.908066e+000
-2.568202e+000 1.097622e+001 -1.009376e+000 2.908066e+000

steps = 587
