Gradient descent of (x-2)^2+(y-2)^2

gamma = 1.000000e-002, epsilon = 1.000000e-007

      x            y          f(x,y)     
0.000000e+000 1.000000e+000 5.000000e+000
3.999995e-002 1.020000e+000 4.802000e+000
7.919999e-002 1.039600e+000 4.611841e+000
1.176160e-001 1.058808e+000 4.429212e+000
1.552637e-001 1.077632e+000 4.253815e+000
1.921585e-001 1.096079e+000 4.085364e+000
2.283153e-001 1.114157e+000 3.923584e+000
2.637489e-001 1.131874e+000 3.768210e+000
2.984740e-001 1.149237e+000 3.618989e+000
3.325045e-001 1.166252e+000 3.475677e+000
3.658544e-001 1.182927e+000 3.338040e+000
3.985374e-001 1.199268e+000 3.205854e+000
4.305666e-001 1.215283e+000 3.078902e+000
4.619553e-001 1.230977e+000 2.956978e+000
4.927162e-001 1.246358e+000 2.839881e+000
5.228618e-001 1.261430e+000 2.727422e+000
5.524046e-001 1.276202e+000 2.619416e+000
5.813565e-001 1.290678e+000 2.515687e+000
6.097293e-001 1.304864e+000 2.416066e+000
6.375348e-001 1.318767e+000 2.320390e+000
6.647841e-001 1.332392e+000 2.228503e+000
6.914884e-001 1.345744e+000 2.140254e+000
7.176586e-001 1.358829e+000 2.055500e+000
7.433054e-001 1.371652e+000 1.974102e+000
7.684392e-001 1.384219e+000 1.895928e+000
7.930704e-001 1.396535e+000 1.820849e+000
8.172090e-001 1.408604e+000 1.748744e+000
8.408648e-001 1.420432e+000 1.679493e+000
8.640475e-001 1.432023e+000 1.612986e+000
8.867665e-001 1.443383e+000 1.549111e+000
9.090312e-001 1.454515e+000 1.487767e+000
9.308505e-001 1.465425e+000 1.428851e+000
9.522335e-001 1.476117e+000 1.372269e+000
9.731888e-001 1.486594e+000 1.317927e+000
9.937250e-001 1.496862e+000 1.265737e+000
1.013850e+000 1.506925e+000 1.215614e+000
1.033573e+000 1.516786e+000 1.167476e+000
1.052902e+000 1.526451e+000 1.121244e+000
1.071844e+000 1.535922e+000 1.076843e+000
1.090407e+000 1.545203e+000 1.034199e+000
1.108599e+000 1.554299e+000 9.932453e-001
1.126427e+000 1.563213e+000 9.539129e-001
1.143898e+000 1.571949e+000 9.161380e-001
1.161020e+000 1.580510e+000 8.798589e-001
1.177800e+000 1.588900e+000 8.450165e-001
1.194244e+000 1.597122e+000 8.115540e-001
1.210359e+000 1.605179e+000 7.794165e-001
1.226152e+000 1.613076e+000 7.485515e-001
1.241629e+000 1.620814e+000 7.189090e-001
1.256796e+000 1.628398e+000 6.904403e-001
1.271660e+000 1.635830e+000 6.630989e-001
1.286227e+000 1.643113e+000 6.368402e-001
1.300502e+000 1.650251e+000 6.116214e-001
1.314492e+000 1.657246e+000 5.874012e-001
1.328202e+000 1.664101e+000 5.641402e-001
1.341638e+000 1.670819e+000 5.418003e-001
1.354806e+000 1.677402e+000 5.203450e-001
1.367710e+000 1.683854e+000 4.997393e-001
1.380355e+000 1.690177e+000 4.799496e-001
1.392748e+000 1.696374e+000 4.609435e-001
1.404893e+000 1.702446e+000 4.426902e-001
1.416795e+000 1.708397e+000 4.251597e-001
1.428459e+000 1.714229e+000 4.083234e-001
1.439890e+000 1.719945e+000 3.921539e-001
1.451092e+000 1.725546e+000 3.766246e-001
1.462070e+000 1.731035e+000 3.617104e-001
1.472829e+000 1.736414e+000 3.473866e-001
1.483373e+000 1.741686e+000 3.336300e-001
1.493705e+000 1.746852e+000 3.204182e-001
1.503831e+000 1.751915e+000 3.077297e-001
1.513754e+000 1.756877e+000 2.955436e-001
1.523479e+000 1.761739e+000 2.838402e-001
1.533010e+000 1.766505e+000 2.726001e-001
1.542349e+000 1.771174e+000 2.618051e-001
1.551502e+000 1.775751e+000 2.514377e-001
1.560472e+000 1.780236e+000 2.414808e-001
1.569263e+000 1.784631e+000 2.319182e-001
1.577878e+000 1.788939e+000 2.227342e-001
1.586320e+000 1.793160e+000 2.139140e-001
1.594594e+000 1.797297e+000 2.054430e-001
1.602702e+000 1.801351e+000 1.973074e-001
1.610648e+000 1.805324e+000 1.894940e-001
1.618435e+000 1.809217e+000 1.819901e-001
1.626066e+000 1.813033e+000 1.747833e-001
1.633545e+000 1.816772e+000 1.678618e-001
1.640874e+000 1.820437e+000 1.612145e-001
1.648056e+000 1.824028e+000 1.548304e-001
1.655095e+000 1.827548e+000 1.486991e-001
1.661993e+000 1.830997e+000 1.428107e-001
1.668753e+000 1.834377e+000 1.371554e-001
1.675378e+000 1.837689e+000 1.317240e-001
1.681871e+000 1.840935e+000 1.265078e-001
1.688233e+000 1.844117e+000 1.214981e-001
1.694469e+000 1.847234e+000 1.166868e-001
1.700579e+000 1.850290e+000 1.120659e-001
1.706568e+000 1.853284e+000 1.076282e-001
1.712436e+000 1.856218e+000 1.033661e-001
1.718188e+000 1.859094e+000 9.927277e-002
1.723824e+000 1.861912e+000 9.534159e-002
1.729347e+000 1.864674e+000 9.156606e-002
1.734760e+000 1.867380e+000 8.794004e-002
1.740065e+000 1.870033e+000 8.445760e-002
1.745264e+000 1.872632e+000 8.111306e-002
1.750359e+000 1.875179e+000 7.790096e-002
1.755352e+000 1.877676e+000 7.481609e-002
1.760244e+000 1.880122e+000 7.185337e-002
1.765040e+000 1.882520e+000 6.900799e-002
1.769739e+000 1.884869e+000 6.627527e-002
1.774344e+000 1.887172e+000 6.365078e-002
1.778857e+000 1.889429e+000 6.113021e-002
1.783280e+000 1.891640e+000 5.870943e-002
1.787614e+000 1.893807e+000 5.638451e-002
1.791862e+000 1.895931e+000 5.415170e-002
1.796025e+000 1.898013e+000 5.200728e-002
1.800104e+000 1.900052e+000 4.994780e-002
1.804102e+000 1.902051e+000 4.796987e-002
1.808020e+000 1.904010e+000 4.607028e-002
1.811860e+000 1.905930e+000 4.424590e-002
1.815623e+000 1.907811e+000 4.249375e-002
1.819310e+000 1.909655e+000 4.081101e-002
1.822924e+000 1.911462e+000 3.919489e-002
1.826465e+000 1.913233e+000 3.764280e-002
1.829936e+000 1.914968e+000 3.615215e-002
1.833337e+000 1.916669e+000 3.472053e-002
1.836671e+000 1.918335e+000 3.334560e-002
1.839937e+000 1.919969e+000 3.202512e-002
1.843138e+000 1.921569e+000 3.075693e-002
1.846276e+000 1.923138e+000 2.953896e-002
1.849350e+000 1.924675e+000 2.836922e-002
1.852363e+000 1.926181e+000 2.724580e-002
1.855316e+000 1.927658e+000 2.616687e-002
1.858210e+000 1.929105e+000 2.513066e-002
1.861045e+000 1.930523e+000 2.413551e-002
1.863824e+000 1.931912e+000 2.317974e-002
1.866548e+000 1.933274e+000 2.226184e-002
1.869217e+000 1.934608e+000 2.138025e-002
1.871833e+000 1.935916e+000 2.053358e-002
1.874396e+000 1.937198e+000 1.972046e-002
1.876908e+000 1.938454e+000 1.893953e-002
1.879370e+000 1.939685e+000 1.818953e-002
1.881783e+000 1.940891e+000 1.746924e-002
1.884147e+000 1.942073e+000 1.677744e-002
1.886464e+000 1.943232e+000 1.611306e-002
1.888735e+000 1.944367e+000 1.547499e-002
1.890960e+000 1.945480e+000 1.486218e-002
1.893141e+000 1.946570e+000 1.427364e-002
1.895278e+000 1.947639e+000 1.370840e-002
1.897372e+000 1.948686e+000 1.316556e-002
1.899425e+000 1.949712e+000 1.264420e-002
1.901436e+000 1.950718e+000 1.214349e-002
1.903408e+000 1.951704e+000 1.166261e-002
1.905339e+000 1.952670e+000 1.120078e-002
1.907233e+000 1.953616e+000 1.075723e-002
1.909088e+000 1.954544e+000 1.033124e-002
1.910906e+000 1.955453e+000 9.922137e-003
1.912688e+000 1.956344e+000 9.529228e-003
1.914434e+000 1.957217e+000 9.151864e-003
1.916146e+000 1.958073e+000 8.789438e-003
1.917823e+000 1.958911e+000 8.441387e-003
1.919466e+000 1.959733e+000 8.107104e-003
1.921077e+000 1.960539e+000 7.786066e-003
1.922655e+000 1.961328e+000 7.477736e-003
1.924202e+000 1.962101e+000 7.181623e-003
1.925718e+000 1.962859e+000 6.897230e-003
1.927204e+000 1.963602e+000 6.624109e-003
1.928660e+000 1.964330e+000 6.361794e-003
1.930086e+000 1.965043e+000 6.109869e-003
1.931485e+000 1.965742e+000 5.867909e-003
1.932855e+000 1.966428e+000 5.635542e-003
1.934198e+000 1.967099e+000 5.412371e-003
1.935514e+000 1.967757e+000 5.198036e-003
1.936804e+000 1.968402e+000 4.992197e-003
1.938068e+000 1.969034e+000 4.794501e-003
1.939306e+000 1.969653e+000 4.604648e-003
1.940520e+000 1.970260e+000 4.422302e-003
1.941710e+000 1.970855e+000 4.247176e-003
1.942876e+000 1.971438e+000 4.078993e-003
1.944018e+000 1.972009e+000 3.917463e-003
1.945138e+000 1.972569e+000 3.762335e-003
1.946235e+000 1.973117e+000 3.613352e-003
1.947310e+000 1.973655e+000 3.470268e-003
1.948364e+000 1.974182e+000 3.332843e-003
1.949397e+000 1.974698e+000 3.200861e-003
1.950409e+000 1.975204e+000 3.074104e-003
1.951401e+000 1.975700e+000 2.952370e-003
1.952373e+000 1.976186e+000 2.835450e-003
1.953325e+000 1.976663e+000 2.723163e-003
1.954259e+000 1.977129e+000 2.615324e-003
1.955174e+000 1.977587e+000 2.511759e-003
1.956070e+000 1.978035e+000 2.412291e-003
1.956949e+000 1.978474e+000 2.316767e-003
1.957810e+000 1.978905e+000 2.225023e-003
1.958654e+000 1.979327e+000 2.136917e-003
1.959481e+000 1.979740e+000 2.052295e-003
1.960291e+000 1.980145e+000 1.971024e-003
1.961085e+000 1.980542e+000 1.892973e-003
1.961863e+000 1.980931e+000 1.818012e-003
1.962626e+000 1.981313e+000 1.746022e-003
1.963374e+000 1.981686e+000 1.676883e-003
1.964106e+000 1.982053e+000 1.610479e-003
1.964824e+000 1.982412e+000 1.546705e-003
1.965528e+000 1.982763e+000 1.485451e-003
1.966217e+000 1.983108e+000 1.426623e-003
1.966893e+000 1.983446e+000 1.370127e-003
1.967555e+000 1.983777e+000 1.315875e-003
1.968204e+000 1.984102e+000 1.263768e-003
1.968840e+000 1.984419e+000 1.213721e-003
1.969463e+000 1.984731e+000 1.165656e-003
1.970074e+000 1.985036e+000 1.119497e-003
1.970672e+000 1.985336e+000 1.075165e-003
1.971259e+000 1.985629e+000 1.032592e-003
1.971833e+000 1.985916e+000 9.917020e-004
1.972397e+000 1.986198e+000 9.524272e-004
1.972949e+000 1.986474e+000 9.147100e-004
1.973490e+000 1.986745e+000 8.784909e-004
1.974020e+000 1.987010e+000 8.437002e-004
1.974540e+000 1.987270e+000 8.102891e-004
1.975049e+000 1.987524e+000 7.781982e-004
1.975548e+000 1.987774e+000 7.473823e-004
1.976037e+000 1.988018e+000 7.177888e-004
1.976516e+000 1.988258e+000 6.893667e-004
1.976986e+000 1.988493e+000 6.620674e-004
1.977446e+000 1.988723e+000 6.358492e-004
1.977897e+000 1.988948e+000 6.106690e-004
1.978339e+000 1.989169e+000 5.864881e-004
1.978773e+000 1.989386e+000 5.632637e-004
1.979197e+000 1.989598e+000 5.409596e-004
1.979613e+000 1.989806e+000 5.195387e-004
1.980021e+000 1.990010e+000 4.989672e-004
1.980420e+000 1.990210e+000 4.792080e-004
1.980812e+000 1.990406e+000 4.602321e-004
1.981196e+000 1.990598e+000 4.420071e-004
1.981572e+000 1.990786e+000 4.245040e-004
1.981940e+000 1.990970e+000 4.076923e-004
1.982302e+000 1.991150e+000 3.915473e-004
1.982656e+000 1.991328e+000 3.760426e-004
1.983002e+000 1.991501e+000 3.611510e-004
1.983342e+000 1.991671e+000 3.468481e-004
1.983676e+000 1.991838e+000 3.331124e-004
1.984002e+000 1.992001e+000 3.199212e-004
1.984322e+000 1.992161e+000 3.072524e-004
1.984636e+000 1.992317e+000 2.950868e-004
1.984943e+000 1.992471e+000 2.834002e-004
1.985244e+000 1.992622e+000 2.721784e-004
1.985539e+000 1.992769e+000 2.613987e-004
1.985828e+000 1.992914e+000 2.510479e-004
1.986112e+000 1.993056e+000 2.411048e-004
1.986390e+000 1.993194e+000 2.315574e-004
1.986662e+000 1.993331e+000 2.223887e-004
1.986929e+000 1.993464e+000 2.135814e-004
1.987190e+000 1.993595e+000 2.051229e-004
1.987446e+000 1.993723e+000 1.970000e-004
1.987697e+000 1.993848e+000 1.891995e-004
1.987943e+000 1.993971e+000 1.817074e-004
1.988184e+000 1.994092e+000 1.745118e-004
1.988421e+000 1.994210e+000 1.676023e-004
1.988652e+000 1.994326e+000 1.609649e-004
1.988879e+000 1.994439e+000 1.545901e-004
1.989102e+000 1.994551e+000 1.484676e-004
1.989320e+000 1.994660e+000 1.425897e-004
1.989533e+000 1.994766e+000 1.369427e-004
1.989743e+000 1.994871e+000 1.315199e-004
1.989948e+000 1.994974e+000 1.263121e-004
1.990149e+000 1.995074e+000 1.213116e-004
1.990346e+000 1.995173e+000 1.165076e-004
1.990539e+000 1.995269e+000 1.118932e-004
1.990728e+000 1.995364e+000 1.074626e-004
1.990914e+000 1.995456e+000 1.032059e-004
1.991095e+000 1.995547e+000 9.912019e-005
1.991273e+000 1.995636e+000 9.519498e-005
1.991448e+000 1.995724e+000 9.142553e-005
1.991619e+000 1.995809e+000 8.780514e-005
1.991787e+000 1.995893e+000 8.432837e-005
1.991951e+000 1.995975e+000 8.098898e-005
1.992112e+000 1.996055e+000 7.778288e-005
1.992270e+000 1.996134e+000 7.470325e-005
1.992424e+000 1.996212e+000 7.174451e-005
1.992576e+000 1.996288e+000 6.890307e-005
1.992724e+000 1.996362e+000 6.617368e-005
1.992870e+000 1.996435e+000 6.355298e-005
1.993012e+000 1.996506e+000 6.103687e-005
1.993152e+000 1.996576e+000 5.862054e-005
1.993289e+000 1.996644e+000 5.629941e-005
1.993423e+000 1.996711e+000 5.406984e-005
1.993555e+000 1.996777e+000 5.192910e-005
1.993684e+000 1.996842e+000 4.987301e-005
1.993810e+000 1.996905e+000 4.789755e-005
1.993934e+000 1.996967e+000 4.600033e-005
1.994055e+000 1.997027e+000 4.417829e-005
1.994174e+000 1.997087e+000 4.242918e-005
1.994290e+000 1.997145e+000 4.074942e-005
1.994405e+000 1.997202e+000 3.913560e-005
1.994517e+000 1.997258e+000 3.758575e-005
1.994626e+000 1.997313e+000 3.609732e-005
1.994734e+000 1.997367e+000 3.466719e-005
1.994839e+000 1.997419e+000 3.329366e-005
1.994942e+000 1.997471e+000 3.197501e-005
1.995044e+000 1.997522e+000 3.070842e-005
1.995143e+000 1.997571e+000 2.949172e-005
1.995240e+000 1.997620e+000 2.832402e-005
1.995335e+000 1.997667e+000 2.720215e-005
1.995429e+000 1.997714e+000 2.612474e-005
1.995520e+000 1.997760e+000 2.508992e-005
1.995610e+000 1.997804e+000 2.409590e-005
1.995697e+000 1.997848e+000 2.314145e-005
1.995784e+000 1.997891e+000 2.222489e-005
1.995868e+000 1.997934e+000 2.134507e-005
1.995950e+000 1.997975e+000 2.049991e-005
1.996031e+000 1.998015e+000 1.968838e-005
1.996111e+000 1.998055e+000 1.890853e-005
1.996189e+000 1.998094e+000 1.816035e-005
1.996265e+000 1.998132e+000 1.744151e-005
1.996339e+000 1.998169e+000 1.675071e-005
1.996413e+000 1.998206e+000 1.608756e-005
1.996484e+000 1.998242e+000 1.545036e-005
1.996555e+000 1.998277e+000 1.483836e-005
1.996624e+000 1.998312e+000 1.425080e-005
1.996691e+000 1.998345e+000 1.368695e-005
1.996757e+000 1.998378e+000 1.314490e-005
1.996822e+000 1.998411e+000 1.262442e-005
1.996886e+000 1.998443e+000 1.212447e-005
1.996948e+000 1.998474e+000 1.164481e-005
1.997009e+000 1.998504e+000 1.118374e-005
1.997069e+000 1.998534e+000 1.074071e-005
1.997127e+000 1.998564e+000 1.031520e-005
1.997185e+000 1.998592e+000 9.906681e-006
1.997241e+000 1.998620e+000 9.514633e-006
1.997296e+000 1.998648e+000 9.137912e-006
1.997350e+000 1.998675e+000 8.775747e-006
1.997404e+000 1.998701e+000 8.428024e-006
1.997455e+000 1.998727e+000 8.094001e-006
1.997506e+000 1.998753e+000 7.773568e-006
1.997556e+000 1.998778e+000 7.466014e-006
1.997605e+000 1.998802e+000 7.170377e-006
1.997653e+000 1.998826e+000 6.886307e-006
1.997700e+000 1.998850e+000 6.613461e-006
1.997746e+000 1.998873e+000 6.351504e-006
1.997791e+000 1.998895e+000 6.100105e-006
1.997835e+000 1.998917e+000 5.858427e-006
1.997879e+000 1.998939e+000 5.626438e-006
1.997921e+000 1.998960e+000 5.403597e-006
1.997963e+000 1.998981e+000 5.189629e-006
1.998003e+000 1.999001e+000 4.984029e-006
1.998043e+000 1.999021e+000 4.786550e-006
1.998082e+000 1.999041e+000 4.597176e-006
1.998121e+000 1.999060e+000 4.414985e-006
1.998158e+000 1.999079e+000 4.240208e-006
1.998195e+000 1.999097e+000 4.072188e-006
1.998231e+000 1.999115e+000 3.910938e-006
1.998267e+000 1.999133e+000 3.756044e-006
1.998301e+000 1.999150e+000 3.607317e-006
1.998335e+000 1.999167e+000 3.464372e-006
1.998369e+000 1.999184e+000 3.327234e-006
1.998401e+000 1.999200e+000 3.195342e-006
1.998433e+000 1.999216e+000 3.068918e-006
1.998465e+000 1.999232e+000 2.947426e-006
1.998495e+000 1.999247e+000 2.830539e-006
1.998525e+000 1.999262e+000 2.718654e-006
1.998555e+000 1.999277e+000 2.611092e-006
1.998584e+000 1.999292e+000 2.507895e-006
1.998612e+000 1.999306e+000 2.408433e-006
1.998640e+000 1.999320e+000 2.313092e-006
1.998667e+000 1.999333e+000 2.221582e-006
1.998694e+000 1.999346e+000 2.133477e-006
1.998720e+000 1.999360e+000 2.048985e-006
1.998745e+000 1.999372e+000 1.967845e-006
1.998770e+000 1.999385e+000 1.890103e-006
1.998795e+000 1.999397e+000 1.815364e-006
1.998819e+000 1.999409e+000 1.743541e-006
1.998843e+000 1.999421e+000 1.674546e-006
1.998866e+000 1.999433e+000 1.608296e-006
1.998888e+000 1.999444e+000 1.544709e-006
1.998911e+000 1.999455e+000 1.483702e-006
1.998932e+000 1.999466e+000 1.424942e-006
1.998954e+000 1.999477e+000 1.368492e-006
1.998975e+000 1.999487e+000 1.314160e-006
1.998995e+000 1.999497e+000 1.262127e-006
1.999015e+000 1.999507e+000 1.212083e-006
1.999035e+000 1.999517e+000 1.164087e-006
1.999054e+000 1.999527e+000 1.117962e-006
1.999073e+000 1.999536e+000 1.073653e-006
1.999092e+000 1.999546e+000 1.031214e-006
1.999110e+000 1.999555e+000 9.904802e-007
1.999128e+000 1.999564e+000 9.512946e-007
1.999145e+000 1.999572e+000 9.137151e-007
1.999162e+000 1.999581e+000 8.775919e-007
1.999179e+000 1.999589e+000 8.427845e-007
1.999195e+000 1.999597e+000 8.093527e-007
1.999212e+000 1.999606e+000 7.772553e-007
1.999227e+000 1.999613e+000 7.465441e-007
1.999243e+000 1.999621e+000 7.169033e-007
1.999258e+000 1.999629e+000 6.884821e-007
1.999273e+000 1.999636e+000 6.613292e-007
1.999287e+000 1.999643e+000 6.351473e-007
1.999302e+000 1.999651e+000 6.099106e-007
1.999316e+000 1.999658e+000 5.857565e-007
1.999329e+000 1.999664e+000 5.625701e-007
1.999343e+000 1.999671e+000 5.402438e-007
1.999356e+000 1.999678e+000 5.189070e-007
1.999369e+000 1.999684e+000 4.983763e-007
1.999381e+000 1.999690e+000 4.786288e-007
1.999394e+000 1.999697e+000 4.596419e-007
1.999406e+000 1.999703e+000 4.413933e-007
1.999418e+000 1.999709e+000 4.238614e-007
1.999429e+000 1.999714e+000 4.070247e-007
1.999441e+000 1.999720e+000 3.908626e-007
1.999452e+000 1.999726e+000 3.753544e-007
1.999463e+000 1.999731e+000 3.604801e-007
1.999474e+000 1.999737e+000 3.462202e-007
1.999484e+000 1.999742e+000 3.325553e-007
1.999495e+000 1.999747e+000 3.193464e-007
1.999505e+000 1.999752e+000 3.067003e-007
1.999515e+000 1.999757e+000 2.945411e-007
1.999524e+000 1.999762e+000 2.829112e-007
1.999534e+000 1.999767e+000 2.716824e-007
1.999543e+000 1.999771e+000 2.609532e-007
1.999552e+000 1.999776e+000 2.506003e-007
1.999561e+000 1.999780e+000 2.406660e-007
1.999570e+000 1.999785e+000 2.310864e-007
1.999579e+000 1.999789e+000 2.219525e-007
1.999587e+000 1.999793e+000 2.131504e-007
1.999595e+000 1.999797e+000 2.047193e-007
1.999604e+000 1.999802e+000 1.966001e-007
1.999611e+000 1.999805e+000 1.887842e-007
1.999619e+000 1.999809e+000 1.813083e-007
1.999627e+000 1.999813e+000 1.741169e-007
1.999634e+000 1.999817e+000 1.672019e-007
1.999642e+000 1.999821e+000 1.605977e-007
1.999649e+000 1.999824e+000 1.542523e-007
1.999656e+000 1.999828e+000 1.481579e-007
1.999663e+000 1.999831e+000 1.422667e-007
1.999670e+000 1.999834e+000 1.366133e-007
1.999676e+000 1.999838e+000 1.312289e-007
1.999683e+000 1.999841e+000 1.260663e-007
1.999689e+000 1.999844e+000 1.210814e-007
1.999695e+000 1.999847e+000 1.163063e-007
1.999701e+000 1.999850e+000 1.116984e-007
1.999707e+000 1.999853e+000 1.072884e-007
1.999713e+000 1.999856e+000 1.030356e-007
1.999719e+000 1.999859e+000 9.896952e-008
1.999724e+000 1.999862e+000 9.505098e-008
1.999730e+000 1.999865e+000 9.130822e-008
1.999735e+000 1.999868e+000 8.770378e-008
1.999740e+000 1.999870e+000 8.426476e-008
1.999746e+000 1.999873e+000 8.089451e-008
1.999751e+000 1.999875e+000 7.768217e-008
1.999756e+000 1.999878e+000 7.459315e-008
1.999761e+000 1.999880e+000 7.165239e-008
1.999765e+000 1.999883e+000 6.882671e-008
1.999770e+000 1.999885e+000 6.611268e-008
1.999775e+000 1.999887e+000 6.348012e-008
1.999779e+000 1.999889e+000 6.095367e-008
1.999784e+000 1.999892e+000 5.853009e-008
1.999788e+000 1.999894e+000 5.623151e-008
1.999792e+000 1.999896e+000 5.397898e-008
1.999796e+000 1.999898e+000 5.184530e-008
1.999800e+000 1.999900e+000 4.980222e-008
1.999804e+000 1.999902e+000 4.784684e-008
1.999808e+000 1.999904e+000 4.595348e-008
1.999812e+000 1.999906e+000 4.414314e-008
1.999816e+000 1.999908e+000 4.236917e-008
1.999820e+000 1.999910e+000 4.069609e-008
1.999823e+000 1.999911e+000 3.909886e-008
1.999827e+000 1.999913e+000 3.753361e-008
1.999830e+000 1.999915e+000 3.604079e-008
1.999834e+000 1.999917e+000 3.463778e-008
1.999837e+000 1.999918e+000 3.326262e-008
1.999840e+000 1.999920e+000 3.195342e-008
1.999843e+000 1.999922e+000 3.068919e-008
1.999846e+000 1.999923e+000 2.948708e-008
1.999850e+000 1.999925e+000 2.830899e-008
1.999853e+000 1.999926e+000 2.719005e-008
1.999856e+000 1.999928e+000 2.611092e-008
1.999858e+000 1.999929e+000 2.508740e-008
1.999861e+000 1.999931e+000 2.408434e-008
1.999864e+000 1.999932e+000 2.313416e-008
1.999867e+000 1.999933e+000 2.221901e-008
1.999869e+000 1.999935e+000 2.135347e-008
1.999872e+000 1.999936e+000 2.050513e-008
1.999874e+000 1.999937e+000 1.970389e-008
1.999877e+000 1.999938e+000 1.891863e-008
1.999879e+000 1.999940e+000 1.816370e-008
1.999882e+000 1.999941e+000 1.745231e-008
1.999884e+000 1.999942e+000 1.675512e-008
1.999887e+000 1.999943e+000 1.609919e-008
1.999889e+000 1.999944e+000 1.545637e-008
1.999891e+000 1.999946e+000 1.483961e-008
1.999893e+000 1.999947e+000 1.426088e-008
1.999895e+000 1.999948e+000 1.369365e-008
1.999897e+000 1.999949e+000 1.313794e-008
1.999900e+000 1.999950e+000 1.261768e-008
1.999902e+000 1.999951e+000 1.211966e-008
1.999904e+000 1.999952e+000 1.163167e-008
1.999905e+000 1.999953e+000 1.117624e-008
1.999907e+000 1.999954e+000 1.072991e-008
1.999909e+000 1.999955e+000 1.029267e-008
1.999911e+000 1.999956e+000 9.885710e-009
1.999913e+000 1.999956e+000 9.497356e-009
1.999915e+000 1.999957e+000 9.116789e-009
1.999916e+000 1.999958e+000 8.763948e-009
1.999918e+000 1.999959e+000 8.418070e-009
1.999920e+000 1.999960e+000 8.079155e-009
1.999921e+000 1.999961e+000 7.765976e-009
1.999923e+000 1.999961e+000 7.458993e-009
1.999924e+000 1.999962e+000 7.167230e-009
1.999926e+000 1.999963e+000 6.881294e-009
1.999927e+000 1.999964e+000 6.618507e-009
1.999929e+000 1.999964e+000 6.360835e-009
1.999930e+000 1.999965e+000 6.108280e-009
1.999932e+000 1.999966e+000 5.860841e-009
1.999933e+000 1.999966e+000 5.634504e-009
1.999934e+000 1.999967e+000 5.412630e-009
1.999936e+000 1.999968e+000 5.195218e-009
1.999937e+000 1.999968e+000 4.989786e-009
1.999938e+000 1.999969e+000 4.788504e-009
1.999939e+000 1.999970e+000 4.605823e-009
1.999941e+000 1.999970e+000 4.426695e-009
1.999942e+000 1.999971e+000 4.251120e-009
1.999943e+000 1.999971e+000 4.079098e-009
1.999944e+000 1.999972e+000 3.910628e-009
1.999945e+000 1.999973e+000 3.758771e-009
1.999946e+000 1.999973e+000 3.609927e-009
1.999947e+000 1.999974e+000 3.470362e-009
1.999948e+000 1.999974e+000 3.333554e-009
1.999949e+000 1.999975e+000 3.199503e-009
1.999950e+000 1.999975e+000 3.080018e-009
1.999951e+000 1.999976e+000 2.962807e-009
1.999952e+000 1.999976e+000 2.847869e-009
1.999953e+000 1.999977e+000 2.735206e-009
1.999954e+000 1.999977e+000 2.624816e-009
1.999955e+000 1.999977e+000 2.516700e-009
1.999956e+000 1.999978e+000 2.410857e-009
1.999957e+000 1.999978e+000 2.317535e-009
1.999958e+000 1.999979e+000 2.226059e-009
1.999959e+000 1.999979e+000 2.136431e-009
1.999959e+000 1.999980e+000 2.053469e-009
1.999960e+000 1.999980e+000 1.972154e-009
1.999961e+000 1.999980e+000 1.892488e-009
1.999962e+000 1.999981e+000 1.814470e-009
1.999963e+000 1.999981e+000 1.746983e-009
1.999963e+000 1.999982e+000 1.680775e-009
1.999964e+000 1.999982e+000 1.615845e-009
1.999965e+000 1.999982e+000 1.552195e-009
1.999966e+000 1.999983e+000 1.489823e-009
1.999966e+000 1.999983e+000 1.428731e-009
1.999967e+000 1.999983e+000 1.368917e-009
1.999968e+000 1.999984e+000 1.310383e-009
1.999968e+000 1.999984e+000 1.260673e-009
1.999969e+000 1.999984e+000 1.211930e-009
1.999969e+000 1.999985e+000 1.164153e-009
1.999970e+000 1.999985e+000 1.117343e-009
1.999971e+000 1.999985e+000 1.071498e-009
1.999971e+000 1.999986e+000 1.030017e-009
1.999972e+000 1.999986e+000 9.893597e-010
1.999972e+000 1.999986e+000 9.495267e-010
1.999973e+000 1.999986e+000 9.105179e-010
1.999974e+000 1.999987e+000 8.723333e-010
1.999974e+000 1.999987e+000 8.411263e-010
1.999975e+000 1.999987e+000 8.104877e-010
1.999975e+000 1.999987e+000 7.804175e-010
1.999976e+000 1.999988e+000 7.509158e-010
1.999976e+000 1.999988e+000 7.219825e-010
1.999977e+000 1.999988e+000 6.936176e-010
1.999977e+000 1.999988e+000 6.658212e-010
1.999977e+000 1.999989e+000 6.385932e-010
1.999978e+000 1.999989e+000 6.119336e-010
1.999978e+000 1.999989e+000 5.858425e-010
1.999979e+000 1.999989e+000 5.603198e-010
1.999979e+000 1.999990e+000 5.353655e-010
1.999980e+000 1.999990e+000 5.157972e-010
1.999980e+000 1.999990e+000 4.965983e-010
1.999980e+000 1.999990e+000 4.777689e-010
1.999981e+000 1.999990e+000 4.593090e-010
1.999981e+000 1.999991e+000 4.412186e-010
1.999982e+000 1.999991e+000 4.234977e-010
1.999982e+000 1.999991e+000 4.061462e-010
1.999982e+000 1.999991e+000 3.912248e-010
1.999983e+000 1.999991e+000 3.765876e-010
1.999983e+000 1.999992e+000 3.622347e-010
1.999983e+000 1.999992e+000 3.481659e-010
1.999984e+000 1.999992e+000 3.343814e-010
1.999984e+000 1.999992e+000 3.208811e-010
1.999984e+000 1.999992e+000 3.076650e-010
1.999985e+000 1.999992e+000 2.947331e-010
1.999985e+000 1.999992e+000 2.820855e-010
1.999985e+000 1.999992e+000 2.732037e-010
1.999986e+000 1.999992e+000 2.644640e-010
1.999986e+000 1.999993e+000 2.558664e-010
1.999986e+000 1.999993e+000 2.474110e-010
1.999986e+000 1.999993e+000 2.390976e-010
1.999987e+000 1.999993e+000 2.309264e-010
1.999987e+000 1.999993e+000 2.228973e-010
1.999987e+000 1.999993e+000 2.150102e-010
1.999987e+000 1.999993e+000 2.072653e-010
1.999987e+000 1.999993e+000 1.996625e-010
1.999988e+000 1.999994e+000 1.922018e-010
1.999988e+000 1.999994e+000 1.848832e-010
1.999988e+000 1.999994e+000 1.777067e-010
1.999988e+000 1.999994e+000 1.706724e-010
1.999989e+000 1.999994e+000 1.637801e-010
1.999989e+000 1.999994e+000 1.570299e-010
1.999989e+000 1.999994e+000 1.504219e-010
1.999989e+000 1.999994e+000 1.439560e-010
1.999990e+000 1.999995e+000 1.376321e-010
1.999990e+000 1.999995e+000 1.314504e-010
1.999990e+000 1.999995e+000 1.254108e-010
1.999990e+000 1.999995e+000 1.195133e-010
1.999991e+000 1.999995e+000 1.137579e-010
1.999991e+000 1.999995e+000 1.081446e-010
1.999991e+000 1.999995e+000 1.026734e-010
1.999991e+000 1.999995e+000 9.943335e-011
1.999991e+000 1.999995e+000 9.625012e-011
1.999991e+000 1.999996e+000 9.312373e-011
1.999992e+000 1.999996e+000 9.005419e-011
1.999992e+000 1.999996e+000 8.704149e-011
1.999992e+000 1.999996e+000 8.408563e-011
1.999992e+000 1.999996e+000 8.118661e-011
1.999992e+000 1.999996e+000 7.834444e-011
1.999992e+000 1.999996e+000 7.555911e-011
1.999992e+000 1.999996e+000 7.283063e-011
1.999992e+000 1.999997e+000 7.015899e-011
1.999992e+000 1.999997e+000 6.754419e-011
1.999993e+000 1.999997e+000 6.498624e-011
1.999993e+000 1.999997e+000 6.248513e-011
1.999993e+000 1.999997e+000 6.004086e-011
1.999993e+000 1.999997e+000 5.834977e-011
1.999993e+000 1.999997e+000 5.668710e-011
1.999993e+000 1.999997e+000 5.505285e-011
1.999993e+000 1.999997e+000 5.344702e-011
1.999993e+000 1.999997e+000 5.186962e-011
1.999994e+000 1.999997e+000 5.032064e-011
1.999994e+000 1.999997e+000 4.880008e-011
1.999994e+000 1.999997e+000 4.730794e-011
1.999994e+000 1.999997e+000 4.584422e-011
1.999994e+000 1.999997e+000 4.440892e-011
1.999994e+000 1.999997e+000 4.300205e-011
1.999994e+000 1.999997e+000 4.162359e-011
1.999994e+000 1.999997e+000 3.957723e-011
1.999995e+000 1.999997e+000 3.825562e-011
1.999995e+000 1.999997e+000 3.696243e-011
1.999995e+000 1.999997e+000 3.569767e-011
1.999995e+000 1.999997e+000 3.446132e-011
1.999995e+000 1.999997e+000 3.325340e-011
1.999995e+000 1.999997e+000 3.207390e-011

steps = 643
